-7.49    -0.38599998    0.2
-7.4996    0.0004    0.2
-7.49    0.3868    0.2
-7.4596    0.7716    0.2
-7.41    1.1547999    0.2
-7.3412    1.5347999    0.2
-7.2524    1.9108    0.2
-7.1443996    2.2812    0.2
-7.0172    2.646    0.2
-6.8715997    3.0036    0.2
-6.7084    3.3539999    0.2
-6.5267997    3.6948    0.2
-6.3276    4.026    0.2
-6.1124    4.3459997    0.2
-5.8803997    4.6548    0.2
-5.6331997    4.9516    0.2
-5.3708    5.2348    0.2
-5.094    5.5044    0.2
-4.8044    5.7595997    0.2
-4.5011997    5.9988    0.2
-4.1868    6.2228    0.2
-3.8604    6.43    0.2
-3.5244    6.6204    0.2
-3.1787999    6.7932    0.2
-2.8251998    6.9476    0.2
-2.4636    7.0843997    0.2
-2.0956    7.2012    0.2
-1.722    7.2995996    0.2
-1.3443999    7.3788    0.2
-0.96279997    7.4379997    0.2
-0.57879996    7.4779997    0.2
-0.1924    7.4979997    0.2
0.19319999    7.4979997    0.2
0.5796    7.4779997    0.2
0.9636    7.4379997    0.2
1.3452    7.3788    0.2
1.7227999    7.2995996    0.2
2.0964    7.2012    0.2
2.4644    7.0843997    0.2
2.826    6.9476    0.2
3.1796    6.7932    0.2
3.5252    6.6204    0.2
3.8611999    6.43    0.2
4.1875997    6.2228    0.2
4.502    5.9988    0.2
4.8052    5.7595997    0.2
5.0948    5.5044    0.2
5.3715997    5.2348    0.2
5.634    4.9516    0.2
5.8812    4.6548    0.2
6.1131997    4.3459997    0.2
6.3283997    4.026    0.2
6.5276    3.6948    0.2
6.7092    3.3539999    0.2
6.8724    3.0036    0.2
7.0179996    2.646    0.2
7.1452    2.2812    0.2
7.2532    1.9108    0.2
7.342    1.5347999    0.2
7.4108    1.1547999    0.2
7.4603996    0.7716    0.2
7.4908    0.3868    0.2
7.5003996    0.0004    0.2
7.4908    -0.38599998    0.2
7.4603996    -0.7708    0.2
7.4108    -1.1539999    0.2
7.342    -1.5339999    0.2
7.2532    -1.91    0.2
7.1452    -2.2804    0.2
7.0179996    -2.6452    0.2
6.8724    -3.0028    0.2
6.7092    -3.3532    0.2
6.5276    -3.694    0.2
6.3283997    -4.0252    0.2
6.1131997    -4.3452    0.2
5.8812    -4.654    0.2
5.634    -4.9508    0.2
5.3715997    -5.2339997    0.2
5.0948    -5.5035996    0.2
4.8052    -5.7588    0.2
4.502    -5.9979997    0.2
4.1875997    -6.2219996    0.2
3.8611999    -6.4291997    0.2
3.5252    -6.6196    0.2
3.1796    -6.7924    0.2
2.826    -6.9467998    0.2
2.4644    -7.0836    0.2
2.0964    -7.2004    0.2
1.7227999    -7.2988    0.2
1.3452    -7.378    0.2
0.9636    -7.4371996    0.2
0.5796    -7.4772    0.2
0.19319999    -7.4972    0.2
-0.1924    -7.4972    0.2
-0.57879996    -7.4772    0.2
-0.96279997    -7.4371996    0.2
-1.3443999    -7.378    0.2
-1.722    -7.2988    0.2
-2.0956    -7.2004    0.2
-2.4636    -7.0836    0.2
-2.8251998    -6.9467998    0.2
-3.1787999    -6.7924    0.2
-3.5244    -6.6196    0.2
-3.8604    -6.4291997    0.2
-4.1868    -6.2219996    0.2
-4.5011997    -5.9979997    0.2
-4.8044    -5.7588    0.2
-5.094    -5.5035996    0.2
-5.3708    -5.2339997    0.2
-5.6331997    -4.9508    0.2
-5.8803997    -4.654    0.2
-6.1124    -4.3452    0.2
-6.3276    -4.0252    0.2
-6.5267997    -3.694    0.2
-6.7084    -3.3532    0.2
-6.8715997    -3.0028    0.2
-7.0172    -2.6452    0.2
-7.1443996    -2.2804    0.2
-7.2524    -1.91    0.2
-7.3412    -1.5339999    0.2
-7.41    -1.1539999    0.2
-7.4596    -0.7708    0.2
-7.49    -0.38599998    0.4
-7.4996    0.0004    0.4
-7.49    0.3868    0.4
-7.4596    0.7716    0.4
-7.41    1.1547999    0.4
-7.3412    1.5347999    0.4
-7.2524    1.9108    0.4
-7.1443996    2.2812    0.4
-7.0172    2.646    0.4
-6.8715997    3.0036    0.4
-6.7084    3.3539999    0.4
-6.5267997    3.6948    0.4
-6.3276    4.026    0.4
-6.1124    4.3459997    0.4
-5.8803997    4.6548    0.4
-5.6331997    4.9516    0.4
-5.3708    5.2348    0.4
-5.094    5.5044    0.4
-4.8044    5.7595997    0.4
-4.5011997    5.9988    0.4
-4.1868    6.2228    0.4
-3.8604    6.43    0.4
-3.5244    6.6204    0.4
-3.1787999    6.7932    0.4
-2.8251998    6.9476    0.4
-2.4636    7.0843997    0.4
-2.0956    7.2012    0.4
-1.722    7.2995996    0.4
-1.3443999    7.3788    0.4
-0.96279997    7.4379997    0.4
-0.57879996    7.4779997    0.4
-0.1924    7.4979997    0.4
0.19319999    7.4979997    0.4
0.5796    7.4779997    0.4
0.9636    7.4379997    0.4
1.3452    7.3788    0.4
1.7227999    7.2995996    0.4
2.0964    7.2012    0.4
2.4644    7.0843997    0.4
2.826    6.9476    0.4
3.1796    6.7932    0.4
3.5252    6.6204    0.4
3.8611999    6.43    0.4
4.1875997    6.2228    0.4
4.502    5.9988    0.4
4.8052    5.7595997    0.4
5.0948    5.5044    0.4
5.3715997    5.2348    0.4
5.634    4.9516    0.4
5.8812    4.6548    0.4
6.1131997    4.3459997    0.4
6.3283997    4.026    0.4
6.5276    3.6948    0.4
6.7092    3.3539999    0.4
6.8724    3.0036    0.4
7.0179996    2.646    0.4
7.1452    2.2812    0.4
7.2532    1.9108    0.4
7.342    1.5347999    0.4
7.4108    1.1547999    0.4
7.4603996    0.7716    0.4
7.4908    0.3868    0.4
7.5003996    0.0004    0.4
7.4908    -0.38599998    0.4
7.4603996    -0.7708    0.4
7.4108    -1.1539999    0.4
7.342    -1.5339999    0.4
7.2532    -1.91    0.4
7.1452    -2.2804    0.4
7.0179996    -2.6452    0.4
6.8724    -3.0028    0.4
6.7092    -3.3532    0.4
6.5276    -3.694    0.4
6.3283997    -4.0252    0.4
6.1131997    -4.3452    0.4
5.8812    -4.654    0.4
5.634    -4.9508    0.4
5.3715997    -5.2339997    0.4
5.0948    -5.5035996    0.4
4.8052    -5.7588    0.4
4.502    -5.9979997    0.4
4.1875997    -6.2219996    0.4
3.8611999    -6.4291997    0.4
3.5252    -6.6196    0.4
3.1796    -6.7924    0.4
2.826    -6.9467998    0.4
2.4644    -7.0836    0.4
2.0964    -7.2004    0.4
1.7227999    -7.2988    0.4
1.3452    -7.378    0.4
0.9636    -7.4371996    0.4
0.5796    -7.4772    0.4
0.19319999    -7.4972    0.4
-0.1924    -7.4972    0.4
-0.57879996    -7.4772    0.4
-0.96279997    -7.4371996    0.4
-1.3443999    -7.378    0.4
-1.722    -7.2988    0.4
-2.0956    -7.2004    0.4
-2.4636    -7.0836    0.4
-2.8251998    -6.9467998    0.4
-3.1787999    -6.7924    0.4
-3.5244    -6.6196    0.4
-3.8604    -6.4291997    0.4
-4.1868    -6.2219996    0.4
-4.5011997    -5.9979997    0.4
-4.8044    -5.7588    0.4
-5.094    -5.5035996    0.4
-5.3708    -5.2339997    0.4
-5.6331997    -4.9508    0.4
-5.8803997    -4.654    0.4
-6.1124    -4.3452    0.4
-6.3276    -4.0252    0.4
-6.5267997    -3.694    0.4
-6.7084    -3.3532    0.4
-6.8715997    -3.0028    0.4
-7.0172    -2.6452    0.4
-7.1443996    -2.2804    0.4
-7.2524    -1.91    0.4
-7.3412    -1.5339999    0.4
-7.41    -1.1539999    0.4
-7.4596    -0.7708    0.4
-7.49    -0.38599998    0.6000000000000001
-7.4996    0.0004    0.6000000000000001
-7.49    0.3868    0.6000000000000001
-7.4596    0.7716    0.6000000000000001
-7.41    1.1547999    0.6000000000000001
-7.3412    1.5347999    0.6000000000000001
-7.2524    1.9108    0.6000000000000001
-7.1443996    2.2812    0.6000000000000001
-7.0172    2.646    0.6000000000000001
-6.8715997    3.0036    0.6000000000000001
-6.7084    3.3539999    0.6000000000000001
-6.5267997    3.6948    0.6000000000000001
-6.3276    4.026    0.6000000000000001
-6.1124    4.3459997    0.6000000000000001
-5.8803997    4.6548    0.6000000000000001
-5.6331997    4.9516    0.6000000000000001
-5.3708    5.2348    0.6000000000000001
-5.094    5.5044    0.6000000000000001
-4.8044    5.7595997    0.6000000000000001
-4.5011997    5.9988    0.6000000000000001
-4.1868    6.2228    0.6000000000000001
-3.8604    6.43    0.6000000000000001
-3.5244    6.6204    0.6000000000000001
-3.1787999    6.7932    0.6000000000000001
-2.8251998    6.9476    0.6000000000000001
-2.4636    7.0843997    0.6000000000000001
-2.0956    7.2012    0.6000000000000001
-1.722    7.2995996    0.6000000000000001
-1.3443999    7.3788    0.6000000000000001
-0.96279997    7.4379997    0.6000000000000001
-0.57879996    7.4779997    0.6000000000000001
-0.1924    7.4979997    0.6000000000000001
0.19319999    7.4979997    0.6000000000000001
0.5796    7.4779997    0.6000000000000001
0.9636    7.4379997    0.6000000000000001
1.3452    7.3788    0.6000000000000001
1.7227999    7.2995996    0.6000000000000001
2.0964    7.2012    0.6000000000000001
2.4644    7.0843997    0.6000000000000001
2.826    6.9476    0.6000000000000001
3.1796    6.7932    0.6000000000000001
3.5252    6.6204    0.6000000000000001
3.8611999    6.43    0.6000000000000001
4.1875997    6.2228    0.6000000000000001
4.502    5.9988    0.6000000000000001
4.8052    5.7595997    0.6000000000000001
5.0948    5.5044    0.6000000000000001
5.3715997    5.2348    0.6000000000000001
5.634    4.9516    0.6000000000000001
5.8812    4.6548    0.6000000000000001
6.1131997    4.3459997    0.6000000000000001
6.3283997    4.026    0.6000000000000001
6.5276    3.6948    0.6000000000000001
6.7092    3.3539999    0.6000000000000001
6.8724    3.0036    0.6000000000000001
7.0179996    2.646    0.6000000000000001
7.1452    2.2812    0.6000000000000001
7.2532    1.9108    0.6000000000000001
7.342    1.5347999    0.6000000000000001
7.4108    1.1547999    0.6000000000000001
7.4603996    0.7716    0.6000000000000001
7.4908    0.3868    0.6000000000000001
7.5003996    0.0004    0.6000000000000001
7.4908    -0.38599998    0.6000000000000001
7.4603996    -0.7708    0.6000000000000001
7.4108    -1.1539999    0.6000000000000001
7.342    -1.5339999    0.6000000000000001
7.2532    -1.91    0.6000000000000001
7.1452    -2.2804    0.6000000000000001
7.0179996    -2.6452    0.6000000000000001
6.8724    -3.0028    0.6000000000000001
6.7092    -3.3532    0.6000000000000001
6.5276    -3.694    0.6000000000000001
6.3283997    -4.0252    0.6000000000000001
6.1131997    -4.3452    0.6000000000000001
5.8812    -4.654    0.6000000000000001
5.634    -4.9508    0.6000000000000001
5.3715997    -5.2339997    0.6000000000000001
5.0948    -5.5035996    0.6000000000000001
4.8052    -5.7588    0.6000000000000001
4.502    -5.9979997    0.6000000000000001
4.1875997    -6.2219996    0.6000000000000001
3.8611999    -6.4291997    0.6000000000000001
3.5252    -6.6196    0.6000000000000001
3.1796    -6.7924    0.6000000000000001
2.826    -6.9467998    0.6000000000000001
2.4644    -7.0836    0.6000000000000001
2.0964    -7.2004    0.6000000000000001
1.7227999    -7.2988    0.6000000000000001
1.3452    -7.378    0.6000000000000001
0.9636    -7.4371996    0.6000000000000001
0.5796    -7.4772    0.6000000000000001
0.19319999    -7.4972    0.6000000000000001
-0.1924    -7.4972    0.6000000000000001
-0.57879996    -7.4772    0.6000000000000001
-0.96279997    -7.4371996    0.6000000000000001
-1.3443999    -7.378    0.6000000000000001
-1.722    -7.2988    0.6000000000000001
-2.0956    -7.2004    0.6000000000000001
-2.4636    -7.0836    0.6000000000000001
-2.8251998    -6.9467998    0.6000000000000001
-3.1787999    -6.7924    0.6000000000000001
-3.5244    -6.6196    0.6000000000000001
-3.8604    -6.4291997    0.6000000000000001
-4.1868    -6.2219996    0.6000000000000001
-4.5011997    -5.9979997    0.6000000000000001
-4.8044    -5.7588    0.6000000000000001
-5.094    -5.5035996    0.6000000000000001
-5.3708    -5.2339997    0.6000000000000001
-5.6331997    -4.9508    0.6000000000000001
-5.8803997    -4.654    0.6000000000000001
-6.1124    -4.3452    0.6000000000000001
-6.3276    -4.0252    0.6000000000000001
-6.5267997    -3.694    0.6000000000000001
-6.7084    -3.3532    0.6000000000000001
-6.8715997    -3.0028    0.6000000000000001
-7.0172    -2.6452    0.6000000000000001
-7.1443996    -2.2804    0.6000000000000001
-7.2524    -1.91    0.6000000000000001
-7.3412    -1.5339999    0.6000000000000001
-7.41    -1.1539999    0.6000000000000001
-7.4596    -0.7708    0.6000000000000001
-7.49    -0.38599998    0.8
-7.4996    0.0004    0.8
-7.49    0.3868    0.8
-7.4596    0.7716    0.8
-7.41    1.1547999    0.8
-7.3412    1.5347999    0.8
-7.2524    1.9108    0.8
-7.1443996    2.2812    0.8
-7.0172    2.646    0.8
-6.8715997    3.0036    0.8
-6.7084    3.3539999    0.8
-6.5267997    3.6948    0.8
-6.3276    4.026    0.8
-6.1124    4.3459997    0.8
-5.8803997    4.6548    0.8
-5.6331997    4.9516    0.8
-5.3708    5.2348    0.8
-5.094    5.5044    0.8
-4.8044    5.7595997    0.8
-4.5011997    5.9988    0.8
-4.1868    6.2228    0.8
-3.8604    6.43    0.8
-3.5244    6.6204    0.8
-3.1787999    6.7932    0.8
-2.8251998    6.9476    0.8
-2.4636    7.0843997    0.8
-2.0956    7.2012    0.8
-1.722    7.2995996    0.8
-1.3443999    7.3788    0.8
-0.96279997    7.4379997    0.8
-0.57879996    7.4779997    0.8
-0.1924    7.4979997    0.8
0.19319999    7.4979997    0.8
0.5796    7.4779997    0.8
0.9636    7.4379997    0.8
1.3452    7.3788    0.8
1.7227999    7.2995996    0.8
2.0964    7.2012    0.8
2.4644    7.0843997    0.8
2.826    6.9476    0.8
3.1796    6.7932    0.8
3.5252    6.6204    0.8
3.8611999    6.43    0.8
4.1875997    6.2228    0.8
4.502    5.9988    0.8
4.8052    5.7595997    0.8
5.0948    5.5044    0.8
5.3715997    5.2348    0.8
5.634    4.9516    0.8
5.8812    4.6548    0.8
6.1131997    4.3459997    0.8
6.3283997    4.026    0.8
6.5276    3.6948    0.8
6.7092    3.3539999    0.8
6.8724    3.0036    0.8
7.0179996    2.646    0.8
7.1452    2.2812    0.8
7.2532    1.9108    0.8
7.342    1.5347999    0.8
7.4108    1.1547999    0.8
7.4603996    0.7716    0.8
7.4908    0.3868    0.8
7.5003996    0.0004    0.8
7.4908    -0.38599998    0.8
7.4603996    -0.7708    0.8
7.4108    -1.1539999    0.8
7.342    -1.5339999    0.8
7.2532    -1.91    0.8
7.1452    -2.2804    0.8
7.0179996    -2.6452    0.8
6.8724    -3.0028    0.8
6.7092    -3.3532    0.8
6.5276    -3.694    0.8
6.3283997    -4.0252    0.8
6.1131997    -4.3452    0.8
5.8812    -4.654    0.8
5.634    -4.9508    0.8
5.3715997    -5.2339997    0.8
5.0948    -5.5035996    0.8
4.8052    -5.7588    0.8
4.502    -5.9979997    0.8
4.1875997    -6.2219996    0.8
3.8611999    -6.4291997    0.8
3.5252    -6.6196    0.8
3.1796    -6.7924    0.8
2.826    -6.9467998    0.8
2.4644    -7.0836    0.8
2.0964    -7.2004    0.8
1.7227999    -7.2988    0.8
1.3452    -7.378    0.8
0.9636    -7.4371996    0.8
0.5796    -7.4772    0.8
0.19319999    -7.4972    0.8
-0.1924    -7.4972    0.8
-0.57879996    -7.4772    0.8
-0.96279997    -7.4371996    0.8
-1.3443999    -7.378    0.8
-1.722    -7.2988    0.8
-2.0956    -7.2004    0.8
-2.4636    -7.0836    0.8
-2.8251998    -6.9467998    0.8
-3.1787999    -6.7924    0.8
-3.5244    -6.6196    0.8
-3.8604    -6.4291997    0.8
-4.1868    -6.2219996    0.8
-4.5011997    -5.9979997    0.8
-4.8044    -5.7588    0.8
-5.094    -5.5035996    0.8
-5.3708    -5.2339997    0.8
-5.6331997    -4.9508    0.8
-5.8803997    -4.654    0.8
-6.1124    -4.3452    0.8
-6.3276    -4.0252    0.8
-6.5267997    -3.694    0.8
-6.7084    -3.3532    0.8
-6.8715997    -3.0028    0.8
-7.0172    -2.6452    0.8
-7.1443996    -2.2804    0.8
-7.2524    -1.91    0.8
-7.3412    -1.5339999    0.8
-7.41    -1.1539999    0.8
-7.4596    -0.7708    0.8
-7.49    -0.38599998    1.0
-7.4996    0.0004    1.0
-7.49    0.3868    1.0
-7.4596    0.7716    1.0
-7.41    1.1547999    1.0
-7.3412    1.5347999    1.0
-7.2524    1.9108    1.0
-7.1443996    2.2812    1.0
-7.0172    2.646    1.0
-6.8715997    3.0036    1.0
-6.7084    3.3539999    1.0
-6.5267997    3.6948    1.0
-6.3276    4.026    1.0
-6.1124    4.3459997    1.0
-5.8803997    4.6548    1.0
-5.6331997    4.9516    1.0
-5.3708    5.2348    1.0
-5.094    5.5044    1.0
-4.8044    5.7595997    1.0
-4.5011997    5.9988    1.0
-4.1868    6.2228    1.0
-3.8604    6.43    1.0
-3.5244    6.6204    1.0
-3.1787999    6.7932    1.0
-2.8251998    6.9476    1.0
-2.4636    7.0843997    1.0
-2.0956    7.2012    1.0
-1.722    7.2995996    1.0
-1.3443999    7.3788    1.0
-0.96279997    7.4379997    1.0
-0.57879996    7.4779997    1.0
-0.1924    7.4979997    1.0
0.19319999    7.4979997    1.0
0.5796    7.4779997    1.0
0.9636    7.4379997    1.0
1.3452    7.3788    1.0
1.7227999    7.2995996    1.0
2.0964    7.2012    1.0
2.4644    7.0843997    1.0
2.826    6.9476    1.0
3.1796    6.7932    1.0
3.5252    6.6204    1.0
3.8611999    6.43    1.0
4.1875997    6.2228    1.0
4.502    5.9988    1.0
4.8052    5.7595997    1.0
5.0948    5.5044    1.0
5.3715997    5.2348    1.0
5.634    4.9516    1.0
5.8812    4.6548    1.0
6.1131997    4.3459997    1.0
6.3283997    4.026    1.0
6.5276    3.6948    1.0
6.7092    3.3539999    1.0
6.8724    3.0036    1.0
7.0179996    2.646    1.0
7.1452    2.2812    1.0
7.2532    1.9108    1.0
7.342    1.5347999    1.0
7.4108    1.1547999    1.0
7.4603996    0.7716    1.0
7.4908    0.3868    1.0
7.5003996    0.0004    1.0
7.4908    -0.38599998    1.0
7.4603996    -0.7708    1.0
7.4108    -1.1539999    1.0
7.342    -1.5339999    1.0
7.2532    -1.91    1.0
7.1452    -2.2804    1.0
7.0179996    -2.6452    1.0
6.8724    -3.0028    1.0
6.7092    -3.3532    1.0
6.5276    -3.694    1.0
6.3283997    -4.0252    1.0
6.1131997    -4.3452    1.0
5.8812    -4.654    1.0
5.634    -4.9508    1.0
5.3715997    -5.2339997    1.0
5.0948    -5.5035996    1.0
4.8052    -5.7588    1.0
4.502    -5.9979997    1.0
4.1875997    -6.2219996    1.0
3.8611999    -6.4291997    1.0
3.5252    -6.6196    1.0
3.1796    -6.7924    1.0
2.826    -6.9467998    1.0
2.4644    -7.0836    1.0
2.0964    -7.2004    1.0
1.7227999    -7.2988    1.0
1.3452    -7.378    1.0
0.9636    -7.4371996    1.0
0.5796    -7.4772    1.0
0.19319999    -7.4972    1.0
-0.1924    -7.4972    1.0
-0.57879996    -7.4772    1.0
-0.96279997    -7.4371996    1.0
-1.3443999    -7.378    1.0
-1.722    -7.2988    1.0
-2.0956    -7.2004    1.0
-2.4636    -7.0836    1.0
-2.8251998    -6.9467998    1.0
-3.1787999    -6.7924    1.0
-3.5244    -6.6196    1.0
-3.8604    -6.4291997    1.0
-4.1868    -6.2219996    1.0
-4.5011997    -5.9979997    1.0
-4.8044    -5.7588    1.0
-5.094    -5.5035996    1.0
-5.3708    -5.2339997    1.0
-5.6331997    -4.9508    1.0
-5.8803997    -4.654    1.0
-6.1124    -4.3452    1.0
-6.3276    -4.0252    1.0
-6.5267997    -3.694    1.0
-6.7084    -3.3532    1.0
-6.8715997    -3.0028    1.0
-7.0172    -2.6452    1.0
-7.1443996    -2.2804    1.0
-7.2524    -1.91    1.0
-7.3412    -1.5339999    1.0
-7.41    -1.1539999    1.0
-7.4596    -0.7708    1.0
-7.49    -0.38599998    1.2
-7.4996    0.0004    1.2
-7.49    0.3868    1.2
-7.4596    0.7716    1.2
-7.41    1.1547999    1.2
-7.3412    1.5347999    1.2
-7.2524    1.9108    1.2
-7.1443996    2.2812    1.2
-7.0172    2.646    1.2
-6.8715997    3.0036    1.2
-6.7084    3.3539999    1.2
-6.5267997    3.6948    1.2
-6.3276    4.026    1.2
-6.1124    4.3459997    1.2
-5.8803997    4.6548    1.2
-5.6331997    4.9516    1.2
-5.3708    5.2348    1.2
-5.094    5.5044    1.2
-4.8044    5.7595997    1.2
-4.5011997    5.9988    1.2
-4.1868    6.2228    1.2
-3.8604    6.43    1.2
-3.5244    6.6204    1.2
-3.1787999    6.7932    1.2
-2.8251998    6.9476    1.2
-2.4636    7.0843997    1.2
-2.0956    7.2012    1.2
-1.722    7.2995996    1.2
-1.3443999    7.3788    1.2
-0.96279997    7.4379997    1.2
-0.57879996    7.4779997    1.2
-0.1924    7.4979997    1.2
0.19319999    7.4979997    1.2
0.5796    7.4779997    1.2
0.9636    7.4379997    1.2
1.3452    7.3788    1.2
1.7227999    7.2995996    1.2
2.0964    7.2012    1.2
2.4644    7.0843997    1.2
2.826    6.9476    1.2
3.1796    6.7932    1.2
3.5252    6.6204    1.2
3.8611999    6.43    1.2
4.1875997    6.2228    1.2
4.502    5.9988    1.2
4.8052    5.7595997    1.2
5.0948    5.5044    1.2
5.3715997    5.2348    1.2
5.634    4.9516    1.2
5.8812    4.6548    1.2
6.1131997    4.3459997    1.2
6.3283997    4.026    1.2
6.5276    3.6948    1.2
6.7092    3.3539999    1.2
6.8724    3.0036    1.2
7.0179996    2.646    1.2
7.1452    2.2812    1.2
7.2532    1.9108    1.2
7.342    1.5347999    1.2
7.4108    1.1547999    1.2
7.4603996    0.7716    1.2
7.4908    0.3868    1.2
7.5003996    0.0004    1.2
7.4908    -0.38599998    1.2
7.4603996    -0.7708    1.2
7.4108    -1.1539999    1.2
7.342    -1.5339999    1.2
7.2532    -1.91    1.2
7.1452    -2.2804    1.2
7.0179996    -2.6452    1.2
6.8724    -3.0028    1.2
6.7092    -3.3532    1.2
6.5276    -3.694    1.2
6.3283997    -4.0252    1.2
6.1131997    -4.3452    1.2
5.8812    -4.654    1.2
5.634    -4.9508    1.2
5.3715997    -5.2339997    1.2
5.0948    -5.5035996    1.2
4.8052    -5.7588    1.2
4.502    -5.9979997    1.2
4.1875997    -6.2219996    1.2
3.8611999    -6.4291997    1.2
3.5252    -6.6196    1.2
3.1796    -6.7924    1.2
2.826    -6.9467998    1.2
2.4644    -7.0836    1.2
2.0964    -7.2004    1.2
1.7227999    -7.2988    1.2
1.3452    -7.378    1.2
0.9636    -7.4371996    1.2
0.5796    -7.4772    1.2
0.19319999    -7.4972    1.2
-0.1924    -7.4972    1.2
-0.57879996    -7.4772    1.2
-0.96279997    -7.4371996    1.2
-1.3443999    -7.378    1.2
-1.722    -7.2988    1.2
-2.0956    -7.2004    1.2
-2.4636    -7.0836    1.2
-2.8251998    -6.9467998    1.2
-3.1787999    -6.7924    1.2
-3.5244    -6.6196    1.2
-3.8604    -6.4291997    1.2
-4.1868    -6.2219996    1.2
-4.5011997    -5.9979997    1.2
-4.8044    -5.7588    1.2
-5.094    -5.5035996    1.2
-5.3708    -5.2339997    1.2
-5.6331997    -4.9508    1.2
-5.8803997    -4.654    1.2
-6.1124    -4.3452    1.2
-6.3276    -4.0252    1.2
-6.5267997    -3.694    1.2
-6.7084    -3.3532    1.2
-6.8715997    -3.0028    1.2
-7.0172    -2.6452    1.2
-7.1443996    -2.2804    1.2
-7.2524    -1.91    1.2
-7.3412    -1.5339999    1.2
-7.41    -1.1539999    1.2
-7.4596    -0.7708    1.2
-7.49    -0.38599998    1.4
-7.4996    0.0004    1.4
-7.49    0.3868    1.4
-7.4596    0.7716    1.4
-7.41    1.1547999    1.4
-7.3412    1.5347999    1.4
-7.2524    1.9108    1.4
-7.1443996    2.2812    1.4
-7.0172    2.646    1.4
-6.8715997    3.0036    1.4
-6.7084    3.3539999    1.4
-6.5267997    3.6948    1.4
-6.3276    4.026    1.4
-6.1124    4.3459997    1.4
-5.8803997    4.6548    1.4
-5.6331997    4.9516    1.4
-5.3708    5.2348    1.4
-5.094    5.5044    1.4
-4.8044    5.7595997    1.4
-4.5011997    5.9988    1.4
-4.1868    6.2228    1.4
-3.8604    6.43    1.4
-3.5244    6.6204    1.4
-3.1787999    6.7932    1.4
-2.8251998    6.9476    1.4
-2.4636    7.0843997    1.4
-2.0956    7.2012    1.4
-1.722    7.2995996    1.4
-1.3443999    7.3788    1.4
-0.96279997    7.4379997    1.4
-0.57879996    7.4779997    1.4
-0.1924    7.4979997    1.4
0.19319999    7.4979997    1.4
0.5796    7.4779997    1.4
0.9636    7.4379997    1.4
1.3452    7.3788    1.4
1.7227999    7.2995996    1.4
2.0964    7.2012    1.4
2.4644    7.0843997    1.4
2.826    6.9476    1.4
3.1796    6.7932    1.4
3.5252    6.6204    1.4
3.8611999    6.43    1.4
4.1875997    6.2228    1.4
4.502    5.9988    1.4
4.8052    5.7595997    1.4
5.0948    5.5044    1.4
5.3715997    5.2348    1.4
5.634    4.9516    1.4
5.8812    4.6548    1.4
6.1131997    4.3459997    1.4
6.3283997    4.026    1.4
6.5276    3.6948    1.4
6.7092    3.3539999    1.4
6.8724    3.0036    1.4
7.0179996    2.646    1.4
7.1452    2.2812    1.4
7.2532    1.9108    1.4
7.342    1.5347999    1.4
7.4108    1.1547999    1.4
7.4603996    0.7716    1.4
7.4908    0.3868    1.4
7.5003996    0.0004    1.4
7.4908    -0.38599998    1.4
7.4603996    -0.7708    1.4
7.4108    -1.1539999    1.4
7.342    -1.5339999    1.4
7.2532    -1.91    1.4
7.1452    -2.2804    1.4
7.0179996    -2.6452    1.4
6.8724    -3.0028    1.4
6.7092    -3.3532    1.4
6.5276    -3.694    1.4
6.3283997    -4.0252    1.4
6.1131997    -4.3452    1.4
5.8812    -4.654    1.4
5.634    -4.9508    1.4
5.3715997    -5.2339997    1.4
5.0948    -5.5035996    1.4
4.8052    -5.7588    1.4
4.502    -5.9979997    1.4
4.1875997    -6.2219996    1.4
3.8611999    -6.4291997    1.4
3.5252    -6.6196    1.4
3.1796    -6.7924    1.4
2.826    -6.9467998    1.4
2.4644    -7.0836    1.4
2.0964    -7.2004    1.4
1.7227999    -7.2988    1.4
1.3452    -7.378    1.4
0.9636    -7.4371996    1.4
0.5796    -7.4772    1.4
0.19319999    -7.4972    1.4
-0.1924    -7.4972    1.4
-0.57879996    -7.4772    1.4
-0.96279997    -7.4371996    1.4
-1.3443999    -7.378    1.4
-1.722    -7.2988    1.4
-2.0956    -7.2004    1.4
-2.4636    -7.0836    1.4
-2.8251998    -6.9467998    1.4
-3.1787999    -6.7924    1.4
-3.5244    -6.6196    1.4
-3.8604    -6.4291997    1.4
-4.1868    -6.2219996    1.4
-4.5011997    -5.9979997    1.4
-4.8044    -5.7588    1.4
-5.094    -5.5035996    1.4
-5.3708    -5.2339997    1.4
-5.6331997    -4.9508    1.4
-5.8803997    -4.654    1.4
-6.1124    -4.3452    1.4
-6.3276    -4.0252    1.4
-6.5267997    -3.694    1.4
-6.7084    -3.3532    1.4
-6.8715997    -3.0028    1.4
-7.0172    -2.6452    1.4
-7.1443996    -2.2804    1.4
-7.2524    -1.91    1.4
-7.3412    -1.5339999    1.4
-7.41    -1.1539999    1.4
-7.4596    -0.7708    1.4
-7.49    -0.38599998    1.5999999999999999
-7.4996    0.0004    1.5999999999999999
-7.49    0.3868    1.5999999999999999
-7.4596    0.7716    1.5999999999999999
-7.41    1.1547999    1.5999999999999999
-7.3412    1.5347999    1.5999999999999999
-7.2524    1.9108    1.5999999999999999
-7.1443996    2.2812    1.5999999999999999
-7.0172    2.646    1.5999999999999999
-6.8715997    3.0036    1.5999999999999999
-6.7084    3.3539999    1.5999999999999999
-6.5267997    3.6948    1.5999999999999999
-6.3276    4.026    1.5999999999999999
-6.1124    4.3459997    1.5999999999999999
-5.8803997    4.6548    1.5999999999999999
-5.6331997    4.9516    1.5999999999999999
-5.3708    5.2348    1.5999999999999999
-5.094    5.5044    1.5999999999999999
-4.8044    5.7595997    1.5999999999999999
-4.5011997    5.9988    1.5999999999999999
-4.1868    6.2228    1.5999999999999999
-3.8604    6.43    1.5999999999999999
-3.5244    6.6204    1.5999999999999999
-3.1787999    6.7932    1.5999999999999999
-2.8251998    6.9476    1.5999999999999999
-2.4636    7.0843997    1.5999999999999999
-2.0956    7.2012    1.5999999999999999
-1.722    7.2995996    1.5999999999999999
-1.3443999    7.3788    1.5999999999999999
-0.96279997    7.4379997    1.5999999999999999
-0.57879996    7.4779997    1.5999999999999999
-0.1924    7.4979997    1.5999999999999999
0.19319999    7.4979997    1.5999999999999999
0.5796    7.4779997    1.5999999999999999
0.9636    7.4379997    1.5999999999999999
1.3452    7.3788    1.5999999999999999
1.7227999    7.2995996    1.5999999999999999
2.0964    7.2012    1.5999999999999999
2.4644    7.0843997    1.5999999999999999
2.826    6.9476    1.5999999999999999
3.1796    6.7932    1.5999999999999999
3.5252    6.6204    1.5999999999999999
3.8611999    6.43    1.5999999999999999
4.1875997    6.2228    1.5999999999999999
4.502    5.9988    1.5999999999999999
4.8052    5.7595997    1.5999999999999999
5.0948    5.5044    1.5999999999999999
5.3715997    5.2348    1.5999999999999999
5.634    4.9516    1.5999999999999999
5.8812    4.6548    1.5999999999999999
6.1131997    4.3459997    1.5999999999999999
6.3283997    4.026    1.5999999999999999
6.5276    3.6948    1.5999999999999999
6.7092    3.3539999    1.5999999999999999
6.8724    3.0036    1.5999999999999999
7.0179996    2.646    1.5999999999999999
7.1452    2.2812    1.5999999999999999
7.2532    1.9108    1.5999999999999999
7.342    1.5347999    1.5999999999999999
7.4108    1.1547999    1.5999999999999999
7.4603996    0.7716    1.5999999999999999
7.4908    0.3868    1.5999999999999999
7.5003996    0.0004    1.5999999999999999
7.4908    -0.38599998    1.5999999999999999
7.4603996    -0.7708    1.5999999999999999
7.4108    -1.1539999    1.5999999999999999
7.342    -1.5339999    1.5999999999999999
7.2532    -1.91    1.5999999999999999
7.1452    -2.2804    1.5999999999999999
7.0179996    -2.6452    1.5999999999999999
6.8724    -3.0028    1.5999999999999999
6.7092    -3.3532    1.5999999999999999
6.5276    -3.694    1.5999999999999999
6.3283997    -4.0252    1.5999999999999999
6.1131997    -4.3452    1.5999999999999999
5.8812    -4.654    1.5999999999999999
5.634    -4.9508    1.5999999999999999
5.3715997    -5.2339997    1.5999999999999999
5.0948    -5.5035996    1.5999999999999999
4.8052    -5.7588    1.5999999999999999
4.502    -5.9979997    1.5999999999999999
4.1875997    -6.2219996    1.5999999999999999
3.8611999    -6.4291997    1.5999999999999999
3.5252    -6.6196    1.5999999999999999
3.1796    -6.7924    1.5999999999999999
2.826    -6.9467998    1.5999999999999999
2.4644    -7.0836    1.5999999999999999
2.0964    -7.2004    1.5999999999999999
1.7227999    -7.2988    1.5999999999999999
1.3452    -7.378    1.5999999999999999
0.9636    -7.4371996    1.5999999999999999
0.5796    -7.4772    1.5999999999999999
0.19319999    -7.4972    1.5999999999999999
-0.1924    -7.4972    1.5999999999999999
-0.57879996    -7.4772    1.5999999999999999
-0.96279997    -7.4371996    1.5999999999999999
-1.3443999    -7.378    1.5999999999999999
-1.722    -7.2988    1.5999999999999999
-2.0956    -7.2004    1.5999999999999999
-2.4636    -7.0836    1.5999999999999999
-2.8251998    -6.9467998    1.5999999999999999
-3.1787999    -6.7924    1.5999999999999999
-3.5244    -6.6196    1.5999999999999999
-3.8604    -6.4291997    1.5999999999999999
-4.1868    -6.2219996    1.5999999999999999
-4.5011997    -5.9979997    1.5999999999999999
-4.8044    -5.7588    1.5999999999999999
-5.094    -5.5035996    1.5999999999999999
-5.3708    -5.2339997    1.5999999999999999
-5.6331997    -4.9508    1.5999999999999999
-5.8803997    -4.654    1.5999999999999999
-6.1124    -4.3452    1.5999999999999999
-6.3276    -4.0252    1.5999999999999999
-6.5267997    -3.694    1.5999999999999999
-6.7084    -3.3532    1.5999999999999999
-6.8715997    -3.0028    1.5999999999999999
-7.0172    -2.6452    1.5999999999999999
-7.1443996    -2.2804    1.5999999999999999
-7.2524    -1.91    1.5999999999999999
-7.3412    -1.5339999    1.5999999999999999
-7.41    -1.1539999    1.5999999999999999
-7.4596    -0.7708    1.5999999999999999
-7.49    -0.38599998    1.7999999999999998
-7.4996    0.0004    1.7999999999999998
-7.49    0.3868    1.7999999999999998
-7.4596    0.7716    1.7999999999999998
-7.41    1.1547999    1.7999999999999998
-7.3412    1.5347999    1.7999999999999998
-7.2524    1.9108    1.7999999999999998
-7.1443996    2.2812    1.7999999999999998
-7.0172    2.646    1.7999999999999998
-6.8715997    3.0036    1.7999999999999998
-6.7084    3.3539999    1.7999999999999998
-6.5267997    3.6948    1.7999999999999998
-6.3276    4.026    1.7999999999999998
-6.1124    4.3459997    1.7999999999999998
-5.8803997    4.6548    1.7999999999999998
-5.6331997    4.9516    1.7999999999999998
-5.3708    5.2348    1.7999999999999998
-5.094    5.5044    1.7999999999999998
-4.8044    5.7595997    1.7999999999999998
-4.5011997    5.9988    1.7999999999999998
-4.1868    6.2228    1.7999999999999998
-3.8604    6.43    1.7999999999999998
-3.5244    6.6204    1.7999999999999998
-3.1787999    6.7932    1.7999999999999998
-2.8251998    6.9476    1.7999999999999998
-2.4636    7.0843997    1.7999999999999998
-2.0956    7.2012    1.7999999999999998
-1.722    7.2995996    1.7999999999999998
-1.3443999    7.3788    1.7999999999999998
-0.96279997    7.4379997    1.7999999999999998
-0.57879996    7.4779997    1.7999999999999998
-0.1924    7.4979997    1.7999999999999998
0.19319999    7.4979997    1.7999999999999998
0.5796    7.4779997    1.7999999999999998
0.9636    7.4379997    1.7999999999999998
1.3452    7.3788    1.7999999999999998
1.7227999    7.2995996    1.7999999999999998
2.0964    7.2012    1.7999999999999998
2.4644    7.0843997    1.7999999999999998
2.826    6.9476    1.7999999999999998
3.1796    6.7932    1.7999999999999998
3.5252    6.6204    1.7999999999999998
3.8611999    6.43    1.7999999999999998
4.1875997    6.2228    1.7999999999999998
4.502    5.9988    1.7999999999999998
4.8052    5.7595997    1.7999999999999998
5.0948    5.5044    1.7999999999999998
5.3715997    5.2348    1.7999999999999998
5.634    4.9516    1.7999999999999998
5.8812    4.6548    1.7999999999999998
6.1131997    4.3459997    1.7999999999999998
6.3283997    4.026    1.7999999999999998
6.5276    3.6948    1.7999999999999998
6.7092    3.3539999    1.7999999999999998
6.8724    3.0036    1.7999999999999998
7.0179996    2.646    1.7999999999999998
7.1452    2.2812    1.7999999999999998
7.2532    1.9108    1.7999999999999998
7.342    1.5347999    1.7999999999999998
7.4108    1.1547999    1.7999999999999998
7.4603996    0.7716    1.7999999999999998
7.4908    0.3868    1.7999999999999998
7.5003996    0.0004    1.7999999999999998
7.4908    -0.38599998    1.7999999999999998
7.4603996    -0.7708    1.7999999999999998
7.4108    -1.1539999    1.7999999999999998
7.342    -1.5339999    1.7999999999999998
7.2532    -1.91    1.7999999999999998
7.1452    -2.2804    1.7999999999999998
7.0179996    -2.6452    1.7999999999999998
6.8724    -3.0028    1.7999999999999998
6.7092    -3.3532    1.7999999999999998
6.5276    -3.694    1.7999999999999998
6.3283997    -4.0252    1.7999999999999998
6.1131997    -4.3452    1.7999999999999998
5.8812    -4.654    1.7999999999999998
5.634    -4.9508    1.7999999999999998
5.3715997    -5.2339997    1.7999999999999998
5.0948    -5.5035996    1.7999999999999998
4.8052    -5.7588    1.7999999999999998
4.502    -5.9979997    1.7999999999999998
4.1875997    -6.2219996    1.7999999999999998
3.8611999    -6.4291997    1.7999999999999998
3.5252    -6.6196    1.7999999999999998
3.1796    -6.7924    1.7999999999999998
2.826    -6.9467998    1.7999999999999998
2.4644    -7.0836    1.7999999999999998
2.0964    -7.2004    1.7999999999999998
1.7227999    -7.2988    1.7999999999999998
1.3452    -7.378    1.7999999999999998
0.9636    -7.4371996    1.7999999999999998
0.5796    -7.4772    1.7999999999999998
0.19319999    -7.4972    1.7999999999999998
-0.1924    -7.4972    1.7999999999999998
-0.57879996    -7.4772    1.7999999999999998
-0.96279997    -7.4371996    1.7999999999999998
-1.3443999    -7.378    1.7999999999999998
-1.722    -7.2988    1.7999999999999998
-2.0956    -7.2004    1.7999999999999998
-2.4636    -7.0836    1.7999999999999998
-2.8251998    -6.9467998    1.7999999999999998
-3.1787999    -6.7924    1.7999999999999998
-3.5244    -6.6196    1.7999999999999998
-3.8604    -6.4291997    1.7999999999999998
-4.1868    -6.2219996    1.7999999999999998
-4.5011997    -5.9979997    1.7999999999999998
-4.8044    -5.7588    1.7999999999999998
-5.094    -5.5035996    1.7999999999999998
-5.3708    -5.2339997    1.7999999999999998
-5.6331997    -4.9508    1.7999999999999998
-5.8803997    -4.654    1.7999999999999998
-6.1124    -4.3452    1.7999999999999998
-6.3276    -4.0252    1.7999999999999998
-6.5267997    -3.694    1.7999999999999998
-6.7084    -3.3532    1.7999999999999998
-6.8715997    -3.0028    1.7999999999999998
-7.0172    -2.6452    1.7999999999999998
-7.1443996    -2.2804    1.7999999999999998
-7.2524    -1.91    1.7999999999999998
-7.3412    -1.5339999    1.7999999999999998
-7.41    -1.1539999    1.7999999999999998
-7.4596    -0.7708    1.7999999999999998
-7.49    -0.38599998    1.9999999999999998
-7.4996    0.0004    1.9999999999999998
-7.49    0.3868    1.9999999999999998
-7.4596    0.7716    1.9999999999999998
-7.41    1.1547999    1.9999999999999998
-7.3412    1.5347999    1.9999999999999998
-7.2524    1.9108    1.9999999999999998
-7.1443996    2.2812    1.9999999999999998
-7.0172    2.646    1.9999999999999998
-6.8715997    3.0036    1.9999999999999998
-6.7084    3.3539999    1.9999999999999998
-6.5267997    3.6948    1.9999999999999998
-6.3276    4.026    1.9999999999999998
-6.1124    4.3459997    1.9999999999999998
-5.8803997    4.6548    1.9999999999999998
-5.6331997    4.9516    1.9999999999999998
-5.3708    5.2348    1.9999999999999998
-5.094    5.5044    1.9999999999999998
-4.8044    5.7595997    1.9999999999999998
-4.5011997    5.9988    1.9999999999999998
-4.1868    6.2228    1.9999999999999998
-3.8604    6.43    1.9999999999999998
-3.5244    6.6204    1.9999999999999998
-3.1787999    6.7932    1.9999999999999998
-2.8251998    6.9476    1.9999999999999998
-2.4636    7.0843997    1.9999999999999998
-2.0956    7.2012    1.9999999999999998
-1.722    7.2995996    1.9999999999999998
-1.3443999    7.3788    1.9999999999999998
-0.96279997    7.4379997    1.9999999999999998
-0.57879996    7.4779997    1.9999999999999998
-0.1924    7.4979997    1.9999999999999998
0.19319999    7.4979997    1.9999999999999998
0.5796    7.4779997    1.9999999999999998
0.9636    7.4379997    1.9999999999999998
1.3452    7.3788    1.9999999999999998
1.7227999    7.2995996    1.9999999999999998
2.0964    7.2012    1.9999999999999998
2.4644    7.0843997    1.9999999999999998
2.826    6.9476    1.9999999999999998
3.1796    6.7932    1.9999999999999998
3.5252    6.6204    1.9999999999999998
3.8611999    6.43    1.9999999999999998
4.1875997    6.2228    1.9999999999999998
4.502    5.9988    1.9999999999999998
4.8052    5.7595997    1.9999999999999998
5.0948    5.5044    1.9999999999999998
5.3715997    5.2348    1.9999999999999998
5.634    4.9516    1.9999999999999998
5.8812    4.6548    1.9999999999999998
6.1131997    4.3459997    1.9999999999999998
6.3283997    4.026    1.9999999999999998
6.5276    3.6948    1.9999999999999998
6.7092    3.3539999    1.9999999999999998
6.8724    3.0036    1.9999999999999998
7.0179996    2.646    1.9999999999999998
7.1452    2.2812    1.9999999999999998
7.2532    1.9108    1.9999999999999998
7.342    1.5347999    1.9999999999999998
7.4108    1.1547999    1.9999999999999998
7.4603996    0.7716    1.9999999999999998
7.4908    0.3868    1.9999999999999998
7.5003996    0.0004    1.9999999999999998
7.4908    -0.38599998    1.9999999999999998
7.4603996    -0.7708    1.9999999999999998
7.4108    -1.1539999    1.9999999999999998
7.342    -1.5339999    1.9999999999999998
7.2532    -1.91    1.9999999999999998
7.1452    -2.2804    1.9999999999999998
7.0179996    -2.6452    1.9999999999999998
6.8724    -3.0028    1.9999999999999998
6.7092    -3.3532    1.9999999999999998
6.5276    -3.694    1.9999999999999998
6.3283997    -4.0252    1.9999999999999998
6.1131997    -4.3452    1.9999999999999998
5.8812    -4.654    1.9999999999999998
5.634    -4.9508    1.9999999999999998
5.3715997    -5.2339997    1.9999999999999998
5.0948    -5.5035996    1.9999999999999998
4.8052    -5.7588    1.9999999999999998
4.502    -5.9979997    1.9999999999999998
4.1875997    -6.2219996    1.9999999999999998
3.8611999    -6.4291997    1.9999999999999998
3.5252    -6.6196    1.9999999999999998
3.1796    -6.7924    1.9999999999999998
2.826    -6.9467998    1.9999999999999998
2.4644    -7.0836    1.9999999999999998
2.0964    -7.2004    1.9999999999999998
1.7227999    -7.2988    1.9999999999999998
1.3452    -7.378    1.9999999999999998
0.9636    -7.4371996    1.9999999999999998
0.5796    -7.4772    1.9999999999999998
0.19319999    -7.4972    1.9999999999999998
-0.1924    -7.4972    1.9999999999999998
-0.57879996    -7.4772    1.9999999999999998
-0.96279997    -7.4371996    1.9999999999999998
-1.3443999    -7.378    1.9999999999999998
-1.722    -7.2988    1.9999999999999998
-2.0956    -7.2004    1.9999999999999998
-2.4636    -7.0836    1.9999999999999998
-2.8251998    -6.9467998    1.9999999999999998
-3.1787999    -6.7924    1.9999999999999998
-3.5244    -6.6196    1.9999999999999998
-3.8604    -6.4291997    1.9999999999999998
-4.1868    -6.2219996    1.9999999999999998
-4.5011997    -5.9979997    1.9999999999999998
-4.8044    -5.7588    1.9999999999999998
-5.094    -5.5035996    1.9999999999999998
-5.3708    -5.2339997    1.9999999999999998
-5.6331997    -4.9508    1.9999999999999998
-5.8803997    -4.654    1.9999999999999998
-6.1124    -4.3452    1.9999999999999998
-6.3276    -4.0252    1.9999999999999998
-6.5267997    -3.694    1.9999999999999998
-6.7084    -3.3532    1.9999999999999998
-6.8715997    -3.0028    1.9999999999999998
-7.0172    -2.6452    1.9999999999999998
-7.1443996    -2.2804    1.9999999999999998
-7.2524    -1.91    1.9999999999999998
-7.3412    -1.5339999    1.9999999999999998
-7.41    -1.1539999    1.9999999999999998
-7.4596    -0.7708    1.9999999999999998
