5.01    -14.5636    0.2
5.0388    -14.1284    0.2
5.086    -13.694    0.2
5.1524    -13.2628    0.2
5.2372    -12.8356    0.2
5.3412    -12.4116    0.2
5.4636    -11.9924    0.2
5.6036    -11.5796    0.2
5.762    -11.1724    0.2
5.9372    -10.7732    0.2
6.13    -10.382    0.2
6.3404    -9.9996    0.2
6.5668    -9.6268    0.2
6.8092    -9.2636    0.2
7.0668    -8.9116    0.2
7.3396    -8.5716    0.2
7.6276    -8.2436    0.2
7.9292    -7.9284    0.2
8.2444    -7.6268    0.2
8.5724    -7.3388    0.2
8.9124    -7.066    0.2
9.2644    -6.8084    0.2
9.6276    -6.566    0.2
10.0004    -6.3396    0.2
10.3828    -6.1292    0.2
10.774    -5.9364    0.2
11.1732    -5.7612    0.2
11.5804    -5.6028    0.2
11.9932    -5.4628    0.2
12.4124    -5.3404    0.2
12.8364    -5.2364    0.2
13.2636    -5.1516    0.2
13.6948    -5.0852    0.2
14.1292    -5.038    0.2
14.5644    -5.0092    0.2
15.0004    -4.9996    0.2
25.0004    -4.9996    0.2
25.0004    5.0004    0.2
15.0004    5.0004    0.2
14.5644    5.01    0.2
14.1292    5.0388    0.2
13.6948    5.086    0.2
13.2636    5.1524    0.2
12.8364    5.2372    0.2
12.4124    5.3412    0.2
11.9932    5.4636    0.2
11.5804    5.6036    0.2
11.1732    5.762    0.2
10.774    5.9372    0.2
10.3828    6.13    0.2
10.0004    6.3404    0.2
9.6276    6.5668    0.2
9.2644    6.8092    0.2
8.9124    7.0668    0.2
8.5724    7.3396    0.2
8.2444    7.6276    0.2
7.9292    7.9292    0.2
7.6276    8.2444    0.2
7.3396    8.5724    0.2
7.0668    8.9124    0.2
6.8092    9.2644    0.2
6.5668    9.6276    0.2
6.3404    10.0004    0.2
6.13    10.3828    0.2
5.9372    10.774    0.2
5.762    11.1732    0.2
5.6036    11.5804    0.2
5.4636    11.9932    0.2
5.3412    12.4124    0.2
5.2372    12.8364    0.2
5.1524    13.2636    0.2
5.086    13.6948    0.2
5.0388    14.1292    0.2
5.01    14.5644    0.2
5.0004    15.0004    0.2
-4.9996    15.0004    0.2
-5.0092    14.5644    0.2
-5.038    14.1292    0.2
-5.0852    13.6948    0.2
-5.1516    13.2636    0.2
-5.2364    12.8364    0.2
-5.3404    12.4124    0.2
-5.4628    11.9932    0.2
-5.6028    11.5804    0.2
-5.7612    11.1732    0.2
-5.9364    10.774    0.2
-6.1292    10.3828    0.2
-6.3396    10.0004    0.2
-6.566    9.6276    0.2
-6.8084    9.2644    0.2
-7.066    8.9124    0.2
-7.3388    8.5724    0.2
-7.6268    8.2444    0.2
-7.9284    7.9292    0.2
-8.2436    7.6276    0.2
-8.5716    7.3396    0.2
-8.9116    7.0668    0.2
-9.2636    6.8092    0.2
-9.6268    6.5668    0.2
-9.9996    6.3404    0.2
-10.382    6.13    0.2
-10.7732    5.9372    0.2
-11.1724    5.762    0.2
-11.5796    5.6036    0.2
-11.9924    5.4636    0.2
-12.4116    5.3412    0.2
-12.8356    5.2372    0.2
-13.2628    5.1524    0.2
-13.694    5.086    0.2
-14.1284    5.0388    0.2
-14.5636    5.01    0.2
-14.9996    5.0004    0.2
-24.9996    5.0004    0.2
-24.9996    -4.9996    0.2
-14.9996    -4.9996    0.2
-14.5636    -5.0092    0.2
-14.1284    -5.038    0.2
-13.694    -5.0852    0.2
-13.2628    -5.1516    0.2
-12.8356    -5.2364    0.2
-12.4116    -5.3404    0.2
-11.9924    -5.4628    0.2
-11.5796    -5.6028    0.2
-11.1724    -5.7612    0.2
-10.7732    -5.9364    0.2
-10.382    -6.1292    0.2
-9.9996    -6.3396    0.2
-9.6268    -6.566    0.2
-9.2636    -6.8084    0.2
-8.9116    -7.066    0.2
-8.5716    -7.3388    0.2
-8.2436    -7.6268    0.2
-7.9284    -7.9284    0.2
-7.6268    -8.2436    0.2
-7.3388    -8.5716    0.2
-7.066    -8.9116    0.2
-6.8084    -9.2636    0.2
-6.566    -9.6268    0.2
-6.3396    -9.9996    0.2
-6.1292    -10.382    0.2
-5.9364    -10.7732    0.2
-5.7612    -11.1724    0.2
-5.6028    -11.5796    0.2
-5.4628    -11.9924    0.2
-5.3404    -12.4116    0.2
-5.2364    -12.8356    0.2
-5.1516    -13.2628    0.2
-5.0852    -13.694    0.2
-5.038    -14.1284    0.2
-5.0092    -14.5636    0.2
-4.9996    -14.9996    0.2
5.0004    -14.9996    0.2
5.01    -14.5636    0.2
1111    1111    1111
4.6101    -14.5548    0.2
4.6104    -14.5459    0.2
4.6109    -14.5372    0.2
4.6397    -14.102    0.2
4.6404    -14.0931    0.2
4.6411    -14.0852    0.2
4.6883    -13.6508    0.2
4.6894    -13.6419    0.2
4.6907    -13.6331    0.2
4.7571    -13.2019    0.2
4.7585    -13.1931    0.2
4.7601    -13.1849    0.2
4.8449    -12.7577    0.2
4.8467    -12.749    0.2
4.8487    -12.7403    0.2
4.9527    -12.3163    0.2
4.9549    -12.3076    0.2
4.9572    -12.2995    0.2
5.0796    -11.8803    0.2
5.0822    -11.8717    0.2
5.0848    -11.8639    0.2
5.2248    -11.4511    0.2
5.2278    -11.4427    0.2
5.2308    -11.4346    0.2
5.3892    -11.0274    0.2
5.3925    -11.0191    0.2
5.3957    -11.0116    0.2
5.5709    -10.6124    0.2
5.5746    -10.6043    0.2
5.5784    -10.5964    0.2
5.7712    -10.2052    0.2
5.7753    -10.1972    0.2
5.7795    -10.1892    0.2
5.9899    -9.8068    0.2
5.9943    -9.799    0.2
5.9985    -9.792    0.2
6.2249    -9.4192    0.2
6.2296    -9.4116    0.2
6.2341    -9.4048    0.2
6.4765    -9.0416    0.2
6.4815    -9.0342    0.2
6.4864    -9.0274    0.2
6.744    -8.6754    0.2
6.7494    -8.6682    0.2
6.7548    -8.6613    0.2
7.0276    -8.3213    0.2
7.0333    -8.3144    0.2
7.039    -8.3077    0.2
7.327    -7.9797    0.2
7.333    -7.973    0.2
7.3386    -7.9671    0.2
7.6402    -7.6519    0.2
7.6464    -7.6455    0.2
7.6527    -7.6394    0.2
7.9679    -7.3378    0.2
7.9744    -7.3317    0.2
7.9805    -7.3262    0.2
8.3085    -7.0382    0.2
8.3153    -7.0324    0.2
8.3221    -7.0268    0.2
8.6621    -6.754    0.2
8.6691    -6.7485    0.2
8.6762    -6.7432    0.2
9.0282    -6.4856    0.2
9.0354    -6.4804    0.2
9.0424    -6.4757    0.2
9.4056    -6.2333    0.2
9.413    -6.2284    0.2
9.42    -6.2241    0.2
9.7928    -5.9977    0.2
9.8005    -5.9932    0.2
9.8076    -5.9891    0.2
10.19    -5.7787    0.2
10.1979    -5.7745    0.2
10.206    -5.7704    0.2
10.5972    -5.5776    0.2
10.6052    -5.5737    0.2
10.6132    -5.5701    0.2
11.0124    -5.3949    0.2
11.0207    -5.3914    0.2
11.0282    -5.3884    0.2
11.4354    -5.23    0.2
11.4438    -5.2269    0.2
11.4519    -5.224    0.2
11.8647    -5.084    0.2
11.8732    -5.0812    0.2
11.8811    -5.0788    0.2
12.3003    -4.9564    0.2
12.3089    -4.954    0.2
12.3171    -4.9519    0.2
12.7411    -4.8479    0.2
12.7498    -4.8459    0.2
12.7585    -4.8441    0.2
13.1857    -4.7593    0.2
13.1945    -4.7576    0.2
13.2027    -4.7563    0.2
13.6339    -4.6899    0.2
13.6428    -4.6886    0.2
13.6516    -4.6875    0.2
14.086    -4.6403    0.2
14.0949    -4.6395    0.2
14.1028    -4.6389    0.2
14.538    -4.6101    0.2
14.5469    -4.6096    0.2
14.5556    -4.6093    0.2
14.9916    -4.5997    0.2
15.0004    -4.5996    0.2
24.6004    -4.5996    0.2
24.6004    4.6004    0.2
15.0004    4.6004    0.2
14.9916    4.6005    0.2
14.5556    4.6101    0.2
14.5467    4.6104    0.2
14.538    4.6109    0.2
14.1028    4.6397    0.2
14.0939    4.6404    0.2
14.086    4.6411    0.2
13.6516    4.6883    0.2
13.6427    4.6894    0.2
13.6339    4.6907    0.2
13.2027    4.7571    0.2
13.1939    4.7585    0.2
13.1857    4.7601    0.2
12.7585    4.8449    0.2
12.7498    4.8467    0.2
12.7411    4.8487    0.2
12.3171    4.9527    0.2
12.3084    4.9549    0.2
12.3003    4.9572    0.2
11.8811    5.0796    0.2
11.8725    5.0822    0.2
11.8647    5.0848    0.2
11.4519    5.2248    0.2
11.4435    5.2278    0.2
11.4354    5.2308    0.2
11.0282    5.3892    0.2
11.0199    5.3925    0.2
11.0124    5.3957    0.2
10.6132    5.5709    0.2
10.6051    5.5746    0.2
10.5972    5.5784    0.2
10.206    5.7712    0.2
10.198    5.7753    0.2
10.19    5.7795    0.2
9.8076    5.9899    0.2
9.7998    5.9943    0.2
9.7928    5.9985    0.2
9.42    6.2249    0.2
9.4124    6.2296    0.2
9.4056    6.2341    0.2
9.0424    6.4765    0.2
9.035    6.4815    0.2
9.0282    6.4864    0.2
8.6762    6.744    0.2
8.669    6.7494    0.2
8.6621    6.7548    0.2
8.3221    7.0276    0.2
8.3152    7.0333    0.2
8.3085    7.039    0.2
7.9805    7.327    0.2
7.9738    7.333    0.2
7.9679    7.3386    0.2
7.6527    7.6402    0.2
7.6463    7.6464    0.2
7.6402    7.6527    0.2
7.3386    7.9679    0.2
7.3325    7.9744    0.2
7.327    7.9805    0.2
7.039    8.3085    0.2
7.0332    8.3153    0.2
7.0276    8.3221    0.2
6.7548    8.6621    0.2
6.7493    8.6691    0.2
6.744    8.6762    0.2
6.4864    9.0282    0.2
6.4812    9.0354    0.2
6.4765    9.0424    0.2
6.2341    9.4056    0.2
6.2292    9.413    0.2
6.2249    9.42    0.2
5.9985    9.7928    0.2
5.994    9.8005    0.2
5.9899    9.8076    0.2
5.7795    10.19    0.2
5.7753    10.1979    0.2
5.7712    10.206    0.2
5.5784    10.5972    0.2
5.5745    10.6052    0.2
5.5709    10.6132    0.2
5.3957    11.0124    0.2
5.3922    11.0207    0.2
5.3892    11.0282    0.2
5.2308    11.4354    0.2
5.2277    11.4438    0.2
5.2248    11.4519    0.2
5.0848    11.8647    0.2
5.082    11.8732    0.2
5.0796    11.8811    0.2
4.9572    12.3003    0.2
4.9548    12.3089    0.2
4.9527    12.3171    0.2
4.8487    12.7411    0.2
4.8467    12.7498    0.2
4.8449    12.7585    0.2
4.7601    13.1857    0.2
4.7584    13.1945    0.2
4.7571    13.2027    0.2
4.6907    13.6339    0.2
4.6894    13.6428    0.2
4.6883    13.6516    0.2
4.6411    14.086    0.2
4.6403    14.0949    0.2
4.6397    14.1028    0.2
4.6109    14.538    0.2
4.6104    14.5469    0.2
4.6101    14.5556    0.2
4.6091    14.6004    0.2
-4.6083    14.6004    0.2
-4.6093    14.5556    0.2
-4.6096    14.5467    0.2
-4.6101    14.538    0.2
-4.6389    14.1028    0.2
-4.6396    14.0939    0.2
-4.6403    14.086    0.2
-4.6875    13.6516    0.2
-4.6886    13.6427    0.2
-4.6899    13.6339    0.2
-4.7563    13.2027    0.2
-4.7577    13.1939    0.2
-4.7593    13.1857    0.2
-4.8441    12.7585    0.2
-4.8459    12.7498    0.2
-4.8479    12.7411    0.2
-4.9519    12.3171    0.2
-4.9541    12.3084    0.2
-4.9564    12.3003    0.2
-5.0788    11.8811    0.2
-5.0814    11.8725    0.2
-5.084    11.8647    0.2
-5.224    11.4519    0.2
-5.227    11.4435    0.2
-5.23    11.4354    0.2
-5.3884    11.0282    0.2
-5.3917    11.0199    0.2
-5.3949    11.0124    0.2
-5.5701    10.6132    0.2
-5.5738    10.6051    0.2
-5.5776    10.5972    0.2
-5.7704    10.206    0.2
-5.7745    10.198    0.2
-5.7787    10.19    0.2
-5.9891    9.8076    0.2
-5.9935    9.7998    0.2
-5.9977    9.7928    0.2
-6.2241    9.42    0.2
-6.2288    9.4124    0.2
-6.2333    9.4056    0.2
-6.4757    9.0424    0.2
-6.4807    9.035    0.2
-6.4856    9.0282    0.2
-6.7432    8.6762    0.2
-6.7486    8.669    0.2
-6.754    8.6621    0.2
-7.0268    8.3221    0.2
-7.0325    8.3152    0.2
-7.0382    8.3085    0.2
-7.3262    7.9805    0.2
-7.3322    7.9738    0.2
-7.3378    7.9679    0.2
-7.6394    7.6527    0.2
-7.6456    7.6463    0.2
-7.6519    7.6402    0.2
-7.9671    7.3386    0.2
-7.9736    7.3325    0.2
-7.9797    7.327    0.2
-8.3077    7.039    0.2
-8.3145    7.0332    0.2
-8.3213    7.0276    0.2
-8.6613    6.7548    0.2
-8.6683    6.7493    0.2
-8.6754    6.744    0.2
-9.0274    6.4864    0.2
-9.0346    6.4812    0.2
-9.0416    6.4765    0.2
-9.4048    6.2341    0.2
-9.4122    6.2292    0.2
-9.4192    6.2249    0.2
-9.792    5.9985    0.2
-9.7997    5.994    0.2
-9.8068    5.9899    0.2
-10.1892    5.7795    0.2
-10.1971    5.7753    0.2
-10.2052    5.7712    0.2
-10.5964    5.5784    0.2
-10.6044    5.5745    0.2
-10.6124    5.5709    0.2
-11.0116    5.3957    0.2
-11.0199    5.3922    0.2
-11.0274    5.3892    0.2
-11.4346    5.2308    0.2
-11.443    5.2277    0.2
-11.4511    5.2248    0.2
-11.8639    5.0848    0.2
-11.8724    5.082    0.2
-11.8803    5.0796    0.2
-12.2995    4.9572    0.2
-12.3081    4.9548    0.2
-12.3163    4.9527    0.2
-12.7403    4.8487    0.2
-12.749    4.8467    0.2
-12.7577    4.8449    0.2
-13.1849    4.7601    0.2
-13.1937    4.7584    0.2
-13.2019    4.7571    0.2
-13.6331    4.6907    0.2
-13.642    4.6894    0.2
-13.6508    4.6883    0.2
-14.0852    4.6411    0.2
-14.0941    4.6403    0.2
-14.102    4.6397    0.2
-14.5372    4.6109    0.2
-14.5461    4.6104    0.2
-14.5548    4.6101    0.2
-14.9908    4.6005    0.2
-14.9996    4.6004    0.2
-24.5996    4.6004    0.2
-24.5996    -4.5996    0.2
-14.9996    -4.5996    0.2
-14.9908    -4.5997    0.2
-14.5548    -4.6093    0.2
-14.5459    -4.6096    0.2
-14.5372    -4.6101    0.2
-14.102    -4.6389    0.2
-14.0931    -4.6396    0.2
-14.0852    -4.6403    0.2
-13.6508    -4.6875    0.2
-13.6419    -4.6886    0.2
-13.6331    -4.6899    0.2
-13.2019    -4.7563    0.2
-13.1931    -4.7577    0.2
-13.1849    -4.7593    0.2
-12.7577    -4.8441    0.2
-12.749    -4.8459    0.2
-12.7403    -4.8479    0.2
-12.3163    -4.9519    0.2
-12.3076    -4.9541    0.2
-12.2995    -4.9564    0.2
-11.8803    -5.0788    0.2
-11.8717    -5.0814    0.2
-11.8639    -5.084    0.2
-11.4511    -5.224    0.2
-11.4427    -5.227    0.2
-11.4346    -5.23    0.2
-11.0274    -5.3884    0.2
-11.0191    -5.3917    0.2
-11.0116    -5.3949    0.2
-10.6124    -5.5701    0.2
-10.6043    -5.5738    0.2
-10.5964    -5.5776    0.2
-10.2052    -5.7704    0.2
-10.1972    -5.7745    0.2
-10.1892    -5.7787    0.2
-9.8068    -5.9891    0.2
-9.799    -5.9935    0.2
-9.792    -5.9977    0.2
-9.4192    -6.2241    0.2
-9.4116    -6.2288    0.2
-9.4048    -6.2333    0.2
-9.0416    -6.4757    0.2
-9.0342    -6.4807    0.2
-9.0274    -6.4856    0.2
-8.6754    -6.7432    0.2
-8.6682    -6.7486    0.2
-8.6613    -6.754    0.2
-8.3213    -7.0268    0.2
-8.3144    -7.0325    0.2
-8.3077    -7.0382    0.2
-7.9797    -7.3262    0.2
-7.973    -7.3322    0.2
-7.9671    -7.3378    0.2
-7.6519    -7.6394    0.2
-7.6455    -7.6456    0.2
-7.6394    -7.6519    0.2
-7.3378    -7.9671    0.2
-7.3317    -7.9736    0.2
-7.3262    -7.9797    0.2
-7.0382    -8.3077    0.2
-7.0324    -8.3145    0.2
-7.0268    -8.3213    0.2
-6.754    -8.6613    0.2
-6.7485    -8.6683    0.2
-6.7432    -8.6754    0.2
-6.4856    -9.0274    0.2
-6.4804    -9.0346    0.2
-6.4757    -9.0416    0.2
-6.2333    -9.4048    0.2
-6.2284    -9.4122    0.2
-6.2241    -9.4192    0.2
-5.9977    -9.792    0.2
-5.9932    -9.7997    0.2
-5.9891    -9.8068    0.2
-5.7787    -10.1892    0.2
-5.7745    -10.1971    0.2
-5.7704    -10.2052    0.2
-5.5776    -10.5964    0.2
-5.5737    -10.6044    0.2
-5.5701    -10.6124    0.2
-5.3949    -11.0116    0.2
-5.3914    -11.0199    0.2
-5.3884    -11.0274    0.2
-5.23    -11.4346    0.2
-5.2269    -11.443    0.2
-5.224    -11.4511    0.2
-5.084    -11.8639    0.2
-5.0812    -11.8724    0.2
-5.0788    -11.8803    0.2
-4.9564    -12.2995    0.2
-4.954    -12.3081    0.2
-4.9519    -12.3163    0.2
-4.8479    -12.7403    0.2
-4.8459    -12.749    0.2
-4.8441    -12.7577    0.2
-4.7593    -13.1849    0.2
-4.7576    -13.1937    0.2
-4.7563    -13.2019    0.2
-4.6899    -13.6331    0.2
-4.6886    -13.642    0.2
-4.6875    -13.6508    0.2
-4.6403    -14.0852    0.2
-4.6395    -14.0941    0.2
-4.6389    -14.102    0.2
-4.6101    -14.5372    0.2
-4.6096    -14.5461    0.2
-4.6093    -14.5548    0.2
-4.6083    -14.5996    0.2
4.6091    -14.5996    0.2
4.6101    -14.5548    0.2
1111    1111    1111
5.01    -14.5636    0.4
5.0388    -14.1284    0.4
5.086    -13.694    0.4
5.1524    -13.2628    0.4
5.2372    -12.8356    0.4
5.3412    -12.4116    0.4
5.4636    -11.9924    0.4
5.6036    -11.5796    0.4
5.762    -11.1724    0.4
5.9372    -10.7732    0.4
6.13    -10.382    0.4
6.3404    -9.9996    0.4
6.5668    -9.6268    0.4
6.8092    -9.2636    0.4
7.0668    -8.9116    0.4
7.3396    -8.5716    0.4
7.6276    -8.2436    0.4
7.9292    -7.9284    0.4
8.2444    -7.6268    0.4
8.5724    -7.3388    0.4
8.9124    -7.066    0.4
9.2644    -6.8084    0.4
9.6276    -6.566    0.4
10.0004    -6.3396    0.4
10.3828    -6.1292    0.4
10.774    -5.9364    0.4
11.1732    -5.7612    0.4
11.5804    -5.6028    0.4
11.9932    -5.4628    0.4
12.4124    -5.3404    0.4
12.8364    -5.2364    0.4
13.2636    -5.1516    0.4
13.6948    -5.0852    0.4
14.1292    -5.038    0.4
14.5644    -5.0092    0.4
15.0004    -4.9996    0.4
25.0004    -4.9996    0.4
25.0004    5.0004    0.4
15.0004    5.0004    0.4
14.5644    5.01    0.4
14.1292    5.0388    0.4
13.6948    5.086    0.4
13.2636    5.1524    0.4
12.8364    5.2372    0.4
12.4124    5.3412    0.4
11.9932    5.4636    0.4
11.5804    5.6036    0.4
11.1732    5.762    0.4
10.774    5.9372    0.4
10.3828    6.13    0.4
10.0004    6.3404    0.4
9.6276    6.5668    0.4
9.2644    6.8092    0.4
8.9124    7.0668    0.4
8.5724    7.3396    0.4
8.2444    7.6276    0.4
7.9292    7.9292    0.4
7.6276    8.2444    0.4
7.3396    8.5724    0.4
7.0668    8.9124    0.4
6.8092    9.2644    0.4
6.5668    9.6276    0.4
6.3404    10.0004    0.4
6.13    10.3828    0.4
5.9372    10.774    0.4
5.762    11.1732    0.4
5.6036    11.5804    0.4
5.4636    11.9932    0.4
5.3412    12.4124    0.4
5.2372    12.8364    0.4
5.1524    13.2636    0.4
5.086    13.6948    0.4
5.0388    14.1292    0.4
5.01    14.5644    0.4
5.0004    15.0004    0.4
-4.9996    15.0004    0.4
-5.0092    14.5644    0.4
-5.038    14.1292    0.4
-5.0852    13.6948    0.4
-5.1516    13.2636    0.4
-5.2364    12.8364    0.4
-5.3404    12.4124    0.4
-5.4628    11.9932    0.4
-5.6028    11.5804    0.4
-5.7612    11.1732    0.4
-5.9364    10.774    0.4
-6.1292    10.3828    0.4
-6.3396    10.0004    0.4
-6.566    9.6276    0.4
-6.8084    9.2644    0.4
-7.066    8.9124    0.4
-7.3388    8.5724    0.4
-7.6268    8.2444    0.4
-7.9284    7.9292    0.4
-8.2436    7.6276    0.4
-8.5716    7.3396    0.4
-8.9116    7.0668    0.4
-9.2636    6.8092    0.4
-9.6268    6.5668    0.4
-9.9996    6.3404    0.4
-10.382    6.13    0.4
-10.7732    5.9372    0.4
-11.1724    5.762    0.4
-11.5796    5.6036    0.4
-11.9924    5.4636    0.4
-12.4116    5.3412    0.4
-12.8356    5.2372    0.4
-13.2628    5.1524    0.4
-13.694    5.086    0.4
-14.1284    5.0388    0.4
-14.5636    5.01    0.4
-14.9996    5.0004    0.4
-24.9996    5.0004    0.4
-24.9996    -4.9996    0.4
-14.9996    -4.9996    0.4
-14.5636    -5.0092    0.4
-14.1284    -5.038    0.4
-13.694    -5.0852    0.4
-13.2628    -5.1516    0.4
-12.8356    -5.2364    0.4
-12.4116    -5.3404    0.4
-11.9924    -5.4628    0.4
-11.5796    -5.6028    0.4
-11.1724    -5.7612    0.4
-10.7732    -5.9364    0.4
-10.382    -6.1292    0.4
-9.9996    -6.3396    0.4
-9.6268    -6.566    0.4
-9.2636    -6.8084    0.4
-8.9116    -7.066    0.4
-8.5716    -7.3388    0.4
-8.2436    -7.6268    0.4
-7.9284    -7.9284    0.4
-7.6268    -8.2436    0.4
-7.3388    -8.5716    0.4
-7.066    -8.9116    0.4
-6.8084    -9.2636    0.4
-6.566    -9.6268    0.4
-6.3396    -9.9996    0.4
-6.1292    -10.382    0.4
-5.9364    -10.7732    0.4
-5.7612    -11.1724    0.4
-5.6028    -11.5796    0.4
-5.4628    -11.9924    0.4
-5.3404    -12.4116    0.4
-5.2364    -12.8356    0.4
-5.1516    -13.2628    0.4
-5.0852    -13.694    0.4
-5.038    -14.1284    0.4
-5.0092    -14.5636    0.4
-4.9996    -14.9996    0.4
5.0004    -14.9996    0.4
5.01    -14.5636    0.4
1111    1111    1111
4.6101    -14.5548    0.4
4.6104    -14.5459    0.4
4.6109    -14.5372    0.4
4.6397    -14.102    0.4
4.6404    -14.0931    0.4
4.6411    -14.0852    0.4
4.6883    -13.6508    0.4
4.6894    -13.6419    0.4
4.6907    -13.6331    0.4
4.7571    -13.2019    0.4
4.7585    -13.1931    0.4
4.7601    -13.1849    0.4
4.8449    -12.7577    0.4
4.8467    -12.749    0.4
4.8487    -12.7403    0.4
4.9527    -12.3163    0.4
4.9549    -12.3076    0.4
4.9572    -12.2995    0.4
5.0796    -11.8803    0.4
5.0822    -11.8717    0.4
5.0848    -11.8639    0.4
5.2248    -11.4511    0.4
5.2278    -11.4427    0.4
5.2308    -11.4346    0.4
5.3892    -11.0274    0.4
5.3925    -11.0191    0.4
5.3957    -11.0116    0.4
5.5709    -10.6124    0.4
5.5746    -10.6043    0.4
5.5784    -10.5964    0.4
5.7712    -10.2052    0.4
5.7753    -10.1972    0.4
5.7795    -10.1892    0.4
5.9899    -9.8068    0.4
5.9943    -9.799    0.4
5.9985    -9.792    0.4
6.2249    -9.4192    0.4
6.2296    -9.4116    0.4
6.2341    -9.4048    0.4
6.4765    -9.0416    0.4
6.4815    -9.0342    0.4
6.4864    -9.0274    0.4
6.744    -8.6754    0.4
6.7494    -8.6682    0.4
6.7548    -8.6613    0.4
7.0276    -8.3213    0.4
7.0333    -8.3144    0.4
7.039    -8.3077    0.4
7.327    -7.9797    0.4
7.333    -7.973    0.4
7.3386    -7.9671    0.4
7.6402    -7.6519    0.4
7.6464    -7.6455    0.4
7.6527    -7.6394    0.4
7.9679    -7.3378    0.4
7.9744    -7.3317    0.4
7.9805    -7.3262    0.4
8.3085    -7.0382    0.4
8.3153    -7.0324    0.4
8.3221    -7.0268    0.4
8.6621    -6.754    0.4
8.6691    -6.7485    0.4
8.6762    -6.7432    0.4
9.0282    -6.4856    0.4
9.0354    -6.4804    0.4
9.0424    -6.4757    0.4
9.4056    -6.2333    0.4
9.413    -6.2284    0.4
9.42    -6.2241    0.4
9.7928    -5.9977    0.4
9.8005    -5.9932    0.4
9.8076    -5.9891    0.4
10.19    -5.7787    0.4
10.1979    -5.7745    0.4
10.206    -5.7704    0.4
10.5972    -5.5776    0.4
10.6052    -5.5737    0.4
10.6132    -5.5701    0.4
11.0124    -5.3949    0.4
11.0207    -5.3914    0.4
11.0282    -5.3884    0.4
11.4354    -5.23    0.4
11.4438    -5.2269    0.4
11.4519    -5.224    0.4
11.8647    -5.084    0.4
11.8732    -5.0812    0.4
11.8811    -5.0788    0.4
12.3003    -4.9564    0.4
12.3089    -4.954    0.4
12.3171    -4.9519    0.4
12.7411    -4.8479    0.4
12.7498    -4.8459    0.4
12.7585    -4.8441    0.4
13.1857    -4.7593    0.4
13.1945    -4.7576    0.4
13.2027    -4.7563    0.4
13.6339    -4.6899    0.4
13.6428    -4.6886    0.4
13.6516    -4.6875    0.4
14.086    -4.6403    0.4
14.0949    -4.6395    0.4
14.1028    -4.6389    0.4
14.538    -4.6101    0.4
14.5469    -4.6096    0.4
14.5556    -4.6093    0.4
14.9916    -4.5997    0.4
15.0004    -4.5996    0.4
24.6004    -4.5996    0.4
24.6004    4.6004    0.4
15.0004    4.6004    0.4
14.9916    4.6005    0.4
14.5556    4.6101    0.4
14.5467    4.6104    0.4
14.538    4.6109    0.4
14.1028    4.6397    0.4
14.0939    4.6404    0.4
14.086    4.6411    0.4
13.6516    4.6883    0.4
13.6427    4.6894    0.4
13.6339    4.6907    0.4
13.2027    4.7571    0.4
13.1939    4.7585    0.4
13.1857    4.7601    0.4
12.7585    4.8449    0.4
12.7498    4.8467    0.4
12.7411    4.8487    0.4
12.3171    4.9527    0.4
12.3084    4.9549    0.4
12.3003    4.9572    0.4
11.8811    5.0796    0.4
11.8725    5.0822    0.4
11.8647    5.0848    0.4
11.4519    5.2248    0.4
11.4435    5.2278    0.4
11.4354    5.2308    0.4
11.0282    5.3892    0.4
11.0199    5.3925    0.4
11.0124    5.3957    0.4
10.6132    5.5709    0.4
10.6051    5.5746    0.4
10.5972    5.5784    0.4
10.206    5.7712    0.4
10.198    5.7753    0.4
10.19    5.7795    0.4
9.8076    5.9899    0.4
9.7998    5.9943    0.4
9.7928    5.9985    0.4
9.42    6.2249    0.4
9.4124    6.2296    0.4
9.4056    6.2341    0.4
9.0424    6.4765    0.4
9.035    6.4815    0.4
9.0282    6.4864    0.4
8.6762    6.744    0.4
8.669    6.7494    0.4
8.6621    6.7548    0.4
8.3221    7.0276    0.4
8.3152    7.0333    0.4
8.3085    7.039    0.4
7.9805    7.327    0.4
7.9738    7.333    0.4
7.9679    7.3386    0.4
7.6527    7.6402    0.4
7.6463    7.6464    0.4
7.6402    7.6527    0.4
7.3386    7.9679    0.4
7.3325    7.9744    0.4
7.327    7.9805    0.4
7.039    8.3085    0.4
7.0332    8.3153    0.4
7.0276    8.3221    0.4
6.7548    8.6621    0.4
6.7493    8.6691    0.4
6.744    8.6762    0.4
6.4864    9.0282    0.4
6.4812    9.0354    0.4
6.4765    9.0424    0.4
6.2341    9.4056    0.4
6.2292    9.413    0.4
6.2249    9.42    0.4
5.9985    9.7928    0.4
5.994    9.8005    0.4
5.9899    9.8076    0.4
5.7795    10.19    0.4
5.7753    10.1979    0.4
5.7712    10.206    0.4
5.5784    10.5972    0.4
5.5745    10.6052    0.4
5.5709    10.6132    0.4
5.3957    11.0124    0.4
5.3922    11.0207    0.4
5.3892    11.0282    0.4
5.2308    11.4354    0.4
5.2277    11.4438    0.4
5.2248    11.4519    0.4
5.0848    11.8647    0.4
5.082    11.8732    0.4
5.0796    11.8811    0.4
4.9572    12.3003    0.4
4.9548    12.3089    0.4
4.9527    12.3171    0.4
4.8487    12.7411    0.4
4.8467    12.7498    0.4
4.8449    12.7585    0.4
4.7601    13.1857    0.4
4.7584    13.1945    0.4
4.7571    13.2027    0.4
4.6907    13.6339    0.4
4.6894    13.6428    0.4
4.6883    13.6516    0.4
4.6411    14.086    0.4
4.6403    14.0949    0.4
4.6397    14.1028    0.4
4.6109    14.538    0.4
4.6104    14.5469    0.4
4.6101    14.5556    0.4
4.6091    14.6004    0.4
-4.6083    14.6004    0.4
-4.6093    14.5556    0.4
-4.6096    14.5467    0.4
-4.6101    14.538    0.4
-4.6389    14.1028    0.4
-4.6396    14.0939    0.4
-4.6403    14.086    0.4
-4.6875    13.6516    0.4
-4.6886    13.6427    0.4
-4.6899    13.6339    0.4
-4.7563    13.2027    0.4
-4.7577    13.1939    0.4
-4.7593    13.1857    0.4
-4.8441    12.7585    0.4
-4.8459    12.7498    0.4
-4.8479    12.7411    0.4
-4.9519    12.3171    0.4
-4.9541    12.3084    0.4
-4.9564    12.3003    0.4
-5.0788    11.8811    0.4
-5.0814    11.8725    0.4
-5.084    11.8647    0.4
-5.224    11.4519    0.4
-5.227    11.4435    0.4
-5.23    11.4354    0.4
-5.3884    11.0282    0.4
-5.3917    11.0199    0.4
-5.3949    11.0124    0.4
-5.5701    10.6132    0.4
-5.5738    10.6051    0.4
-5.5776    10.5972    0.4
-5.7704    10.206    0.4
-5.7745    10.198    0.4
-5.7787    10.19    0.4
-5.9891    9.8076    0.4
-5.9935    9.7998    0.4
-5.9977    9.7928    0.4
-6.2241    9.42    0.4
-6.2288    9.4124    0.4
-6.2333    9.4056    0.4
-6.4757    9.0424    0.4
-6.4807    9.035    0.4
-6.4856    9.0282    0.4
-6.7432    8.6762    0.4
-6.7486    8.669    0.4
-6.754    8.6621    0.4
-7.0268    8.3221    0.4
-7.0325    8.3152    0.4
-7.0382    8.3085    0.4
-7.3262    7.9805    0.4
-7.3322    7.9738    0.4
-7.3378    7.9679    0.4
-7.6394    7.6527    0.4
-7.6456    7.6463    0.4
-7.6519    7.6402    0.4
-7.9671    7.3386    0.4
-7.9736    7.3325    0.4
-7.9797    7.327    0.4
-8.3077    7.039    0.4
-8.3145    7.0332    0.4
-8.3213    7.0276    0.4
-8.6613    6.7548    0.4
-8.6683    6.7493    0.4
-8.6754    6.744    0.4
-9.0274    6.4864    0.4
-9.0346    6.4812    0.4
-9.0416    6.4765    0.4
-9.4048    6.2341    0.4
-9.4122    6.2292    0.4
-9.4192    6.2249    0.4
-9.792    5.9985    0.4
-9.7997    5.994    0.4
-9.8068    5.9899    0.4
-10.1892    5.7795    0.4
-10.1971    5.7753    0.4
-10.2052    5.7712    0.4
-10.5964    5.5784    0.4
-10.6044    5.5745    0.4
-10.6124    5.5709    0.4
-11.0116    5.3957    0.4
-11.0199    5.3922    0.4
-11.0274    5.3892    0.4
-11.4346    5.2308    0.4
-11.443    5.2277    0.4
-11.4511    5.2248    0.4
-11.8639    5.0848    0.4
-11.8724    5.082    0.4
-11.8803    5.0796    0.4
-12.2995    4.9572    0.4
-12.3081    4.9548    0.4
-12.3163    4.9527    0.4
-12.7403    4.8487    0.4
-12.749    4.8467    0.4
-12.7577    4.8449    0.4
-13.1849    4.7601    0.4
-13.1937    4.7584    0.4
-13.2019    4.7571    0.4
-13.6331    4.6907    0.4
-13.642    4.6894    0.4
-13.6508    4.6883    0.4
-14.0852    4.6411    0.4
-14.0941    4.6403    0.4
-14.102    4.6397    0.4
-14.5372    4.6109    0.4
-14.5461    4.6104    0.4
-14.5548    4.6101    0.4
-14.9908    4.6005    0.4
-14.9996    4.6004    0.4
-24.5996    4.6004    0.4
-24.5996    -4.5996    0.4
-14.9996    -4.5996    0.4
-14.9908    -4.5997    0.4
-14.5548    -4.6093    0.4
-14.5459    -4.6096    0.4
-14.5372    -4.6101    0.4
-14.102    -4.6389    0.4
-14.0931    -4.6396    0.4
-14.0852    -4.6403    0.4
-13.6508    -4.6875    0.4
-13.6419    -4.6886    0.4
-13.6331    -4.6899    0.4
-13.2019    -4.7563    0.4
-13.1931    -4.7577    0.4
-13.1849    -4.7593    0.4
-12.7577    -4.8441    0.4
-12.749    -4.8459    0.4
-12.7403    -4.8479    0.4
-12.3163    -4.9519    0.4
-12.3076    -4.9541    0.4
-12.2995    -4.9564    0.4
-11.8803    -5.0788    0.4
-11.8717    -5.0814    0.4
-11.8639    -5.084    0.4
-11.4511    -5.224    0.4
-11.4427    -5.227    0.4
-11.4346    -5.23    0.4
-11.0274    -5.3884    0.4
-11.0191    -5.3917    0.4
-11.0116    -5.3949    0.4
-10.6124    -5.5701    0.4
-10.6043    -5.5738    0.4
-10.5964    -5.5776    0.4
-10.2052    -5.7704    0.4
-10.1972    -5.7745    0.4
-10.1892    -5.7787    0.4
-9.8068    -5.9891    0.4
-9.799    -5.9935    0.4
-9.792    -5.9977    0.4
-9.4192    -6.2241    0.4
-9.4116    -6.2288    0.4
-9.4048    -6.2333    0.4
-9.0416    -6.4757    0.4
-9.0342    -6.4807    0.4
-9.0274    -6.4856    0.4
-8.6754    -6.7432    0.4
-8.6682    -6.7486    0.4
-8.6613    -6.754    0.4
-8.3213    -7.0268    0.4
-8.3144    -7.0325    0.4
-8.3077    -7.0382    0.4
-7.9797    -7.3262    0.4
-7.973    -7.3322    0.4
-7.9671    -7.3378    0.4
-7.6519    -7.6394    0.4
-7.6455    -7.6456    0.4
-7.6394    -7.6519    0.4
-7.3378    -7.9671    0.4
-7.3317    -7.9736    0.4
-7.3262    -7.9797    0.4
-7.0382    -8.3077    0.4
-7.0324    -8.3145    0.4
-7.0268    -8.3213    0.4
-6.754    -8.6613    0.4
-6.7485    -8.6683    0.4
-6.7432    -8.6754    0.4
-6.4856    -9.0274    0.4
-6.4804    -9.0346    0.4
-6.4757    -9.0416    0.4
-6.2333    -9.4048    0.4
-6.2284    -9.4122    0.4
-6.2241    -9.4192    0.4
-5.9977    -9.792    0.4
-5.9932    -9.7997    0.4
-5.9891    -9.8068    0.4
-5.7787    -10.1892    0.4
-5.7745    -10.1971    0.4
-5.7704    -10.2052    0.4
-5.5776    -10.5964    0.4
-5.5737    -10.6044    0.4
-5.5701    -10.6124    0.4
-5.3949    -11.0116    0.4
-5.3914    -11.0199    0.4
-5.3884    -11.0274    0.4
-5.23    -11.4346    0.4
-5.2269    -11.443    0.4
-5.224    -11.4511    0.4
-5.084    -11.8639    0.4
-5.0812    -11.8724    0.4
-5.0788    -11.8803    0.4
-4.9564    -12.2995    0.4
-4.954    -12.3081    0.4
-4.9519    -12.3163    0.4
-4.8479    -12.7403    0.4
-4.8459    -12.749    0.4
-4.8441    -12.7577    0.4
-4.7593    -13.1849    0.4
-4.7576    -13.1937    0.4
-4.7563    -13.2019    0.4
-4.6899    -13.6331    0.4
-4.6886    -13.642    0.4
-4.6875    -13.6508    0.4
-4.6403    -14.0852    0.4
-4.6395    -14.0941    0.4
-4.6389    -14.102    0.4
-4.6101    -14.5372    0.4
-4.6096    -14.5461    0.4
-4.6093    -14.5548    0.4
-4.6083    -14.5996    0.4
4.6091    -14.5996    0.4
4.6101    -14.5548    0.4
1111    1111    1111
