4.2405    -14.0756    0.0004
4.2415    -14.063    0.0004
4.2426    -14.0504    0.0004
4.2435    -14.042    0.0004
4.2907    -13.6076    0.0004
4.2921    -13.595    0.0004
4.2938    -13.5825    0.0004
4.2953    -13.5722    0.0004
4.3617    -13.141    0.0004
4.3637    -13.1286    0.0004
4.366    -13.1161    0.0004
4.3677    -13.107    0.0004
4.4525    -12.6798    0.0004
4.4551    -12.6675    0.0004
4.4578    -12.6551    0.0004
4.4602    -12.645    0.0004
4.5642    -12.221    0.0004
4.5673    -12.2088    0.0004
4.5706    -12.1966    0.0004
4.5733    -12.1874    0.0004
4.6957    -11.7682    0.0004
4.6993    -11.7561    0.0004
4.7031    -11.744    0.0004
4.706    -11.7355    0.0004
4.846    -11.3227    0.0004
4.8501    -11.3107    0.0004
4.8545    -11.2988    0.0004
4.858    -11.2896    0.0004
5.0164    -10.8824    0.0004
5.0211    -10.8706    0.0004
5.026    -10.8589    0.0004
5.0294    -10.8509    0.0004
5.2046    -10.4517    0.0004
5.2098    -10.4402    0.0004
5.2152    -10.4287    0.0004
5.2196    -10.4195    0.0004
5.4124    -10.0283    0.0004
5.4181    -10.017    0.0004
5.424    -10.0058    0.0004
5.4291    -9.9964    0.0004
5.6395    -9.614    0.0004
5.6457    -9.6029    0.0004
5.652    -9.592    0.0004
5.6566    -9.5843    0.0004
5.883    -9.2115    0.0004
5.8897    -9.2008    0.0004
5.8965    -9.1901    0.0004
5.9014    -9.1827    0.0004
6.1438    -8.8195    0.0004
6.1509    -8.809    0.0004
6.1582    -8.7987    0.0004
6.1636    -8.7911    0.0004
6.4212    -8.4391    0.0004
6.4288    -8.429    0.0004
6.4365    -8.419    0.0004
6.4428    -8.4109    0.0004
6.7156    -8.0709    0.0004
6.7236    -8.0611    0.0004
6.7318    -8.0515    0.0004
6.7384    -8.0438    0.0004
7.0264    -7.7158    0.0004
7.0349    -7.7063    0.0004
7.0434    -7.697    0.0004
7.0496    -7.6905    0.0004
7.3512    -7.3753    0.0004
7.36    -7.3663    0.0004
7.369    -7.3573    0.0004
7.3761    -7.3504    0.0004
7.6913    -7.0488    0.0004
7.7005    -7.0401    0.0004
7.7099    -7.0316    0.0004
7.7166    -7.0256    0.0004
8.0446    -6.7376    0.0004
8.0541    -6.7294    0.0004
8.0638    -6.7213    0.0004
8.0717    -6.7148    0.0004
8.4117    -6.442    0.0004
8.4217    -6.4342    0.0004
8.4317    -6.4265    0.0004
8.4399    -6.4204    0.0004
8.7919    -6.1628    0.0004
8.8022    -6.1554    0.0004
8.8126    -6.1482    0.0004
8.8203    -6.143    0.0004
9.1835    -5.9006    0.0004
9.1941    -5.8936    0.0004
9.2048    -5.8869    0.0004
9.2123    -5.8822    0.0004
9.5851    -5.6558    0.0004
9.596    -5.6493    0.0004
9.607    -5.643    0.0004
9.6148    -5.6387    0.0004
9.9972    -5.4283    0.0004
10.0083    -5.4223    0.0004
10.0195    -5.4164    0.0004
10.0291    -5.4116    0.0004
10.4203    -5.2188    0.0004
10.4317    -5.2133    0.0004
10.4432    -5.208    0.0004
10.4525    -5.2038    0.0004
10.8517    -5.0286    0.0004
10.8633    -5.0237    0.0004
10.875    -5.0188    0.0004
10.8832    -5.0156    0.0004
11.2904    -4.8572    0.0004
11.3022    -4.8527    0.0004
11.3141    -4.8484    0.0004
11.3235    -4.8452    0.0004
11.7363    -4.7052    0.0004
11.7483    -4.7012    0.0004
11.7603    -4.6974    0.0004
11.769    -4.6949    0.0004
12.1882    -4.5725    0.0004
12.2003    -4.569    0.0004
12.2126    -4.5658    0.0004
12.2218    -4.5634    0.0004
12.6458    -4.4594    0.0004
12.6581    -4.4565    0.0004
12.6705    -4.4538    0.0004
12.6806    -4.4517    0.0004
13.1078    -4.3669    0.0004
13.1203    -4.3645    0.0004
13.1327    -4.3624    0.0004
13.1418    -4.3609    0.0004
13.573    -4.2945    0.0004
13.5856    -4.2927    0.0004
13.5981    -4.2911    0.0004
13.6084    -4.2899    0.0004
14.0428    -4.2427    0.0004
14.0554    -4.2414    0.0004
14.068    -4.2403    0.0004
14.0764    -4.2397    0.0004
14.5116    -4.2109    0.0004
14.5242    -4.2102    0.0004
14.5368    -4.2097    0.0004
14.5468    -4.2094    0.0004
14.9828    -4.1998    0.0004
15.0004    -4.1996    0.0004
24.2004    -4.1996    0.0004
24.2004    4.2004    0.0004
15.0004    4.2004    0.0004
14.9828    4.2006    0.0004
14.5468    4.2102    0.0004
14.5341    4.2106    0.0004
14.5215    4.2112    0.0004
14.5116    4.2117    0.0004
14.0764    4.2405    0.0004
14.0638    4.2415    0.0004
14.0512    4.2426    0.0004
14.0428    4.2435    0.0004
13.6084    4.2907    0.0004
13.5958    4.2921    0.0004
13.5833    4.2938    0.0004
13.573    4.2953    0.0004
13.1418    4.3617    0.0004
13.1294    4.3637    0.0004
13.1169    4.366    0.0004
13.1078    4.3677    0.0004
12.6806    4.4525    0.0004
12.6683    4.4551    0.0004
12.6559    4.4578    0.0004
12.6458    4.4602    0.0004
12.2218    4.5642    0.0004
12.2096    4.5673    0.0004
12.1974    4.5706    0.0004
12.1882    4.5733    0.0004
11.769    4.6957    0.0004
11.7569    4.6993    0.0004
11.7448    4.7031    0.0004
11.7363    4.706    0.0004
11.3235    4.846    0.0004
11.3115    4.8501    0.0004
11.2996    4.8545    0.0004
11.2904    4.858    0.0004
10.8832    5.0164    0.0004
10.8714    5.0211    0.0004
10.8597    5.026    0.0004
10.8517    5.0294    0.0004
10.4525    5.2046    0.0004
10.441    5.2098    0.0004
10.4295    5.2152    0.0004
10.4203    5.2196    0.0004
10.0291    5.4124    0.0004
10.0178    5.4181    0.0004
10.0066    5.424    0.0004
9.9972    5.4291    0.0004
9.6148    5.6395    0.0004
9.6037    5.6457    0.0004
9.5928    5.652    0.0004
9.5851    5.6566    0.0004
9.2123    5.883    0.0004
9.2016    5.8897    0.0004
9.1909    5.8965    0.0004
9.1835    5.9014    0.0004
8.8203    6.1438    0.0004
8.8098    6.1509    0.0004
8.7995    6.1582    0.0004
8.7919    6.1636    0.0004
8.4399    6.4212    0.0004
8.4298    6.4288    0.0004
8.4198    6.4365    0.0004
8.4117    6.4428    0.0004
8.0717    6.7156    0.0004
8.0619    6.7236    0.0004
8.0523    6.7318    0.0004
8.0446    6.7384    0.0004
7.7166    7.0264    0.0004
7.7071    7.0349    0.0004
7.6978    7.0434    0.0004
7.6913    7.0496    0.0004
7.3761    7.3512    0.0004
7.3671    7.36    0.0004
7.3581    7.369    0.0004
7.3512    7.3761    0.0004
7.0496    7.6913    0.0004
7.0409    7.7005    0.0004
7.0324    7.7099    0.0004
7.0264    7.7166    0.0004
6.7384    8.0446    0.0004
6.7302    8.0541    0.0004
6.7221    8.0638    0.0004
6.7156    8.0717    0.0004
6.4428    8.4117    0.0004
6.435    8.4217    0.0004
6.4273    8.4317    0.0004
6.4212    8.4399    0.0004
6.1636    8.7919    0.0004
6.1562    8.8022    0.0004
6.149    8.8126    0.0004
6.1438    8.8203    0.0004
5.9014    9.1835    0.0004
5.8944    9.1941    0.0004
5.8877    9.2048    0.0004
5.883    9.2123    0.0004
5.6566    9.5851    0.0004
5.6501    9.596    0.0004
5.6438    9.607    0.0004
5.6395    9.6148    0.0004
5.4291    9.9972    0.0004
5.4231    10.0083    0.0004
5.4172    10.0195    0.0004
5.4124    10.0291    0.0004
5.2196    10.4203    0.0004
5.2141    10.4317    0.0004
5.2088    10.4432    0.0004
5.2046    10.4525    0.0004
5.0294    10.8517    0.0004
5.0245    10.8633    0.0004
5.0196    10.875    0.0004
5.0164    10.8832    0.0004
4.858    11.2904    0.0004
4.8535    11.3022    0.0004
4.8492    11.3141    0.0004
4.846    11.3235    0.0004
4.706    11.7363    0.0004
4.702    11.7483    0.0004
4.6982    11.7603    0.0004
4.6957    11.769    0.0004
4.5733    12.1882    0.0004
4.5698    12.2003    0.0004
4.5666    12.2126    0.0004
4.5642    12.2218    0.0004
4.4602    12.6458    0.0004
4.4573    12.6581    0.0004
4.4546    12.6705    0.0004
4.4525    12.6806    0.0004
4.3677    13.1078    0.0004
4.3653    13.1203    0.0004
4.3632    13.1327    0.0004
4.3617    13.1418    0.0004
4.2953    13.573    0.0004
4.2935    13.5856    0.0004
4.2919    13.5981    0.0004
4.2907    13.6084    0.0004
4.2435    14.0428    0.0004
4.2422    14.0554    0.0004
4.2411    14.068    0.0004
4.2405    14.0764    0.0004
4.2323    14.2004    0.0004
-4.2315    14.2004    0.0004
-4.2397    14.0764    0.0004
-4.2407    14.0638    0.0004
-4.2418    14.0512    0.0004
-4.2427    14.0428    0.0004
-4.2899    13.6084    0.0004
-4.2913    13.5958    0.0004
-4.293    13.5833    0.0004
-4.2945    13.573    0.0004
-4.3609    13.1418    0.0004
-4.3629    13.1294    0.0004
-4.3652    13.1169    0.0004
-4.3669    13.1078    0.0004
-4.4517    12.6806    0.0004
-4.4543    12.6683    0.0004
-4.457    12.6559    0.0004
-4.4594    12.6458    0.0004
-4.5634    12.2218    0.0004
-4.5665    12.2096    0.0004
-4.5698    12.1974    0.0004
-4.5725    12.1882    0.0004
-4.6949    11.769    0.0004
-4.6985    11.7569    0.0004
-4.7023    11.7448    0.0004
-4.7052    11.7363    0.0004
-4.8452    11.3235    0.0004
-4.8493    11.3115    0.0004
-4.8537    11.2996    0.0004
-4.8572    11.2904    0.0004
-5.0156    10.8832    0.0004
-5.0203    10.8714    0.0004
-5.0252    10.8597    0.0004
-5.0286    10.8517    0.0004
-5.2038    10.4525    0.0004
-5.209    10.441    0.0004
-5.2144    10.4295    0.0004
-5.2188    10.4203    0.0004
-5.4116    10.0291    0.0004
-5.4173    10.0178    0.0004
-5.4232    10.0066    0.0004
-5.4283    9.9972    0.0004
-5.6387    9.6148    0.0004
-5.6449    9.6037    0.0004
-5.6512    9.5928    0.0004
-5.6558    9.5851    0.0004
-5.8822    9.2123    0.0004
-5.8889    9.2016    0.0004
-5.8957    9.1909    0.0004
-5.9006    9.1835    0.0004
-6.143    8.8203    0.0004
-6.1501    8.8098    0.0004
-6.1574    8.7995    0.0004
-6.1628    8.7919    0.0004
-6.4204    8.4399    0.0004
-6.428    8.4298    0.0004
-6.4357    8.4198    0.0004
-6.442    8.4117    0.0004
-6.7148    8.0717    0.0004
-6.7228    8.0619    0.0004
-6.731    8.0523    0.0004
-6.7376    8.0446    0.0004
-7.0256    7.7166    0.0004
-7.0341    7.7071    0.0004
-7.0426    7.6978    0.0004
-7.0488    7.6913    0.0004
-7.3504    7.3761    0.0004
-7.3592    7.3671    0.0004
-7.3682    7.3581    0.0004
-7.3753    7.3512    0.0004
-7.6905    7.0496    0.0004
-7.6997    7.0409    0.0004
-7.7091    7.0324    0.0004
-7.7158    7.0264    0.0004
-8.0438    6.7384    0.0004
-8.0533    6.7302    0.0004
-8.063    6.7221    0.0004
-8.0709    6.7156    0.0004
-8.4109    6.4428    0.0004
-8.4209    6.435    0.0004
-8.4309    6.4273    0.0004
-8.4391    6.4212    0.0004
-8.7911    6.1636    0.0004
-8.8014    6.1562    0.0004
-8.8118    6.149    0.0004
-8.8195    6.1438    0.0004
-9.1827    5.9014    0.0004
-9.1933    5.8944    0.0004
-9.204    5.8877    0.0004
-9.2115    5.883    0.0004
-9.5843    5.6566    0.0004
-9.5952    5.6501    0.0004
-9.6062    5.6438    0.0004
-9.614    5.6395    0.0004
-9.9964    5.4291    0.0004
-10.0075    5.4231    0.0004
-10.0187    5.4172    0.0004
-10.0283    5.4124    0.0004
-10.4195    5.2196    0.0004
-10.4309    5.2141    0.0004
-10.4424    5.2088    0.0004
-10.4517    5.2046    0.0004
-10.8509    5.0294    0.0004
-10.8625    5.0245    0.0004
-10.8742    5.0196    0.0004
-10.8824    5.0164    0.0004
-11.2896    4.858    0.0004
-11.3014    4.8535    0.0004
-11.3133    4.8492    0.0004
-11.3227    4.846    0.0004
-11.7355    4.706    0.0004
-11.7475    4.702    0.0004
-11.7595    4.6982    0.0004
-11.7682    4.6957    0.0004
-12.1874    4.5733    0.0004
-12.1995    4.5698    0.0004
-12.2118    4.5666    0.0004
-12.221    4.5642    0.0004
-12.645    4.4602    0.0004
-12.6573    4.4573    0.0004
-12.6697    4.4546    0.0004
-12.6798    4.4525    0.0004
-13.107    4.3677    0.0004
-13.1195    4.3653    0.0004
-13.1319    4.3632    0.0004
-13.141    4.3617    0.0004
-13.5722    4.2953    0.0004
-13.5848    4.2935    0.0004
-13.5973    4.2919    0.0004
-13.6076    4.2907    0.0004
-14.042    4.2435    0.0004
-14.0546    4.2422    0.0004
-14.0672    4.2411    0.0004
-14.0756    4.2405    0.0004
-14.5108    4.2117    0.0004
-14.5234    4.211    0.0004
-14.536    4.2105    0.0004
-14.546    4.2102    0.0004
-14.982    4.2006    0.0004
-14.9996    4.2004    0.0004
-24.1996    4.2004    0.0004
-24.1996    -4.1996    0.0004
-14.9996    -4.1996    0.0004
-14.982    -4.1998    0.0004
-14.546    -4.2094    0.0004
-14.5333    -4.2098    0.0004
-14.5207    -4.2104    0.0004
-14.5108    -4.2109    0.0004
-14.0756    -4.2397    0.0004
-14.063    -4.2407    0.0004
-14.0504    -4.2418    0.0004
-14.042    -4.2427    0.0004
-13.6076    -4.2899    0.0004
-13.595    -4.2913    0.0004
-13.5825    -4.293    0.0004
-13.5722    -4.2945    0.0004
-13.141    -4.3609    0.0004
-13.1286    -4.3629    0.0004
-13.1161    -4.3652    0.0004
-13.107    -4.3669    0.0004
-12.6798    -4.4517    0.0004
-12.6675    -4.4543    0.0004
-12.6551    -4.457    0.0004
-12.645    -4.4594    0.0004
-12.221    -4.5634    0.0004
-12.2088    -4.5665    0.0004
-12.1966    -4.5698    0.0004
-12.1874    -4.5725    0.0004
-11.7682    -4.6949    0.0004
-11.7561    -4.6985    0.0004
-11.744    -4.7023    0.0004
-11.7355    -4.7052    0.0004
-11.3227    -4.8452    0.0004
-11.3107    -4.8493    0.0004
-11.2988    -4.8537    0.0004
-11.2896    -4.8572    0.0004
-10.8824    -5.0156    0.0004
-10.8706    -5.0203    0.0004
-10.8589    -5.0252    0.0004
-10.8509    -5.0286    0.0004
-10.4517    -5.2038    0.0004
-10.4402    -5.209    0.0004
-10.4287    -5.2144    0.0004
-10.4195    -5.2188    0.0004
-10.0283    -5.4116    0.0004
-10.017    -5.4173    0.0004
-10.0058    -5.4232    0.0004
-9.9964    -5.4283    0.0004
-9.614    -5.6387    0.0004
-9.6029    -5.6449    0.0004
-9.592    -5.6512    0.0004
-9.5843    -5.6558    0.0004
-9.2115    -5.8822    0.0004
-9.2008    -5.8889    0.0004
-9.1901    -5.8957    0.0004
-9.1827    -5.9006    0.0004
-8.8195    -6.143    0.0004
-8.809    -6.1501    0.0004
-8.7987    -6.1574    0.0004
-8.7911    -6.1628    0.0004
-8.4391    -6.4204    0.0004
-8.429    -6.428    0.0004
-8.419    -6.4357    0.0004
-8.4109    -6.442    0.0004
-8.0709    -6.7148    0.0004
-8.0611    -6.7228    0.0004
-8.0515    -6.731    0.0004
-8.0438    -6.7376    0.0004
-7.7158    -7.0256    0.0004
-7.7063    -7.0341    0.0004
-7.697    -7.0426    0.0004
-7.6905    -7.0488    0.0004
-7.3753    -7.3504    0.0004
-7.3663    -7.3592    0.0004
-7.3573    -7.3682    0.0004
-7.3504    -7.3753    0.0004
-7.0488    -7.6905    0.0004
-7.0401    -7.6997    0.0004
-7.0316    -7.7091    0.0004
-7.0256    -7.7158    0.0004
-6.7376    -8.0438    0.0004
-6.7294    -8.0533    0.0004
-6.7213    -8.063    0.0004
-6.7148    -8.0709    0.0004
-6.442    -8.4109    0.0004
-6.4342    -8.4209    0.0004
-6.4265    -8.4309    0.0004
-6.4204    -8.4391    0.0004
-6.1628    -8.7911    0.0004
-6.1554    -8.8014    0.0004
-6.1482    -8.8118    0.0004
-6.143    -8.8195    0.0004
-5.9006    -9.1827    0.0004
-5.8936    -9.1933    0.0004
-5.8869    -9.204    0.0004
-5.8822    -9.2115    0.0004
-5.6558    -9.5843    0.0004
-5.6493    -9.5952    0.0004
-5.643    -9.6062    0.0004
-5.6387    -9.614    0.0004
-5.4283    -9.9964    0.0004
-5.4223    -10.0075    0.0004
-5.4164    -10.0187    0.0004
-5.4116    -10.0283    0.0004
-5.2188    -10.4195    0.0004
-5.2133    -10.4309    0.0004
-5.208    -10.4424    0.0004
-5.2038    -10.4517    0.0004
-5.0286    -10.8509    0.0004
-5.0237    -10.8625    0.0004
-5.0188    -10.8742    0.0004
-5.0156    -10.8824    0.0004
-4.8572    -11.2896    0.0004
-4.8527    -11.3014    0.0004
-4.8484    -11.3133    0.0004
-4.8452    -11.3227    0.0004
-4.7052    -11.7355    0.0004
-4.7012    -11.7475    0.0004
-4.6974    -11.7595    0.0004
-4.6949    -11.7682    0.0004
-4.5725    -12.1874    0.0004
-4.569    -12.1995    0.0004
-4.5658    -12.2118    0.0004
-4.5634    -12.221    0.0004
-4.4594    -12.645    0.0004
-4.4565    -12.6573    0.0004
-4.4538    -12.6697    0.0004
-4.4517    -12.6798    0.0004
-4.3669    -13.107    0.0004
-4.3645    -13.1195    0.0004
-4.3624    -13.1319    0.0004
-4.3609    -13.141    0.0004
-4.2945    -13.5722    0.0004
-4.2927    -13.5848    0.0004
-4.2911    -13.5973    0.0004
-4.2899    -13.6076    0.0004
-4.2427    -14.042    0.0004
-4.2414    -14.0546    0.0004
-4.2403    -14.0672    0.0004
-4.2397    -14.0756    0.0004
-4.2315    -14.1996    0.0004
4.2323    -14.1996    0.0004
4.2405    -14.0756    0.0004