-12.1121009    -4.386105842379598    0.2
-12.1121009    4.386905742379601    0.2
-12.1313    4.381299900000001    0.2
-12.1318    4.381199900000001    0.2
-12.1439    4.3776999000000005    0.2
-12.1491    4.3761999000000005    0.2
-12.1614    4.372999900000001    0.2
-12.1614    4.373099900000001    0.2
-12.1705    4.370699900000001    0.2
-12.1734    4.369999900000001    0.2
-12.521684203333335    4.28457169918239    0.2
-12.521684203333335    -4.2837717991823885    0.2
-12.5974    -4.265199999999999    0.2
-12.5988    -4.264799999999999    0.2
-12.6089    -4.2623999999999995    0.2
-12.6125    -4.261599999999999    0.2
-12.6249    -4.258899999999999    0.2
-12.6260999    -4.2585999999999995    0.2
-12.6384    -4.255999999999999    0.2
-12.6409    -4.255499999999999    0.2
-12.93126750666667    -4.19786150616729    0.2
-12.93126750666667    4.198661406167291    0.2
-13.0681    4.171499900000001    0.2
-13.0693    4.171299900000001    0.2
-13.0818    4.168899900000001    0.2
-13.0861    4.1680999000000005    0.2
-13.0985    4.165999900000001    0.2
-13.0994    4.165899900000001    0.2
-13.1085    4.164399900000001    0.2
-13.1106    4.163999900000001    0.2
-13.340850810000003    4.1285438383487945    0.2
-13.340850810000003    -4.127743938348793    0.2
-13.5418    -4.096799999999999    0.2
-13.5434    -4.096599999999999    0.2
-13.5537    -4.0950999999999995    0.2
-13.5555    -4.094799999999999    0.2
-13.568    -4.093099999999999    0.2
-13.5729    -4.092499999999999    0.2
-13.5855    -4.091099999999999    0.2
-13.586    -4.091099999999999    0.2
-13.750434113333338    -4.073233309969305    0.2
-13.750434113333338    4.074033209969307    0.2
-14.0204    4.044699900000001    0.2
-14.0215    4.044599900000001    0.2
-14.0341    4.043299900000001    0.2
-14.0372    4.042999900000001    0.2
-14.0498    4.041899900000001    0.2
-14.053    4.0415999000000005    0.2
-14.0614    4.040999900000001    0.2
-14.0624    4.040899900000001    0.2
-14.160017416666673    4.03443992389706    0.2
-14.160017416666673    -4.033640023897058    0.2
-14.4976    -4.011299999999999    0.2
-14.5007    -4.011199999999999    0.2
-14.5106    -4.010699999999999    0.2
-14.5112    -4.010599999999999    0.2
-14.5238    -4.009999999999999    0.2
-14.527    -4.009899999999999    0.2
-14.5397    -4.009499999999999    0.2
-14.5416    -4.009399999999999    0.2
-14.569600720000007    -4.00878347038532    0.2
-14.569600720000007    4.009583370385322    0.2
-14.9776    4.000599900000001    0.2
-14.979184023333342    4.000599900000001    0.2
-14.979184023333342    -3.999799999999999    0.2
-14.9797    -3.999799999999999    0.2
-14.9973    -3.999599999999999    0.2
-15.388767326666676    -3.999599999999999    0.2
-15.388767326666676    4.000399900000001    0.2
-15.79835063000001    4.000399900000001    0.2
-15.79835063000001    -3.999599999999999    0.2
-16.207933933333344    -3.999599999999999    0.2
-16.207933933333344    4.000399900000001    0.2
-16.617517236666675    4.000399900000001    0.2
-16.617517236666675    -3.999599999999999    0.2
-17.02710054000001    -3.999599999999999    0.2
-17.02710054000001    4.000399900000001    0.2
-17.43668384333334    4.000399900000001    0.2
-17.43668384333334    -3.999599999999999    0.2
-17.846267146666676    -3.999599999999999    0.2
-17.846267146666676    4.000399900000001    0.2
-18.255850450000008    4.000399900000001    0.2
-18.255850450000008    -3.9995999999999987    0.2
-18.66543375333334    -3.9995999999999987    0.2
-18.66543375333334    4.000399900000001    0.2
-19.075017056666674    4.000399900000001    0.2
-19.075017056666674    -3.9995999999999987    0.2
-19.484600360000005    -3.9995999999999987    0.2
-19.484600360000005    4.000399900000001    0.2
-19.89418366333334    4.000399900000001    0.2
-19.89418366333334    -3.9995999999999987    0.2
-20.30376696666667    -3.9995999999999987    0.2
-20.30376696666667    4.000399900000001    0.2
-20.713350270000003    4.000399900000001    0.2
-20.713350270000003    -3.9995999999999987    0.2
-21.122933573333338    -3.9995999999999987    0.2
-21.122933573333338    4.000399900000001    0.2
-21.53251687666667    4.000399900000001    0.2
-21.53251687666667    -3.9995999999999987    0.2
-21.942100180000004    -3.9995999999999987    0.2
-21.942100180000004    4.0003999000000015    0.2
-22.351683483333336    4.0003999000000015    0.2
-22.351683483333336    -3.9995999999999987    0.2
-22.761266786666667    -3.9995999999999987    0.2
-22.761266786666667    4.0003999000000015    0.2
-23.170850090000002    4.0003999000000015    0.2
-23.170850090000002    -3.9995999999999987    0.2
-23.580433393333333    -3.9995999999999987    0.2
-23.580433393333333    4.0003999000000015    0.2
-23.990016696666668    4.0003999000000015    0.2
-23.990016696666668    -3.9995999999999987    0.2
1111    1111    1111
-8.099601    -6.435317079999998    0.2
-8.099601    6.436116980000001    0.2
-8.2857    6.286799900000001    0.2
-8.2879    6.2850999000000005    0.2
-8.2979    6.277299900000001    0.2
-8.2989    6.276499900000001    0.2
-8.3089    6.268799900000001    0.2
-8.3115    6.2667999000000005    0.2
-8.3196999    6.2606999000000005    0.2
-8.321    6.259799900000001    0.2
-8.5008508    6.128181814545456    0.2
-8.5008508    -6.127381914545454    0.2
-8.673    -6.001399999999999    0.2
-8.6753    -5.999799999999999    0.2
-8.6829    -5.994399999999999    0.2
-8.6831    -5.994199999999999    0.2
-8.6934    -5.9868999999999994    0.2
-8.6969999    -5.984399999999999    0.2
-8.7075    -5.977299999999999    0.2
-8.7085    -5.9765999999999995    0.2
-8.9021006    -5.847390788986782    0.2
-8.9021006    5.848190688986785    0.2
-9.0717    5.734999900000001    0.2
-9.0725    5.734499900000001    0.2
-9.0831    5.727499900000001    0.2
-9.0872    5.7248999000000005    0.2
-9.0978999    5.718199900000001    0.2
-9.1054    5.713499900000001    0.2
-9.1077    5.712099900000001    0.2
-9.3033504    5.593282167811159    0.2
-9.3033504    -5.592482267811158    0.2
-9.4805    -5.484899999999999    0.2
-9.4817    -5.484099999999999    0.2
-9.4894    -5.479499999999999    0.2
-9.4919    -5.477999999999999    0.2
-9.5028    -5.471699999999999    0.2
-9.5054    -5.470299999999999    0.2
-9.5165    -5.464099999999999    0.2
-9.5176    -5.463499999999999    0.2
-9.7046002    -5.360610768619245    0.2
-9.7046002    5.361410668619248    0.2
-9.9    5.253899900000001    0.2
-9.9013    5.253199900000001    0.2
-9.9124    5.247199900000001    0.2
-9.9143    5.246199900000001    0.2
-9.9255    5.240299900000001    0.2
-9.9293    5.238299900000001    0.2
-9.9399    5.232999900000001    0.2
-10.10585    5.151212681186094    0.2
-10.10585    -5.150412781186093    0.2
-10.3311    -5.039399999999999    0.2
-10.3332    -5.038399999999999    0.2
-10.3424    -5.033999999999999    0.2
-10.3437    -5.033399999999999    0.2
-10.3552    -5.027999999999999    0.2
-10.3577999    -5.026799999999999    0.2
-10.3693    -5.021599999999999    0.2
-10.3713    -5.020699999999999    0.2
-10.5070998    -4.961100488577153    0.2
-10.5070998    4.961900388577154    0.2
-10.7705    4.846299900000001    0.2
-10.7731    4.845199900000001    0.2
-10.7847    4.840299900000001    0.2
-10.7852    4.8399999000000005    0.2
-10.7969    4.835099900000001    0.2
-10.8015    4.833299900000001    0.2
-10.8097    4.8300999000000004    0.2
-10.8099    4.829999900000001    0.2
-10.908349600000001    4.791703199017682    0.2
-10.908349600000001    -4.790903299017681    0.2
-11.2171    -4.670799999999999    0.2
-11.2185    -4.670299999999999    0.2
-11.2277    -4.666799999999999    0.2
-11.2294    -4.666099999999999    0.2
-11.2413    -4.661699999999999    0.2
-11.246    -4.659999999999999    0.2
-11.2579999    -4.655899999999999    0.2
-11.2585    -4.655799999999999    0.2
-11.3095994    -4.638465358729388    0.2
-11.3095994    4.639269677131784    0.2
-11.6713    4.516599900000001    0.2
-11.6723    4.516299900000001    0.2
-11.6843    4.512299900000001    0.2
-11.6870999    4.511299900000001    0.2
-11.6991    4.507499900000001    0.2
-11.7043    4.505999900000001    0.2
-11.7108492    4.504152704816002    0.2
-11.7108492    -4.503304370247933    0.2
1111    1111    1111
-4.772200900000001    -10.956427732323231    0.2
-4.7722009000000005    -6.038949421899736    0.2
-4.9283    -5.9158    0.2
-4.9318    -5.913    0.2
-4.9366    -5.9089    0.2
-5.188125662500001    -5.687251695200276    0.2
-5.188125662500002    -10.029328639574686    0.2
-5.232199900000001    -9.9399    0.2
-5.237499900000001    -9.9293    0.2
-5.239499900000001    -9.9255    0.2
-5.245399900000001    -9.9143    0.2
-5.246399900000001    -9.9124    0.2
-5.252399900000001    -9.9013    0.2
-5.2530999000000005    -9.9    0.2
-5.463499900000001    -9.5176    0.2
-5.463599900000001    -9.5174    0.2
-5.467899900000001    -9.5096    0.2
-5.469399900000001    -9.5068    0.2
-5.475699900000001    -9.4957999    0.2
-5.477499900000001    -9.4928    0.2
-5.483999900000001    -9.4819    0.2
-5.484899900000001    -9.4805    0.2
-5.604050425000001    -9.2843016090106    0.2
-5.6040504250000005    -5.2764888349805    0.2
-5.7798999    -5.0867    0.2
-5.7828    -5.0836    0.2
-5.7869    -5.0788    0.2
-6.0199751875    -4.798958804069096    0.2
-6.019975187500001    -8.647617619565217    0.2
-6.258999900000001    -8.321    0.2
-6.259899900000001    -8.3196999    0.2
-6.265999900000001    -8.3115    0.2
-6.267999900000001    -8.3089    0.2
-6.275699900000001    -8.2989    0.2
-6.276499900000001    -8.2979    0.2
-6.284299900000001    -8.2879    0.2
-6.285999900000001    -8.2857    0.2
-6.435899950000001    -8.098874424486805    0.2
-6.4358999500000005    -4.222599330855018    0.2
-6.4936    -4.1368    0.2
-6.4955999    -4.1336    0.2
-6.499    -4.1283    0.2
-6.6982    -3.7970999999999995    0.2
-6.7002    -3.7935999999999996    0.2
-6.7032999    -3.7880999999999996    0.2
-6.851824712500001    -3.509370769674684    0.2
-6.851824712500002    -7.610535734813981    0.2
-6.875300000000001    -7.5838    0.2
-6.876599900000001    -7.5824    0.2
-6.882599900000001    -7.5757    0.2
-6.883300000000001    -7.575    0.2
-6.8917999000000005    -7.5656    0.2
-6.894799900000001    -7.5623    0.2
-6.903500000000001    -7.5531    0.2
-6.904299900000001    -7.5522    0.2
-7.2059    -7.237    0.2
-7.207    -7.2359    0.2
-7.2139    -7.2288    0.2
-7.2265    -7.2162    0.2
-7.2355    -7.2074    0.2
-7.237    -7.2059    0.2
-7.2677494750000005    -7.176477278997459    0.2
-7.2677494750000005    -2.5339071660377344    0.2
-7.3332    -2.3461999999999996    0.2
-7.3345    -2.3423999999999996    0.2
-7.3364    -2.3363999999999994    0.2
-7.4444    -1.9659999999999995    0.2
-7.4455    -1.9620999999999995    0.2
-7.447    -1.9559999999999995    0.2
-7.5358    -1.5799999999999996    0.2
-7.5368    -1.5757999999999996    0.2
-7.538    -1.5695999999999997    0.2
-7.6068    -1.1895999999999995    0.2
-7.6074    -1.1858999999999995    0.2
-7.6083    -1.1796999999999995    0.2
-7.6579    -0.7964999999999995    0.2
-7.6584    -0.7927999999999995    0.2
-7.659    -0.7865999999999995    0.2
-7.6836742375    -0.47427609901315715    0.2
-7.6836742375    -6.787605522317679    0.2
1111    1111    1111
-4.4911010000000005    6.251612773536896    0.2
-4.491101    11.753323393295176    0.2
-4.5028999999999995    11.7129    0.2
-4.503199999999999    11.712    0.2
-4.506799999999999    11.6999    0.2
-4.507699999999999    11.6969999    0.2
-4.511499999999999    11.6849    0.2
-4.512999999999999    11.6801999    0.2
-4.515899999999999    11.6717    0.2
-4.655799999999999    11.2593    0.2
-4.655899999999999    11.2588    0.2
-4.659999999999999    11.2468    0.2
-4.661699999999999    11.2421    0.2
-4.666099999999999    11.2302    0.2
-4.666799999999999    11.2285    0.2
-4.670299999999999    11.2193    0.2
-4.670799999999999    11.2179    0.2
-4.829199999999999    10.8107    0.2
-4.829799999999999    10.8092    0.2
-4.834499999999999    10.7974    0.2
-4.835799999999999    10.7941    0.2
-4.840699999999999    10.7824    0.2
-4.841099999999999    10.7815    0.2
-4.844499999999999    10.7735    0.2
-4.8454999999999995    10.7713    0.2
-4.8920452222222215    10.665244904616946    0.2
-4.892045222222222    5.945202054236294    0.2
-4.9283    5.9166    0.2
-4.9332    5.9126    0.2
-4.9366    5.9097    0.2
-5.2262    5.6545    0.2
-5.2309    5.6502    0.2
-5.2335    5.6477    0.2
-5.292989444444445    5.589757968850353    0.2
-5.292989444444444    9.82830131389945    0.2
-5.463499999999999    9.5184    0.2
-5.464099999999999    9.5173    0.2
-5.470299999999999    9.5062    0.2
-5.471699999999999    9.5036    0.2
-5.477999999999999    9.4926999    0.2
-5.479499999999999    9.4902    0.2
-5.484099999999999    9.4825    0.2
-5.484899999999999    9.4812999    0.2
-5.693933666666666    9.137096145450675    0.2
-5.693933666666667    5.180280665236535    0.2
-5.7798999    5.0875    0.2
-5.7840999    5.0828    0.2
-5.7869    5.0796    0.2
-6.0340999    4.7828    0.2
-6.038    4.7779    0.2
-6.0403    4.7749    0.2
-6.094877888888889    4.702254947892721    0.2
-6.094877888888888    8.54606623878537    0.2
-6.2589999999999995    8.3218    0.2
-6.260599999999999    8.3196    0.2
-6.268199999999999    8.3095    0.2
-6.269499999999999    8.3078    0.2
-6.277199999999999    8.2978    0.2
-6.277799999999999    8.297    0.2
-6.284099999999999    8.2889    0.2
-6.285999999999999    8.2865    0.2
-6.495822111111111    8.024991503747149    0.2
-6.495822111111112    4.134136120915032    0.2
-6.497    4.1323    0.2
-6.499    4.1291    0.2
-6.6982    3.7978999000000004    0.2
-6.7013999    3.7924000000000007    0.2
-6.7032999    3.7888999000000005    0.2
-6.8849    3.4481000000000006    0.2
-6.8878    3.4424000000000006    0.2
-6.8897    3.4384000000000006    0.2
-6.896766333333334    3.4232281623368057    0.2
-6.896766333333333    7.5610118505747135    0.2
-6.897899999999999    7.5598    0.2
-6.904099999999999    7.5533    0.2
-6.904299999999999    7.553    0.2
-7.2059    7.2378    0.2
-7.2074    7.2363    0.2
-7.2162    7.2273    0.2
-7.2288    7.2147    0.2
-7.2359    7.2078    0.2
-7.237    7.2067    0.2
-7.297710555555556    7.1486089161592306    0.2
-7.297710555555556    2.448780948218029    0.2
-7.3332    2.3469999000000006    0.2
-7.3352    2.3409999000000004    0.2
-7.3364    2.3371999000000003    0.2
-7.4444    1.9667999000000005    0.2
-7.4461    1.9606999000000005    0.2
-7.447    1.9567999000000005    0.2
-7.5358    1.5807999000000004    0.2
-7.5372    1.5745999000000004    0.2
-7.538    1.5703999000000004    0.2
-7.6068    1.1903999000000005    0.2
-7.6078    1.1841999000000005    0.2
-7.6083    1.1804999000000005    0.2
-7.6579    0.7972999000000004    0.2
-7.6587    0.7909999000000004    0.2
-7.659    0.7873999000000005    0.2
-7.6894    0.40259990000000045    0.2
-7.6898    0.39619990000000044    0.2
-7.6899    0.3917999000000004    0.2
-7.6986547777777785    0.039420094444398486    0.2
-7.6986547777777785    6.775251773409385    0.2
1111    1111    1111
7.300399    -7.146001952221131    0.2
7.300399    -2.4425650320754726    0.2
7.2068    -2.7109999000000005    0.2
7.2055    -2.7146999000000003    0.2
7.2032    -2.7205999000000003    0.2
7.0576    -3.0781999000000004    0.2
7.0563    -3.0814999000000003    0.2
7.0537    -3.0871999000000003    0.2
6.897979043333333    -3.421542049436863    0.2
6.897979043333332    -7.5597706778160925    0.2
6.8957999999999995    -7.5621    0.2
6.887299999999999    -7.5714    0.2
6.8858999999999995    -7.5729    0.2
6.877399999999999    -7.5824    0.2
6.876099999999999    -7.5838    0.2
6.588099999999999    -7.9118    0.2
6.586499999999999    -7.9136    0.2
6.579899999999999    -7.9213    0.2
6.579699999999999    -7.9216    0.2
6.5714999999999995    -7.9312    0.2
6.568699999999999    -7.9346    0.2
6.560699999999999    -7.9444    0.2
6.559599999999999    -7.9457    0.2
6.495559086666665    -8.025516387585533    0.2
6.495559086666666    -4.134993188431373    0.2
6.4944    -4.1368    0.2
6.2792    -4.4568    0.2
6.2768    -4.4602    0.2
6.2731    -4.4653    0.2
6.093139129999999    -4.7048341235172435    0.2
6.093139129999998    -8.54873535031056    0.2
6.002199999999999    -8.673    0.2
6.0005999999999995    -8.6753    0.2
5.995199999999999    -8.6829    0.2
5.994999999999999    -8.6831    0.2
5.987699999999999    -8.6934    0.2
5.985199999999999    -8.6969999    0.2
5.9780999999999995    -8.7075    0.2
5.977399999999999    -8.7085    0.2
5.734999999999999    -9.0717    0.2
5.7345999999999995    -9.0723    0.2
5.729699999999999    -9.0797    0.2
5.727699999999999    -9.0828    0.2
5.720899999999999    -9.0935    0.2
5.720199999999999    -9.0947    0.2
5.713499999999999    -9.1054    0.2
5.7120999999999995    -9.1077    0.2
5.690719173333331    -9.142906590906952    0.2
5.690719173333332    -5.183813453170733    0.2
5.5183    -5.3699    0.2
5.5156    -5.3728    0.2
5.5111    -5.3773    0.2
5.288299216666665    -5.594305306743457    0.2
5.2882992166666645    -9.837479750697087    0.2
5.253899999999999    -9.9    0.2
5.253299999999999    -9.901    0.2
5.248199999999999    -9.9103999    0.2
5.247099999999999    -9.9126    0.2
5.241199999999999    -9.9238    0.2
5.239499999999999    -9.9269    0.2
5.233799999999999    -9.9382    0.2
5.232999999999999    -9.9399    0.2
5.040199999999999    -10.3311    0.2
5.039199999999999    -10.3332    0.2
5.034799999999999    -10.3424    0.2
5.034199999999999    -10.3437    0.2
5.0287999999999995    -10.3552    0.2
5.027599999999999    -10.3577999    0.2
5.022399999999999    -10.3693    0.2
5.021499999999999    -10.3713    0.2
4.885879259999997    -10.68031711990868    0.2
4.885879259999998    -5.949897628654355    0.2
4.6259    -6.155    0.2
4.6231    -6.1571    0.2
4.6181    -6.1609    0.2
4.483459303333331    -6.256827213910095    0.2
4.48345930333333    -11.781421078779967    0.2
4.3812999999999995    -12.1313    0.2
4.378699999999999    -12.1403    0.2
4.3774999999999995    -12.1443999    0.2
4.374199999999999    -12.1565999    0.2
4.373499999999999    -12.1595    0.2
4.370399999999999    -12.1717    0.2
4.369999999999999    -12.1734    0.2
4.265999999999999    -12.5974    0.2
4.265599999999999    -12.5988    0.2
4.263199999999999    -12.6089    0.2
4.2623999999999995    -12.6125    0.2
4.259699999999999    -12.6249    0.2
4.259399999999999    -12.6260999    0.2
4.256799999999999    -12.6384    0.2
4.2562999999999995    -12.6409    0.2
4.171499999999999    -13.0681    0.2
4.171099999999999    -13.0703    0.2
4.1693999999999996    -13.0794    0.2
4.169299999999999    -13.0799    0.2
4.166999999999999    -13.0924    0.2
4.166299999999999    -13.0968    0.2
4.164299999999999    -13.1092    0.2
4.163999999999999    -13.1106    0.2
4.097599999999999    -13.5418    0.2
4.0973999999999995    -13.5434    0.2
4.095899999999999    -13.5537    0.2
4.095599999999999    -13.5555    0.2
4.093899999999999    -13.568    0.2
4.093299999999999    -13.5729    0.2
4.091899999999999    -13.5855    0.2
4.091899999999999    -13.586    0.2
4.081039346666663    -13.686043791061643    0.2
4.081039346666664    -6.526596101013074    0.2
3.9683999999999995    -6.5981    0.2
3.9652999999999996    -6.6    0.2
3.9597999999999995    -6.6032    0.2
3.678619389999997    -6.762535679000002    0.2
3.6786193899999966    -13.9996    0.2
3.27619943333333    -13.9996    0.2
3.2761994333333306    -6.967700283333334    0.2
3.2653999999999996    -6.9731    0.2
3.2595999999999994    -6.9757    0.2
2.9059999999999997    -7.1301    0.2
2.9025999999999996    -7.1315    0.2
2.8967999999999994    -7.1339    0.2
2.8737794766666642    -7.142609091792036    0.2
2.873779476666664    -13.9996    0.2
2.4713595199999974    -13.9996    0.2
2.471359519999998    -7.29119328278261    0.2
2.1568999999999994    -7.391    0.2
2.1533999999999995    -7.3921    0.2
2.1472999999999995    -7.3938    0.2
2.068939563333331    -7.4144388302141335    0.2
2.0689395633333305    -13.9996    0.2
1.666519606666664    -13.9996    0.2
1.6665196066666645    -7.5149251248728826    0.2
1.3862999999999996    -7.5737    0.2
1.3820999999999997    -7.5746    0.2
1.3758999999999995    -7.5756    0.2
1.2640996499999981    -7.592944289098532    0.2
1.2640996499999977    -13.9996    0.2
0.861679693333331    -13.9996    0.2
0.8616796933333315    -7.648872948611111    0.2
0.6002999999999995    -7.6761    0.2
0.5961999999999995    -7.6765    0.2
0.5898999999999995    -7.6769    0.2
0.4592597366666649    -7.683661918391994    0.2
0.45925973666666453    -13.9996    0.2
0.056839779999997876    -13.9996    0.2
0.056839779999998265    -7.6972    0.2
-0.19639990000000046    -7.6972    0.2
-0.20269990000000046    -7.6969    0.2
-0.3455801766666683    -7.689504540545204    0.2
-0.3455801766666687    -13.9996    0.2
-0.7480001333333354    -13.9996    0.2
-0.7480001333333349    -7.660631225694445    0.2
-0.9834999000000004    -7.6361    0.2
-0.9871999000000005    -7.6357    0.2
-0.9934999000000004    -7.6348    0.2
-1.1504200900000014    -7.610455987295597    0.2
-1.150420090000002    -13.9996    0.2
-1.5528400466666687    -13.9996    0.2
-1.5528400466666683    -7.538601113305085    0.2
-1.7630999000000005    -7.4945    0.2
-1.7667999000000005    -7.4937    0.2
-1.7728999000000005    -7.4922    0.2
-1.9552600033333347    -7.444169394625268    0.2
-1.9552600033333352    -13.9996    0.2
-2.357679960000002    -13.9996    0.2
-2.3576799600000014    -7.327020241826087    0.2
-2.5240999000000004    -7.2742    0.2
-2.5283999000000006    -7.2728    0.2
-2.5343999000000004    -7.2707    0.2
-2.7600999166666678    -7.1853134892699115    0.2
-2.760099916666668    -13.9996    0.2
-3.1625198733333346    -13.9996    0.2
-3.162519873333334    -7.0177408261236796    0.2
-3.2587999000000005    -6.9757    0.2
-3.2624999000000003    -6.974    0.2
-3.2681999000000004    -6.9713    0.2
-3.5649398300000006    -6.822930035    0.2
-3.564939830000001    -13.9996    0.2
-3.967359786666668    -13.9996    0.2
-3.9673597866666674    -6.598246738643307    0.2
-3.9675999000000006    -6.5981    0.2
-4.2939999    -6.3909    0.2
-4.2976    -6.3884999    0.2
-4.3029    -6.3849    0.2
-4.369779743333334    -6.337250273503336    0.2
-4.369779743333335    -12.17099779190476    0.2
1111    1111    1111
3.972999700000001    6.595980029816167    0.2
3.9729997000000012    14.0004    0.2
3.5699473380952393    14.0004    0.2
3.569947338095239    6.821626280952381    0.2
3.2689999000000003    6.9721    0.2
3.2632999000000003    6.9748    0.2
3.2595999000000004    6.9765    0.2
3.166894976190477    7.016979751799181    0.2
3.1668949761904774    14.0004    0.2
2.7638426142857155    14.0004    0.2
2.763842614285715    7.185000212073324    0.2
2.5351999000000003    7.2715    0.2
2.5291999000000005    7.2736    0.2
2.5248999000000003    7.275    0.2
2.3607902523809536    7.327086975113872    0.2
2.360790252380954    14.0004    0.2
1.957737890476192    14.0004    0.2
1.9577378904761915    7.444527467176506    0.2
1.7736999000000004    7.493    0.2
1.7675999000000004    7.4945    0.2
1.7638999000000004    7.4953    0.2
1.5546855285714298    7.539181827905569    0.2
1.5546855285714303    14.0004    0.2
1.1516331666666684    14.0004    0.2
1.151633166666668    7.6111919041229905    0.2
0.9942999000000005    7.6356    0.2
0.9879999000000005    7.6365    0.2
0.9842999000000004    7.6369    0.2
0.748580804761906    7.661454072420635    0.2
0.7485808047619065    14.0004    0.2
0.3455284428571444    14.0004    0.2
0.345528442857144    7.690348626146111    0.2
0.20349990000000048    7.6977    0.2
0.19719990000000048    7.698    0.2
-0.057523919047617895    7.698    0.2
-0.05752391904761751    14.0004    0.2
-0.4605762809523795    14.0004    0.2
-0.4605762809523799    7.684352366410332    0.2
-0.5890999999999995    7.6777    0.2
-0.5953999999999996    7.6773    0.2
-0.5994999999999996    7.6769    0.2
-0.8636286428571418    7.649386599702381    0.2
-0.8636286428571414    14.0004    0.2
-1.2666810047619033    14.0004    0.2
-1.2666810047619037    7.5932197183388235    0.2
-1.3750999999999995    7.5764    0.2
-1.3812999999999995    7.5754    0.2
-1.3854999999999995    7.5745    0.2
-1.6697333666666658    7.514883255720338    0.2
-1.6697333666666654    14.0004    0.2
-2.0727857285714273    14.0004    0.2
-2.0727857285714277    7.414015107892322    0.2
-2.1464999999999996    7.3946    0.2
-2.1525999999999996    7.3929    0.2
-2.1560999999999995    7.3918    0.2
-2.4758380904761896    7.290317910414079    0.2
-2.475838090476189    14.0004    0.2
-2.878890452380951    14.0004    0.2
-2.8788904523809515    7.14117285982933    0.2
-2.8959999999999995    7.1347    0.2
-2.9017999999999997    7.1323    0.2
-2.9051999999999993    7.1309    0.2
-3.2587999999999995    6.9765    0.2
-3.2645999999999997    6.9739    0.2
-3.281942814285713    6.9652285928571445    0.2
-3.2819428142857126    14.0004    0.2
-3.6849951761904745    14.0004    0.2
-3.684995176190475    6.759269400158731    0.2
-3.9589999999999996    6.604    0.2
-3.9644999999999997    6.6007999    0.2
-3.9675999999999996    6.5989    0.2
-4.088047538095238    6.522439381231191    0.2
-4.088047538095237    13.614918074457792    0.2
1111    1111    1111
7.300399    2.443365132075472    0.2
7.300399    7.146801972081217    0.2
7.2378    7.2067    0.2
7.2363    7.2082    0.2
7.2273    7.217    0.2
7.2147    7.2296    0.2
7.2078    7.2367    0.2
7.2067    7.2378    0.2
6.905099900000001    7.553    0.2
6.904299900000001    7.5539    0.2
6.895599900000001    7.5631    0.2
6.8925999000000004    7.5664    0.2
6.8844742375    7.575386026764706    0.2
6.884474237499999    3.450400329625552    0.2
6.7041    3.7888999999999995    0.2
6.7009999    3.7943999999999996    0.2
6.699    3.7978999999999994    0.2
6.4997999    4.1291    0.2
6.4964    4.1344    0.2
6.4944    4.1376    0.2
6.468549475    4.1760394423791825    0.2
6.4685494750000005    8.059979268695015    0.2
6.286799900000001    8.2865    0.2
6.2850999000000005    8.2887    0.2
6.277299900000001    8.2987    0.2
6.276499900000001    8.2997    0.2
6.268799900000001    8.3097    0.2
6.2667999000000005    8.3123    0.2
6.2606999000000005    8.3204999    0.2
6.259799900000001    8.3218    0.2
6.052624712500001    8.604896529503105    0.2
6.0526247125    4.759560210258621    0.2
6.0411    4.7749    0.2
6.0372    4.7798999    0.2
6.0349    4.7828    0.2
5.7877    5.0796    0.2
5.7836    5.0843999    0.2
5.7807    5.0875    0.2
5.63669995    5.242914688109757    0.2
5.636699950000001    9.232656774823344    0.2
5.485699900000001    9.4812999    0.2
5.4847999000000005    9.4827    0.2
5.4782999000000006    9.4936    0.2
5.476499900000001    9.4966    0.2
5.470199900000001    9.5076    0.2
5.468699900000001    9.5104    0.2
5.464399900000001    9.5182    0.2
5.464299900000001    9.5184    0.2
5.253899900000001    9.9008    0.2
5.253199900000001    9.9021    0.2
5.247199900000001    9.9132    0.2
5.246199900000001    9.9151    0.2
5.240299900000001    9.9263    0.2
5.238299900000001    9.9301    0.2
5.232999900000001    9.9407    0.2
5.2207751875    9.965504493296313    0.2
5.220775187499999    5.6599854010704425    0.2
4.9374    5.9097    0.2
4.9326    5.9138    0.2
4.9291    5.9166    0.2
4.804850425    6.014622751781003    0.2
4.804850425000001    10.875351933207071    0.2
4.671599900000001    11.2179    0.2
4.671099900000001    11.2190999    0.2
4.6665999000000005    11.2309    0.2
4.665399900000001    11.2342    0.2
4.661099900000001    11.2461    0.2
4.659899900000001    11.2495999    0.2
4.6566999000000004    11.259    0.2
4.656599900000001    11.2593    0.2
4.516599900000001    11.6721    0.2
4.516299900000001    11.6731    0.2
4.512299900000001    11.6851    0.2
4.511299900000001    11.6879    0.2
4.507499900000001    11.6999    0.2
4.505999900000001    11.7051    0.2
4.503799900000001    11.7129    0.2
4.503699900000001    11.7129    0.2
4.388925662500001    12.105983009477125    0.2
4.3889256625    6.32497941407471    0.2
1111    1111    1111
11.762198999999999    -4.488505344656489    0.2
11.762198999999999    4.489305444656488    0.2
11.7129    4.503699999999999    0.2
11.712    4.503999999999999    0.2
11.6999    4.507599999999999    0.2
11.6969999    4.508499999999999    0.2
11.6849    4.512299999999999    0.2
11.6801999    4.513799999999999    0.2
11.6717    4.516699999999999    0.2
11.356580999999998    4.623599001212415    0.2
11.356580999999998    -4.6228073127907    0.2
11.2593    -4.655799900000001    0.2
11.259    -4.6558999000000005    0.2
11.2495999    -4.659099900000001    0.2
11.2461    -4.660299900000001    0.2
11.2342    -4.664599900000001    0.2
11.2309    -4.6657999000000006    0.2
11.2190999    -4.670299900000001    0.2
11.2179    -4.6707999000000004    0.2
10.950963    -4.774637868565816    0.2
10.950963    4.775437968565814    0.2
10.8107    4.829999999999999    0.2
10.8092    4.830599999999999    0.2
10.7974    4.835299999999999    0.2
10.7941    4.836599999999999    0.2
10.7824    4.841499999999999    0.2
10.7815    4.841899999999999    0.2
10.7735    4.845299999999999    0.2
10.7713    4.846299999999999    0.2
10.545345    4.945466623246492    0.2
10.545345    -4.944666523246495    0.2
10.3721    -5.020699900000001    0.2
10.3702    -5.021499900000001    0.2
10.3609    -5.025699900000001    0.2
10.3595    -5.026399900000001    0.2
10.348    -5.0316999000000004    0.2
10.3448    -5.0331999000000005    0.2
10.3333999    -5.038699900000001    0.2
10.3318999    -5.039399900000001    0.2
10.139726999999999    -5.134110903555984    0.2
10.139726999999999    5.134911003555982    0.2
9.9407    5.232999999999999    0.2
9.939    5.233799999999999    0.2
9.9277    5.239499999999999    0.2
9.9246    5.241199999999999    0.2
9.9134    5.247099999999999    0.2
9.9111999    5.248199999999999    0.2
9.9018    5.253299999999999    0.2
9.9008    5.253899999999999    0.2
9.734109    5.345614922594141    0.2
9.734109    -5.344814822594143    0.2
9.5184    -5.463499900000001    0.2
9.5182    -5.463599900000001    0.2
9.5104    -5.467899900000001    0.2
9.5076    -5.469399900000001    0.2
9.4966    -5.475699900000001    0.2
9.4936    -5.477499900000001    0.2
9.4827    -5.483999900000001    0.2
9.4812999    -5.484899900000001    0.2
9.328491    -5.577700179613809    0.2
9.328491    5.578500279613809    0.2
9.1085    5.7120999999999995    0.2
9.1062    5.713499999999999    0.2
9.0955    5.720199999999999    0.2
9.0943    5.720899999999999    0.2
9.0836    5.727699999999999    0.2
9.0805    5.729699999999999    0.2
9.0731    5.7345999999999995    0.2
9.0725    5.734999999999999    0.2
8.922873    5.834861191629956    0.2
8.922873    -5.834061091629957    0.2
8.7093    -5.976599900000001    0.2
8.7083999    -5.977299900000001    0.2
8.7007    -5.9824999000000005    0.2
8.6988    -5.983799900000001    0.2
8.6884    -5.990999900000001    0.2
8.6855    -5.992999900000001    0.2
8.6752    -6.000399900000001    0.2
8.6738    -6.001399900000001    0.2
8.517255    -6.115962377272727    0.2
8.517255    6.116762477272726    0.2
8.3218    6.259799999999999    0.2
8.3196    6.261399999999999    0.2
8.3095    6.268999999999999    0.2
8.3078    6.270299999999999    0.2
8.2978    6.277999999999999    0.2
8.297    6.278599999999999    0.2
8.2889    6.2848999999999995    0.2
8.2865    6.2867999999999995    0.2
8.111637    6.427101842352941    0.2
8.111637    -6.426301742352942    0.2
7.9465    -6.558799900000001    0.2
7.9446    -6.560399900000001    0.2
7.9367    -6.566899900000001    0.2
7.9356    -6.567799900000001    0.2
7.9259    -6.5758999000000005    0.2
7.9234    -6.577999900000001    0.2
7.9139    -6.586199900000001    0.2
7.9126    -6.5872999000000005    0.2
7.7060189999999995    -6.7686881212409125    0.2
7.7060189999999995    6.769488221240911    0.2
1111    1111    1111
24.00039    -3.9995999000000015    0.2
24.00039    4.000399999999998    0.2
23.59246003333333    4.000399999999998    0.2
23.59246003333333    -3.9995999000000015    0.2
23.184520066666668    -3.9995999000000015    0.2
23.184520066666668    4.000399999999998    0.2
22.7765801    4.000399999999998    0.2
22.7765801    -3.9995999000000015    0.2
22.368640133333336    -3.9995999000000015    0.2
22.368640133333336    4.000399999999998    0.2
21.96070016666667    4.000399999999998    0.2
21.96070016666667    -3.9995999000000015    0.2
21.5527602    -3.9995999000000015    0.2
21.5527602    4.000399999999999    0.2
21.144820233333338    4.000399999999999    0.2
21.144820233333338    -3.9995999000000015    0.2
20.73688026666667    -3.9995999000000015    0.2
20.73688026666667    4.000399999999999    0.2
20.328940300000003    4.000399999999999    0.2
20.328940300000003    -3.9995999000000015    0.2
19.92100033333334    -3.9995999000000015    0.2
19.92100033333334    4.000399999999999    0.2
19.51306036666667    4.000399999999999    0.2
19.51306036666667    -3.9995999000000015    0.2
19.105120400000008    -3.9995999000000015    0.2
19.105120400000008    4.000399999999999    0.2
18.69718043333334    4.000399999999999    0.2
18.69718043333334    -3.9995999000000015    0.2
18.289240466666673    -3.9995999000000015    0.2
18.289240466666673    4.000399999999999    0.2
17.88130050000001    4.000399999999999    0.2
17.88130050000001    -3.999599900000001    0.2
17.47336053333334    -3.999599900000001    0.2
17.47336053333334    4.000399999999999    0.2
17.065420566666678    4.000399999999999    0.2
17.065420566666678    -3.999599900000001    0.2
16.65748060000001    -3.999599900000001    0.2
16.65748060000001    4.000399999999999    0.2
16.249540633333343    4.000399999999999    0.2
16.249540633333343    -3.999599900000001    0.2
15.841600666666677    -3.999599900000001    0.2
15.841600666666677    4.000399999999999    0.2
15.43366070000001    4.000399999999999    0.2
15.43366070000001    -3.999599900000001    0.2
15.025720733333342    -3.999599900000001    0.2
15.025720733333342    4.000399999999999    0.2
14.9981    4.000399999999999    0.2
14.9805    4.0005999999999995    0.2
14.9784    4.0005999999999995    0.2
14.617780766666675    4.008540239999999    0.2
14.617780766666675    -4.007740140000001    0.2
14.5424    -4.009399900000001    0.2
14.5408    -4.009499900000001    0.2
14.5308    -4.009799900000001    0.2
14.5289    -4.009899900000001    0.2
14.5163    -4.010399900000001    0.2
14.5131    -4.010499900000001    0.2
14.5005    -4.011199900000001    0.2
14.4984    -4.011299900000001    0.2
14.209840800000006    -4.030395729411766    0.2
14.209840800000006    4.031195829411763    0.2
14.0632    4.040899999999999    0.2
14.0606    4.041099999999999    0.2
14.048    4.042099999999999    0.2
14.0464    4.042299999999999    0.2
14.0338    4.043399999999999    0.2
14.0299    4.043699999999999    0.2
14.0215    4.044599999999999    0.2
14.0212    4.044699999999999    0.2
13.801900833333338    4.0685280862492315    0.2
13.801900833333338    -4.067727986249233    0.2
13.5868    -4.091099900000001    0.2
13.5853    -4.091199900000001    0.2
13.575    -4.092399900000001    0.2
13.5727    -4.092699900000001    0.2
13.5602    -4.094299900000001    0.2
13.5573    -4.094699900000001    0.2
13.5426    -4.096799900000001    0.2
13.39396086666667    -4.119688671923315    0.2
13.39396086666667    4.120488771923314    0.2
13.1114    4.163999999999999    0.2
13.11    4.164299999999999    0.2
13.0976    4.166299999999999    0.2
13.0932    4.166999999999999    0.2
13.0807    4.169299999999999    0.2
13.0802    4.1693999999999996    0.2
13.0711    4.171099999999999    0.2
13.0689    4.171499999999999    0.2
12.986020900000003    4.187951656554305    0.2
12.986020900000003    -4.187151556554308    0.2
12.6417    -4.255499900000001    0.2
12.6399    -4.255899900000001    0.2
12.6298    -4.257999900000001    0.2
12.6279    -4.258399900000001    0.2
12.6155    -4.2610999000000005    0.2
12.6122    -4.261799900000001    0.2
12.5999    -4.264699900000001    0.2
12.5982    -4.265199900000001    0.2
12.578080933333334    -4.270134765408806    0.2
12.578080933333334    4.270934865408805    0.2
12.1742    4.369999999999999    0.2
12.1725    4.370399999999999    0.2
12.170140966666667    4.370999435890215    0.2
12.170140966666667    -4.370205574501594    0.2
1111    1111    1111
-12.1121009    -4.386105842379598    0.4
-12.1121009    4.386905742379601    0.4
-12.1313    4.381299900000001    0.4
-12.1318    4.381199900000001    0.4
-12.1439    4.3776999000000005    0.4
-12.1491    4.3761999000000005    0.4
-12.1614    4.372999900000001    0.4
-12.1614    4.373099900000001    0.4
-12.1705    4.370699900000001    0.4
-12.1734    4.369999900000001    0.4
-12.521684203333335    4.28457169918239    0.4
-12.521684203333335    -4.2837717991823885    0.4
-12.5974    -4.265199999999999    0.4
-12.5988    -4.264799999999999    0.4
-12.6089    -4.2623999999999995    0.4
-12.6125    -4.261599999999999    0.4
-12.6249    -4.258899999999999    0.4
-12.6260999    -4.2585999999999995    0.4
-12.6384    -4.255999999999999    0.4
-12.6409    -4.255499999999999    0.4
-12.93126750666667    -4.19786150616729    0.4
-12.93126750666667    4.198661406167291    0.4
-13.0681    4.171499900000001    0.4
-13.0693    4.171299900000001    0.4
-13.0818    4.168899900000001    0.4
-13.0861    4.1680999000000005    0.4
-13.0985    4.165999900000001    0.4
-13.0994    4.165899900000001    0.4
-13.1085    4.164399900000001    0.4
-13.1106    4.163999900000001    0.4
-13.340850810000003    4.1285438383487945    0.4
-13.340850810000003    -4.127743938348793    0.4
-13.5418    -4.096799999999999    0.4
-13.5434    -4.096599999999999    0.4
-13.5537    -4.0950999999999995    0.4
-13.5555    -4.094799999999999    0.4
-13.568    -4.093099999999999    0.4
-13.5729    -4.092499999999999    0.4
-13.5855    -4.091099999999999    0.4
-13.586    -4.091099999999999    0.4
-13.750434113333338    -4.073233309969305    0.4
-13.750434113333338    4.074033209969307    0.4
-14.0204    4.044699900000001    0.4
-14.0215    4.044599900000001    0.4
-14.0341    4.043299900000001    0.4
-14.0372    4.042999900000001    0.4
-14.0498    4.041899900000001    0.4
-14.053    4.0415999000000005    0.4
-14.0614    4.040999900000001    0.4
-14.0624    4.040899900000001    0.4
-14.160017416666673    4.03443992389706    0.4
-14.160017416666673    -4.033640023897058    0.4
-14.4976    -4.011299999999999    0.4
-14.5007    -4.011199999999999    0.4
-14.5106    -4.010699999999999    0.4
-14.5112    -4.010599999999999    0.4
-14.5238    -4.009999999999999    0.4
-14.527    -4.009899999999999    0.4
-14.5397    -4.009499999999999    0.4
-14.5416    -4.009399999999999    0.4
-14.569600720000007    -4.00878347038532    0.4
-14.569600720000007    4.009583370385322    0.4
-14.9776    4.000599900000001    0.4
-14.979184023333342    4.000599900000001    0.4
-14.979184023333342    -3.999799999999999    0.4
-14.9797    -3.999799999999999    0.4
-14.9973    -3.999599999999999    0.4
-15.388767326666676    -3.999599999999999    0.4
-15.388767326666676    4.000399900000001    0.4
-15.79835063000001    4.000399900000001    0.4
-15.79835063000001    -3.999599999999999    0.4
-16.207933933333344    -3.999599999999999    0.4
-16.207933933333344    4.000399900000001    0.4
-16.617517236666675    4.000399900000001    0.4
-16.617517236666675    -3.999599999999999    0.4
-17.02710054000001    -3.999599999999999    0.4
-17.02710054000001    4.000399900000001    0.4
-17.43668384333334    4.000399900000001    0.4
-17.43668384333334    -3.999599999999999    0.4
-17.846267146666676    -3.999599999999999    0.4
-17.846267146666676    4.000399900000001    0.4
-18.255850450000008    4.000399900000001    0.4
-18.255850450000008    -3.9995999999999987    0.4
-18.66543375333334    -3.9995999999999987    0.4
-18.66543375333334    4.000399900000001    0.4
-19.075017056666674    4.000399900000001    0.4
-19.075017056666674    -3.9995999999999987    0.4
-19.484600360000005    -3.9995999999999987    0.4
-19.484600360000005    4.000399900000001    0.4
-19.89418366333334    4.000399900000001    0.4
-19.89418366333334    -3.9995999999999987    0.4
-20.30376696666667    -3.9995999999999987    0.4
-20.30376696666667    4.000399900000001    0.4
-20.713350270000003    4.000399900000001    0.4
-20.713350270000003    -3.9995999999999987    0.4
-21.122933573333338    -3.9995999999999987    0.4
-21.122933573333338    4.000399900000001    0.4
-21.53251687666667    4.000399900000001    0.4
-21.53251687666667    -3.9995999999999987    0.4
-21.942100180000004    -3.9995999999999987    0.4
-21.942100180000004    4.0003999000000015    0.4
-22.351683483333336    4.0003999000000015    0.4
-22.351683483333336    -3.9995999999999987    0.4
-22.761266786666667    -3.9995999999999987    0.4
-22.761266786666667    4.0003999000000015    0.4
-23.170850090000002    4.0003999000000015    0.4
-23.170850090000002    -3.9995999999999987    0.4
-23.580433393333333    -3.9995999999999987    0.4
-23.580433393333333    4.0003999000000015    0.4
-23.990016696666668    4.0003999000000015    0.4
-23.990016696666668    -3.9995999999999987    0.4
1111    1111    1111
-8.099601    -6.435317079999998    0.4
-8.099601    6.436116980000001    0.4
-8.2857    6.286799900000001    0.4
-8.2879    6.2850999000000005    0.4
-8.2979    6.277299900000001    0.4
-8.2989    6.276499900000001    0.4
-8.3089    6.268799900000001    0.4
-8.3115    6.2667999000000005    0.4
-8.3196999    6.2606999000000005    0.4
-8.321    6.259799900000001    0.4
-8.5008508    6.128181814545456    0.4
-8.5008508    -6.127381914545454    0.4
-8.673    -6.001399999999999    0.4
-8.6753    -5.999799999999999    0.4
-8.6829    -5.994399999999999    0.4
-8.6831    -5.994199999999999    0.4
-8.6934    -5.9868999999999994    0.4
-8.6969999    -5.984399999999999    0.4
-8.7075    -5.977299999999999    0.4
-8.7085    -5.9765999999999995    0.4
-8.9021006    -5.847390788986782    0.4
-8.9021006    5.848190688986785    0.4
-9.0717    5.734999900000001    0.4
-9.0725    5.734499900000001    0.4
-9.0831    5.727499900000001    0.4
-9.0872    5.7248999000000005    0.4
-9.0978999    5.718199900000001    0.4
-9.1054    5.713499900000001    0.4
-9.1077    5.712099900000001    0.4
-9.3033504    5.593282167811159    0.4
-9.3033504    -5.592482267811158    0.4
-9.4805    -5.484899999999999    0.4
-9.4817    -5.484099999999999    0.4
-9.4894    -5.479499999999999    0.4
-9.4919    -5.477999999999999    0.4
-9.5028    -5.471699999999999    0.4
-9.5054    -5.470299999999999    0.4
-9.5165    -5.464099999999999    0.4
-9.5176    -5.463499999999999    0.4
-9.7046002    -5.360610768619245    0.4
-9.7046002    5.361410668619248    0.4
-9.9    5.253899900000001    0.4
-9.9013    5.253199900000001    0.4
-9.9124    5.247199900000001    0.4
-9.9143    5.246199900000001    0.4
-9.9255    5.240299900000001    0.4
-9.9293    5.238299900000001    0.4
-9.9399    5.232999900000001    0.4
-10.10585    5.151212681186094    0.4
-10.10585    -5.150412781186093    0.4
-10.3311    -5.039399999999999    0.4
-10.3332    -5.038399999999999    0.4
-10.3424    -5.033999999999999    0.4
-10.3437    -5.033399999999999    0.4
-10.3552    -5.027999999999999    0.4
-10.3577999    -5.026799999999999    0.4
-10.3693    -5.021599999999999    0.4
-10.3713    -5.020699999999999    0.4
-10.5070998    -4.961100488577153    0.4
-10.5070998    4.961900388577154    0.4
-10.7705    4.846299900000001    0.4
-10.7731    4.845199900000001    0.4
-10.7847    4.840299900000001    0.4
-10.7852    4.8399999000000005    0.4
-10.7969    4.835099900000001    0.4
-10.8015    4.833299900000001    0.4
-10.8097    4.8300999000000004    0.4
-10.8099    4.829999900000001    0.4
-10.908349600000001    4.791703199017682    0.4
-10.908349600000001    -4.790903299017681    0.4
-11.2171    -4.670799999999999    0.4
-11.2185    -4.670299999999999    0.4
-11.2277    -4.666799999999999    0.4
-11.2294    -4.666099999999999    0.4
-11.2413    -4.661699999999999    0.4
-11.246    -4.659999999999999    0.4
-11.2579999    -4.655899999999999    0.4
-11.2585    -4.655799999999999    0.4
-11.3095994    -4.638465358729388    0.4
-11.3095994    4.639269677131784    0.4
-11.6713    4.516599900000001    0.4
-11.6723    4.516299900000001    0.4
-11.6843    4.512299900000001    0.4
-11.6870999    4.511299900000001    0.4
-11.6991    4.507499900000001    0.4
-11.7043    4.505999900000001    0.4
-11.7108492    4.504152704816002    0.4
-11.7108492    -4.503304370247933    0.4
1111    1111    1111
-4.772200900000001    -10.956427732323231    0.4
-4.7722009000000005    -6.038949421899736    0.4
-4.9283    -5.9158    0.4
-4.9318    -5.913    0.4
-4.9366    -5.9089    0.4
-5.188125662500001    -5.687251695200276    0.4
-5.188125662500002    -10.029328639574686    0.4
-5.232199900000001    -9.9399    0.4
-5.237499900000001    -9.9293    0.4
-5.239499900000001    -9.9255    0.4
-5.245399900000001    -9.9143    0.4
-5.246399900000001    -9.9124    0.4
-5.252399900000001    -9.9013    0.4
-5.2530999000000005    -9.9    0.4
-5.463499900000001    -9.5176    0.4
-5.463599900000001    -9.5174    0.4
-5.467899900000001    -9.5096    0.4
-5.469399900000001    -9.5068    0.4
-5.475699900000001    -9.4957999    0.4
-5.477499900000001    -9.4928    0.4
-5.483999900000001    -9.4819    0.4
-5.484899900000001    -9.4805    0.4
-5.604050425000001    -9.2843016090106    0.4
-5.6040504250000005    -5.2764888349805    0.4
-5.7798999    -5.0867    0.4
-5.7828    -5.0836    0.4
-5.7869    -5.0788    0.4
-6.0199751875    -4.798958804069096    0.4
-6.019975187500001    -8.647617619565217    0.4
-6.258999900000001    -8.321    0.4
-6.259899900000001    -8.3196999    0.4
-6.265999900000001    -8.3115    0.4
-6.267999900000001    -8.3089    0.4
-6.275699900000001    -8.2989    0.4
-6.276499900000001    -8.2979    0.4
-6.284299900000001    -8.2879    0.4
-6.285999900000001    -8.2857    0.4
-6.435899950000001    -8.098874424486805    0.4
-6.4358999500000005    -4.222599330855018    0.4
-6.4936    -4.1368    0.4
-6.4955999    -4.1336    0.4
-6.499    -4.1283    0.4
-6.6982    -3.7970999999999995    0.4
-6.7002    -3.7935999999999996    0.4
-6.7032999    -3.7880999999999996    0.4
-6.851824712500001    -3.509370769674684    0.4
-6.851824712500002    -7.610535734813981    0.4
-6.875300000000001    -7.5838    0.4
-6.876599900000001    -7.5824    0.4
-6.882599900000001    -7.5757    0.4
-6.883300000000001    -7.575    0.4
-6.8917999000000005    -7.5656    0.4
-6.894799900000001    -7.5623    0.4
-6.903500000000001    -7.5531    0.4
-6.904299900000001    -7.5522    0.4
-7.2059    -7.237    0.4
-7.207    -7.2359    0.4
-7.2139    -7.2288    0.4
-7.2265    -7.2162    0.4
-7.2355    -7.2074    0.4
-7.237    -7.2059    0.4
-7.2677494750000005    -7.176477278997459    0.4
-7.2677494750000005    -2.5339071660377344    0.4
-7.3332    -2.3461999999999996    0.4
-7.3345    -2.3423999999999996    0.4
-7.3364    -2.3363999999999994    0.4
-7.4444    -1.9659999999999995    0.4
-7.4455    -1.9620999999999995    0.4
-7.447    -1.9559999999999995    0.4
-7.5358    -1.5799999999999996    0.4
-7.5368    -1.5757999999999996    0.4
-7.538    -1.5695999999999997    0.4
-7.6068    -1.1895999999999995    0.4
-7.6074    -1.1858999999999995    0.4
-7.6083    -1.1796999999999995    0.4
-7.6579    -0.7964999999999995    0.4
-7.6584    -0.7927999999999995    0.4
-7.659    -0.7865999999999995    0.4
-7.6836742375    -0.47427609901315715    0.4
-7.6836742375    -6.787605522317679    0.4
1111    1111    1111
-4.4911010000000005    6.251612773536896    0.4
-4.491101    11.753323393295176    0.4
-4.5028999999999995    11.7129    0.4
-4.503199999999999    11.712    0.4
-4.506799999999999    11.6999    0.4
-4.507699999999999    11.6969999    0.4
-4.511499999999999    11.6849    0.4
-4.512999999999999    11.6801999    0.4
-4.515899999999999    11.6717    0.4
-4.655799999999999    11.2593    0.4
-4.655899999999999    11.2588    0.4
-4.659999999999999    11.2468    0.4
-4.661699999999999    11.2421    0.4
-4.666099999999999    11.2302    0.4
-4.666799999999999    11.2285    0.4
-4.670299999999999    11.2193    0.4
-4.670799999999999    11.2179    0.4
-4.829199999999999    10.8107    0.4
-4.829799999999999    10.8092    0.4
-4.834499999999999    10.7974    0.4
-4.835799999999999    10.7941    0.4
-4.840699999999999    10.7824    0.4
-4.841099999999999    10.7815    0.4
-4.844499999999999    10.7735    0.4
-4.8454999999999995    10.7713    0.4
-4.8920452222222215    10.665244904616946    0.4
-4.892045222222222    5.945202054236294    0.4
-4.9283    5.9166    0.4
-4.9332    5.9126    0.4
-4.9366    5.9097    0.4
-5.2262    5.6545    0.4
-5.2309    5.6502    0.4
-5.2335    5.6477    0.4
-5.292989444444445    5.589757968850353    0.4
-5.292989444444444    9.82830131389945    0.4
-5.463499999999999    9.5184    0.4
-5.464099999999999    9.5173    0.4
-5.470299999999999    9.5062    0.4
-5.471699999999999    9.5036    0.4
-5.477999999999999    9.4926999    0.4
-5.479499999999999    9.4902    0.4
-5.484099999999999    9.4825    0.4
-5.484899999999999    9.4812999    0.4
-5.693933666666666    9.137096145450675    0.4
-5.693933666666667    5.180280665236535    0.4
-5.7798999    5.0875    0.4
-5.7840999    5.0828    0.4
-5.7869    5.0796    0.4
-6.0340999    4.7828    0.4
-6.038    4.7779    0.4
-6.0403    4.7749    0.4
-6.094877888888889    4.702254947892721    0.4
-6.094877888888888    8.54606623878537    0.4
-6.2589999999999995    8.3218    0.4
-6.260599999999999    8.3196    0.4
-6.268199999999999    8.3095    0.4
-6.269499999999999    8.3078    0.4
-6.277199999999999    8.2978    0.4
-6.277799999999999    8.297    0.4
-6.284099999999999    8.2889    0.4
-6.285999999999999    8.2865    0.4
-6.495822111111111    8.024991503747149    0.4
-6.495822111111112    4.134136120915032    0.4
-6.497    4.1323    0.4
-6.499    4.1291    0.4
-6.6982    3.7978999000000004    0.4
-6.7013999    3.7924000000000007    0.4
-6.7032999    3.7888999000000005    0.4
-6.8849    3.4481000000000006    0.4
-6.8878    3.4424000000000006    0.4
-6.8897    3.4384000000000006    0.4
-6.896766333333334    3.4232281623368057    0.4
-6.896766333333333    7.5610118505747135    0.4
-6.897899999999999    7.5598    0.4
-6.904099999999999    7.5533    0.4
-6.904299999999999    7.553    0.4
-7.2059    7.2378    0.4
-7.2074    7.2363    0.4
-7.2162    7.2273    0.4
-7.2288    7.2147    0.4
-7.2359    7.2078    0.4
-7.237    7.2067    0.4
-7.297710555555556    7.1486089161592306    0.4
-7.297710555555556    2.448780948218029    0.4
-7.3332    2.3469999000000006    0.4
-7.3352    2.3409999000000004    0.4
-7.3364    2.3371999000000003    0.4
-7.4444    1.9667999000000005    0.4
-7.4461    1.9606999000000005    0.4
-7.447    1.9567999000000005    0.4
-7.5358    1.5807999000000004    0.4
-7.5372    1.5745999000000004    0.4
-7.538    1.5703999000000004    0.4
-7.6068    1.1903999000000005    0.4
-7.6078    1.1841999000000005    0.4
-7.6083    1.1804999000000005    0.4
-7.6579    0.7972999000000004    0.4
-7.6587    0.7909999000000004    0.4
-7.659    0.7873999000000005    0.4
-7.6894    0.40259990000000045    0.4
-7.6898    0.39619990000000044    0.4
-7.6899    0.3917999000000004    0.4
-7.6986547777777785    0.039420094444398486    0.4
-7.6986547777777785    6.775251773409385    0.4
1111    1111    1111
7.300399    -7.146001952221131    0.4
7.300399    -2.4425650320754726    0.4
7.2068    -2.7109999000000005    0.4
7.2055    -2.7146999000000003    0.4
7.2032    -2.7205999000000003    0.4
7.0576    -3.0781999000000004    0.4
7.0563    -3.0814999000000003    0.4
7.0537    -3.0871999000000003    0.4
6.897979043333333    -3.421542049436863    0.4
6.897979043333332    -7.5597706778160925    0.4
6.8957999999999995    -7.5621    0.4
6.887299999999999    -7.5714    0.4
6.8858999999999995    -7.5729    0.4
6.877399999999999    -7.5824    0.4
6.876099999999999    -7.5838    0.4
6.588099999999999    -7.9118    0.4
6.586499999999999    -7.9136    0.4
6.579899999999999    -7.9213    0.4
6.579699999999999    -7.9216    0.4
6.5714999999999995    -7.9312    0.4
6.568699999999999    -7.9346    0.4
6.560699999999999    -7.9444    0.4
6.559599999999999    -7.9457    0.4
6.495559086666665    -8.025516387585533    0.4
6.495559086666666    -4.134993188431373    0.4
6.4944    -4.1368    0.4
6.2792    -4.4568    0.4
6.2768    -4.4602    0.4
6.2731    -4.4653    0.4
6.093139129999999    -4.7048341235172435    0.4
6.093139129999998    -8.54873535031056    0.4
6.002199999999999    -8.673    0.4
6.0005999999999995    -8.6753    0.4
5.995199999999999    -8.6829    0.4
5.994999999999999    -8.6831    0.4
5.987699999999999    -8.6934    0.4
5.985199999999999    -8.6969999    0.4
5.9780999999999995    -8.7075    0.4
5.977399999999999    -8.7085    0.4
5.734999999999999    -9.0717    0.4
5.7345999999999995    -9.0723    0.4
5.729699999999999    -9.0797    0.4
5.727699999999999    -9.0828    0.4
5.720899999999999    -9.0935    0.4
5.720199999999999    -9.0947    0.4
5.713499999999999    -9.1054    0.4
5.7120999999999995    -9.1077    0.4
5.690719173333331    -9.142906590906952    0.4
5.690719173333332    -5.183813453170733    0.4
5.5183    -5.3699    0.4
5.5156    -5.3728    0.4
5.5111    -5.3773    0.4
5.288299216666665    -5.594305306743457    0.4
5.2882992166666645    -9.837479750697087    0.4
5.253899999999999    -9.9    0.4
5.253299999999999    -9.901    0.4
5.248199999999999    -9.9103999    0.4
5.247099999999999    -9.9126    0.4
5.241199999999999    -9.9238    0.4
5.239499999999999    -9.9269    0.4
5.233799999999999    -9.9382    0.4
5.232999999999999    -9.9399    0.4
5.040199999999999    -10.3311    0.4
5.039199999999999    -10.3332    0.4
5.034799999999999    -10.3424    0.4
5.034199999999999    -10.3437    0.4
5.0287999999999995    -10.3552    0.4
5.027599999999999    -10.3577999    0.4
5.022399999999999    -10.3693    0.4
5.021499999999999    -10.3713    0.4
4.885879259999997    -10.68031711990868    0.4
4.885879259999998    -5.949897628654355    0.4
4.6259    -6.155    0.4
4.6231    -6.1571    0.4
4.6181    -6.1609    0.4
4.483459303333331    -6.256827213910095    0.4
4.48345930333333    -11.781421078779967    0.4
4.3812999999999995    -12.1313    0.4
4.378699999999999    -12.1403    0.4
4.3774999999999995    -12.1443999    0.4
4.374199999999999    -12.1565999    0.4
4.373499999999999    -12.1595    0.4
4.370399999999999    -12.1717    0.4
4.369999999999999    -12.1734    0.4
4.265999999999999    -12.5974    0.4
4.265599999999999    -12.5988    0.4
4.263199999999999    -12.6089    0.4
4.2623999999999995    -12.6125    0.4
4.259699999999999    -12.6249    0.4
4.259399999999999    -12.6260999    0.4
4.256799999999999    -12.6384    0.4
4.2562999999999995    -12.6409    0.4
4.171499999999999    -13.0681    0.4
4.171099999999999    -13.0703    0.4
4.1693999999999996    -13.0794    0.4
4.169299999999999    -13.0799    0.4
4.166999999999999    -13.0924    0.4
4.166299999999999    -13.0968    0.4
4.164299999999999    -13.1092    0.4
4.163999999999999    -13.1106    0.4
4.097599999999999    -13.5418    0.4
4.0973999999999995    -13.5434    0.4
4.095899999999999    -13.5537    0.4
4.095599999999999    -13.5555    0.4
4.093899999999999    -13.568    0.4
4.093299999999999    -13.5729    0.4
4.091899999999999    -13.5855    0.4
4.091899999999999    -13.586    0.4
4.081039346666663    -13.686043791061643    0.4
4.081039346666664    -6.526596101013074    0.4
3.9683999999999995    -6.5981    0.4
3.9652999999999996    -6.6    0.4
3.9597999999999995    -6.6032    0.4
3.678619389999997    -6.762535679000002    0.4
3.6786193899999966    -13.9996    0.4
3.27619943333333    -13.9996    0.4
3.2761994333333306    -6.967700283333334    0.4
3.2653999999999996    -6.9731    0.4
3.2595999999999994    -6.9757    0.4
2.9059999999999997    -7.1301    0.4
2.9025999999999996    -7.1315    0.4
2.8967999999999994    -7.1339    0.4
2.8737794766666642    -7.142609091792036    0.4
2.873779476666664    -13.9996    0.4
2.4713595199999974    -13.9996    0.4
2.471359519999998    -7.29119328278261    0.4
2.1568999999999994    -7.391    0.4
2.1533999999999995    -7.3921    0.4
2.1472999999999995    -7.3938    0.4
2.068939563333331    -7.4144388302141335    0.4
2.0689395633333305    -13.9996    0.4
1.666519606666664    -13.9996    0.4
1.6665196066666645    -7.5149251248728826    0.4
1.3862999999999996    -7.5737    0.4
1.3820999999999997    -7.5746    0.4
1.3758999999999995    -7.5756    0.4
1.2640996499999981    -7.592944289098532    0.4
1.2640996499999977    -13.9996    0.4
0.861679693333331    -13.9996    0.4
0.8616796933333315    -7.648872948611111    0.4
0.6002999999999995    -7.6761    0.4
0.5961999999999995    -7.6765    0.4
0.5898999999999995    -7.6769    0.4
0.4592597366666649    -7.683661918391994    0.4
0.45925973666666453    -13.9996    0.4
0.056839779999997876    -13.9996    0.4
0.056839779999998265    -7.6972    0.4
-0.19639990000000046    -7.6972    0.4
-0.20269990000000046    -7.6969    0.4
-0.3455801766666683    -7.689504540545204    0.4
-0.3455801766666687    -13.9996    0.4
-0.7480001333333354    -13.9996    0.4
-0.7480001333333349    -7.660631225694445    0.4
-0.9834999000000004    -7.6361    0.4
-0.9871999000000005    -7.6357    0.4
-0.9934999000000004    -7.6348    0.4
-1.1504200900000014    -7.610455987295597    0.4
-1.150420090000002    -13.9996    0.4
-1.5528400466666687    -13.9996    0.4
-1.5528400466666683    -7.538601113305085    0.4
-1.7630999000000005    -7.4945    0.4
-1.7667999000000005    -7.4937    0.4
-1.7728999000000005    -7.4922    0.4
-1.9552600033333347    -7.444169394625268    0.4
-1.9552600033333352    -13.9996    0.4
-2.357679960000002    -13.9996    0.4
-2.3576799600000014    -7.327020241826087    0.4
-2.5240999000000004    -7.2742    0.4
-2.5283999000000006    -7.2728    0.4
-2.5343999000000004    -7.2707    0.4
-2.7600999166666678    -7.1853134892699115    0.4
-2.760099916666668    -13.9996    0.4
-3.1625198733333346    -13.9996    0.4
-3.162519873333334    -7.0177408261236796    0.4
-3.2587999000000005    -6.9757    0.4
-3.2624999000000003    -6.974    0.4
-3.2681999000000004    -6.9713    0.4
-3.5649398300000006    -6.822930035    0.4
-3.564939830000001    -13.9996    0.4
-3.967359786666668    -13.9996    0.4
-3.9673597866666674    -6.598246738643307    0.4
-3.9675999000000006    -6.5981    0.4
-4.2939999    -6.3909    0.4
-4.2976    -6.3884999    0.4
-4.3029    -6.3849    0.4
-4.369779743333334    -6.337250273503336    0.4
-4.369779743333335    -12.17099779190476    0.4
1111    1111    1111
3.972999700000001    6.595980029816167    0.4
3.9729997000000012    14.0004    0.4
3.5699473380952393    14.0004    0.4
3.569947338095239    6.821626280952381    0.4
3.2689999000000003    6.9721    0.4
3.2632999000000003    6.9748    0.4
3.2595999000000004    6.9765    0.4
3.166894976190477    7.016979751799181    0.4
3.1668949761904774    14.0004    0.4
2.7638426142857155    14.0004    0.4
2.763842614285715    7.185000212073324    0.4
2.5351999000000003    7.2715    0.4
2.5291999000000005    7.2736    0.4
2.5248999000000003    7.275    0.4
2.3607902523809536    7.327086975113872    0.4
2.360790252380954    14.0004    0.4
1.957737890476192    14.0004    0.4
1.9577378904761915    7.444527467176506    0.4
1.7736999000000004    7.493    0.4
1.7675999000000004    7.4945    0.4
1.7638999000000004    7.4953    0.4
1.5546855285714298    7.539181827905569    0.4
1.5546855285714303    14.0004    0.4
1.1516331666666684    14.0004    0.4
1.151633166666668    7.6111919041229905    0.4
0.9942999000000005    7.6356    0.4
0.9879999000000005    7.6365    0.4
0.9842999000000004    7.6369    0.4
0.748580804761906    7.661454072420635    0.4
0.7485808047619065    14.0004    0.4
0.3455284428571444    14.0004    0.4
0.345528442857144    7.690348626146111    0.4
0.20349990000000048    7.6977    0.4
0.19719990000000048    7.698    0.4
-0.057523919047617895    7.698    0.4
-0.05752391904761751    14.0004    0.4
-0.4605762809523795    14.0004    0.4
-0.4605762809523799    7.684352366410332    0.4
-0.5890999999999995    7.6777    0.4
-0.5953999999999996    7.6773    0.4
-0.5994999999999996    7.6769    0.4
-0.8636286428571418    7.649386599702381    0.4
-0.8636286428571414    14.0004    0.4
-1.2666810047619033    14.0004    0.4
-1.2666810047619037    7.5932197183388235    0.4
-1.3750999999999995    7.5764    0.4
-1.3812999999999995    7.5754    0.4
-1.3854999999999995    7.5745    0.4
-1.6697333666666658    7.514883255720338    0.4
-1.6697333666666654    14.0004    0.4
-2.0727857285714273    14.0004    0.4
-2.0727857285714277    7.414015107892322    0.4
-2.1464999999999996    7.3946    0.4
-2.1525999999999996    7.3929    0.4
-2.1560999999999995    7.3918    0.4
-2.4758380904761896    7.290317910414079    0.4
-2.475838090476189    14.0004    0.4
-2.878890452380951    14.0004    0.4
-2.8788904523809515    7.14117285982933    0.4
-2.8959999999999995    7.1347    0.4
-2.9017999999999997    7.1323    0.4
-2.9051999999999993    7.1309    0.4
-3.2587999999999995    6.9765    0.4
-3.2645999999999997    6.9739    0.4
-3.281942814285713    6.9652285928571445    0.4
-3.2819428142857126    14.0004    0.4
-3.6849951761904745    14.0004    0.4
-3.684995176190475    6.759269400158731    0.4
-3.9589999999999996    6.604    0.4
-3.9644999999999997    6.6007999    0.4
-3.9675999999999996    6.5989    0.4
-4.088047538095238    6.522439381231191    0.4
-4.088047538095237    13.614918074457792    0.4
1111    1111    1111
7.300399    2.443365132075472    0.4
7.300399    7.146801972081217    0.4
7.2378    7.2067    0.4
7.2363    7.2082    0.4
7.2273    7.217    0.4
7.2147    7.2296    0.4
7.2078    7.2367    0.4
7.2067    7.2378    0.4
6.905099900000001    7.553    0.4
6.904299900000001    7.5539    0.4
6.895599900000001    7.5631    0.4
6.8925999000000004    7.5664    0.4
6.8844742375    7.575386026764706    0.4
6.884474237499999    3.450400329625552    0.4
6.7041    3.7888999999999995    0.4
6.7009999    3.7943999999999996    0.4
6.699    3.7978999999999994    0.4
6.4997999    4.1291    0.4
6.4964    4.1344    0.4
6.4944    4.1376    0.4
6.468549475    4.1760394423791825    0.4
6.4685494750000005    8.059979268695015    0.4
6.286799900000001    8.2865    0.4
6.2850999000000005    8.2887    0.4
6.277299900000001    8.2987    0.4
6.276499900000001    8.2997    0.4
6.268799900000001    8.3097    0.4
6.2667999000000005    8.3123    0.4
6.2606999000000005    8.3204999    0.4
6.259799900000001    8.3218    0.4
6.052624712500001    8.604896529503105    0.4
6.0526247125    4.759560210258621    0.4
6.0411    4.7749    0.4
6.0372    4.7798999    0.4
6.0349    4.7828    0.4
5.7877    5.0796    0.4
5.7836    5.0843999    0.4
5.7807    5.0875    0.4
5.63669995    5.242914688109757    0.4
5.636699950000001    9.232656774823344    0.4
5.485699900000001    9.4812999    0.4
5.4847999000000005    9.4827    0.4
5.4782999000000006    9.4936    0.4
5.476499900000001    9.4966    0.4
5.470199900000001    9.5076    0.4
5.468699900000001    9.5104    0.4
5.464399900000001    9.5182    0.4
5.464299900000001    9.5184    0.4
5.253899900000001    9.9008    0.4
5.253199900000001    9.9021    0.4
5.247199900000001    9.9132    0.4
5.246199900000001    9.9151    0.4
5.240299900000001    9.9263    0.4
5.238299900000001    9.9301    0.4
5.232999900000001    9.9407    0.4
5.2207751875    9.965504493296313    0.4
5.220775187499999    5.6599854010704425    0.4
4.9374    5.9097    0.4
4.9326    5.9138    0.4
4.9291    5.9166    0.4
4.804850425    6.014622751781003    0.4
4.804850425000001    10.875351933207071    0.4
4.671599900000001    11.2179    0.4
4.671099900000001    11.2190999    0.4
4.6665999000000005    11.2309    0.4
4.665399900000001    11.2342    0.4
4.661099900000001    11.2461    0.4
4.659899900000001    11.2495999    0.4
4.6566999000000004    11.259    0.4
4.656599900000001    11.2593    0.4
4.516599900000001    11.6721    0.4
4.516299900000001    11.6731    0.4
4.512299900000001    11.6851    0.4
4.511299900000001    11.6879    0.4
4.507499900000001    11.6999    0.4
4.505999900000001    11.7051    0.4
4.503799900000001    11.7129    0.4
4.503699900000001    11.7129    0.4
4.388925662500001    12.105983009477125    0.4
4.3889256625    6.32497941407471    0.4
1111    1111    1111
11.762198999999999    -4.488505344656489    0.4
11.762198999999999    4.489305444656488    0.4
11.7129    4.503699999999999    0.4
11.712    4.503999999999999    0.4
11.6999    4.507599999999999    0.4
11.6969999    4.508499999999999    0.4
11.6849    4.512299999999999    0.4
11.6801999    4.513799999999999    0.4
11.6717    4.516699999999999    0.4
11.356580999999998    4.623599001212415    0.4
11.356580999999998    -4.6228073127907    0.4
11.2593    -4.655799900000001    0.4
11.259    -4.6558999000000005    0.4
11.2495999    -4.659099900000001    0.4
11.2461    -4.660299900000001    0.4
11.2342    -4.664599900000001    0.4
11.2309    -4.6657999000000006    0.4
11.2190999    -4.670299900000001    0.4
11.2179    -4.6707999000000004    0.4
10.950963    -4.774637868565816    0.4
10.950963    4.775437968565814    0.4
10.8107    4.829999999999999    0.4
10.8092    4.830599999999999    0.4
10.7974    4.835299999999999    0.4
10.7941    4.836599999999999    0.4
10.7824    4.841499999999999    0.4
10.7815    4.841899999999999    0.4
10.7735    4.845299999999999    0.4
10.7713    4.846299999999999    0.4
10.545345    4.945466623246492    0.4
10.545345    -4.944666523246495    0.4
10.3721    -5.020699900000001    0.4
10.3702    -5.021499900000001    0.4
10.3609    -5.025699900000001    0.4
10.3595    -5.026399900000001    0.4
10.348    -5.0316999000000004    0.4
10.3448    -5.0331999000000005    0.4
10.3333999    -5.038699900000001    0.4
10.3318999    -5.039399900000001    0.4
10.139726999999999    -5.134110903555984    0.4
10.139726999999999    5.134911003555982    0.4
9.9407    5.232999999999999    0.4
9.939    5.233799999999999    0.4
9.9277    5.239499999999999    0.4
9.9246    5.241199999999999    0.4
9.9134    5.247099999999999    0.4
9.9111999    5.248199999999999    0.4
9.9018    5.253299999999999    0.4
9.9008    5.253899999999999    0.4
9.734109    5.345614922594141    0.4
9.734109    -5.344814822594143    0.4
9.5184    -5.463499900000001    0.4
9.5182    -5.463599900000001    0.4
9.5104    -5.467899900000001    0.4
9.5076    -5.469399900000001    0.4
9.4966    -5.475699900000001    0.4
9.4936    -5.477499900000001    0.4
9.4827    -5.483999900000001    0.4
9.4812999    -5.484899900000001    0.4
9.328491    -5.577700179613809    0.4
9.328491    5.578500279613809    0.4
9.1085    5.7120999999999995    0.4
9.1062    5.713499999999999    0.4
9.0955    5.720199999999999    0.4
9.0943    5.720899999999999    0.4
9.0836    5.727699999999999    0.4
9.0805    5.729699999999999    0.4
9.0731    5.7345999999999995    0.4
9.0725    5.734999999999999    0.4
8.922873    5.834861191629956    0.4
8.922873    -5.834061091629957    0.4
8.7093    -5.976599900000001    0.4
8.7083999    -5.977299900000001    0.4
8.7007    -5.9824999000000005    0.4
8.6988    -5.983799900000001    0.4
8.6884    -5.990999900000001    0.4
8.6855    -5.992999900000001    0.4
8.6752    -6.000399900000001    0.4
8.6738    -6.001399900000001    0.4
8.517255    -6.115962377272727    0.4
8.517255    6.116762477272726    0.4
8.3218    6.259799999999999    0.4
8.3196    6.261399999999999    0.4
8.3095    6.268999999999999    0.4
8.3078    6.270299999999999    0.4
8.2978    6.277999999999999    0.4
8.297    6.278599999999999    0.4
8.2889    6.2848999999999995    0.4
8.2865    6.2867999999999995    0.4
8.111637    6.427101842352941    0.4
8.111637    -6.426301742352942    0.4
7.9465    -6.558799900000001    0.4
7.9446    -6.560399900000001    0.4
7.9367    -6.566899900000001    0.4
7.9356    -6.567799900000001    0.4
7.9259    -6.5758999000000005    0.4
7.9234    -6.577999900000001    0.4
7.9139    -6.586199900000001    0.4
7.9126    -6.5872999000000005    0.4
7.7060189999999995    -6.7686881212409125    0.4
7.7060189999999995    6.769488221240911    0.4
1111    1111    1111
24.00039    -3.9995999000000015    0.4
24.00039    4.000399999999998    0.4
23.59246003333333    4.000399999999998    0.4
23.59246003333333    -3.9995999000000015    0.4
23.184520066666668    -3.9995999000000015    0.4
23.184520066666668    4.000399999999998    0.4
22.7765801    4.000399999999998    0.4
22.7765801    -3.9995999000000015    0.4
22.368640133333336    -3.9995999000000015    0.4
22.368640133333336    4.000399999999998    0.4
21.96070016666667    4.000399999999998    0.4
21.96070016666667    -3.9995999000000015    0.4
21.5527602    -3.9995999000000015    0.4
21.5527602    4.000399999999999    0.4
21.144820233333338    4.000399999999999    0.4
21.144820233333338    -3.9995999000000015    0.4
20.73688026666667    -3.9995999000000015    0.4
20.73688026666667    4.000399999999999    0.4
20.328940300000003    4.000399999999999    0.4
20.328940300000003    -3.9995999000000015    0.4
19.92100033333334    -3.9995999000000015    0.4
19.92100033333334    4.000399999999999    0.4
19.51306036666667    4.000399999999999    0.4
19.51306036666667    -3.9995999000000015    0.4
19.105120400000008    -3.9995999000000015    0.4
19.105120400000008    4.000399999999999    0.4
18.69718043333334    4.000399999999999    0.4
18.69718043333334    -3.9995999000000015    0.4
18.289240466666673    -3.9995999000000015    0.4
18.289240466666673    4.000399999999999    0.4
17.88130050000001    4.000399999999999    0.4
17.88130050000001    -3.999599900000001    0.4
17.47336053333334    -3.999599900000001    0.4
17.47336053333334    4.000399999999999    0.4
17.065420566666678    4.000399999999999    0.4
17.065420566666678    -3.999599900000001    0.4
16.65748060000001    -3.999599900000001    0.4
16.65748060000001    4.000399999999999    0.4
16.249540633333343    4.000399999999999    0.4
16.249540633333343    -3.999599900000001    0.4
15.841600666666677    -3.999599900000001    0.4
15.841600666666677    4.000399999999999    0.4
15.43366070000001    4.000399999999999    0.4
15.43366070000001    -3.999599900000001    0.4
15.025720733333342    -3.999599900000001    0.4
15.025720733333342    4.000399999999999    0.4
14.9981    4.000399999999999    0.4
14.9805    4.0005999999999995    0.4
14.9784    4.0005999999999995    0.4
14.617780766666675    4.008540239999999    0.4
14.617780766666675    -4.007740140000001    0.4
14.5424    -4.009399900000001    0.4
14.5408    -4.009499900000001    0.4
14.5308    -4.009799900000001    0.4
14.5289    -4.009899900000001    0.4
14.5163    -4.010399900000001    0.4
14.5131    -4.010499900000001    0.4
14.5005    -4.011199900000001    0.4
14.4984    -4.011299900000001    0.4
14.209840800000006    -4.030395729411766    0.4
14.209840800000006    4.031195829411763    0.4
14.0632    4.040899999999999    0.4
14.0606    4.041099999999999    0.4
14.048    4.042099999999999    0.4
14.0464    4.042299999999999    0.4
14.0338    4.043399999999999    0.4
14.0299    4.043699999999999    0.4
14.0215    4.044599999999999    0.4
14.0212    4.044699999999999    0.4
13.801900833333338    4.0685280862492315    0.4
13.801900833333338    -4.067727986249233    0.4
13.5868    -4.091099900000001    0.4
13.5853    -4.091199900000001    0.4
13.575    -4.092399900000001    0.4
13.5727    -4.092699900000001    0.4
13.5602    -4.094299900000001    0.4
13.5573    -4.094699900000001    0.4
13.5426    -4.096799900000001    0.4
13.39396086666667    -4.119688671923315    0.4
13.39396086666667    4.120488771923314    0.4
13.1114    4.163999999999999    0.4
13.11    4.164299999999999    0.4
13.0976    4.166299999999999    0.4
13.0932    4.166999999999999    0.4
13.0807    4.169299999999999    0.4
13.0802    4.1693999999999996    0.4
13.0711    4.171099999999999    0.4
13.0689    4.171499999999999    0.4
12.986020900000003    4.187951656554305    0.4
12.986020900000003    -4.187151556554308    0.4
12.6417    -4.255499900000001    0.4
12.6399    -4.255899900000001    0.4
12.6298    -4.257999900000001    0.4
12.6279    -4.258399900000001    0.4
12.6155    -4.2610999000000005    0.4
12.6122    -4.261799900000001    0.4
12.5999    -4.264699900000001    0.4
12.5982    -4.265199900000001    0.4
12.578080933333334    -4.270134765408806    0.4
12.578080933333334    4.270934865408805    0.4
12.1742    4.369999999999999    0.4
12.1725    4.370399999999999    0.4
12.170140966666667    4.370999435890215    0.4
12.170140966666667    -4.370205574501594    0.4
1111    1111    1111
11    1111    0.6