-12.093798435947791    4.600500999999789    0.2
12.09459819346397    4.600501000000212    0.2
11.768899999999919    4.6955999000002056    0.2
11.766699999999918    4.696299900000205    0.2
11.756199999999918    4.699499900000205    0.2
11.752099999999919    4.700799900000205    0.2
11.738099999999918    4.705399900000205    0.2
11.736299999999918    4.705999900000205    0.2
11.323499999999914    4.845999900000198    0.2
11.321699999999915    4.846599900000197    0.2
11.311399999999916    4.850199900000197    0.2
11.307599999999915    4.851599900000197    0.2
11.293099999999916    4.856999900000197    0.2
11.290399999999915    4.857999900000197    0.2
10.883199999999913    5.01639990000019    0.2
10.881195659374912    5.017163458333524    0.2
-10.880491254166753    5.017163458333144    0.2
-10.879899900000087    5.01739999999981    0.2
-10.866299900000087    5.02289999999981    0.2
-10.862299900000087    5.024599999999811    0.2
-10.852299900000087    5.028899999999811    0.2
-10.850899900000087    5.0294999999998105    0.2
-10.45169990000009    5.204699999999818    0.2
-10.44929990000009    5.205699999999818    0.2
-10.43499990000009    5.212199999999818    0.2
-10.431299900000091    5.213999999999818    0.2
-10.421499900000091    5.218699999999818    0.2
-10.41959990000009    5.219599999999818    0.2
-10.028399900000094    5.412399999999825    0.2
-10.026399900000094    5.413399999999825    0.2
-10.011999900000093    5.420699999999825    0.2
-10.007099900000094    5.423199999999825    0.2
-9.997499900000093    5.428399999999826    0.2
-9.996399900000094    5.429099999999826    0.2
-9.987810591381589    5.433825916666493    0.2
9.98861050963235    5.433825916666841    0.2
9.614799999999903    5.6394999000001675    0.2
9.613099999999902    5.640399900000168    0.2
9.603499999999903    5.645799900000168    0.2
9.599299999999902    5.648199900000168    0.2
9.586699999999901    5.655699900000167    0.2
9.585199999999901    5.6566999000001665    0.2
9.266044168658757    5.850488375000162    0.2
-9.265299607597273    5.850488374999839    0.2
-9.211599900000103    5.883099999999839    0.2
-9.210499900000103    5.883699999999839    0.2
-9.197999900000102    5.891399999999839    0.2
-9.193599900000104    5.894199999999839    0.2
-9.184399900000104    5.90019999999984    0.2
-9.182699900000102    5.90129999999984    0.2
-8.819499900000107    6.143699999999846    0.2
-8.816799900000106    6.145599999999846    0.2
-8.804499900000106    6.154099999999846    0.2
-8.801399900000106    6.1561999999998465    0.2
-8.792499900000108    6.162599999999847    0.2
-8.791199900000109    6.163599999999846    0.2
-8.649701866873816    6.267150833333183    0.2
8.650501830227634    6.267150833333485    0.2
8.439999999999888    6.421199900000148    0.2
8.438099999999888    6.422599900000147    0.2
8.429299999999888    6.429199900000148    0.2
8.426899999999888    6.431099900000148    0.2
8.414499999999888    6.440699900000147    0.2
8.411699999999888    6.442799900000146    0.2
8.11131674059128    6.683813291666809    0.2
-8.110516765224945    6.683813291666526    0.2
-8.070899900000118    6.715599999999859    0.2
-8.068699900000118    6.717399999999858    0.2
-8.056599900000117    6.72739999999986    0.2
-8.053999900000118    6.729599999999859    0.2
-8.045699900000118    6.73669999999986    0.2
-8.043699900000117    6.73839999999986    0.2
-7.715699900000122    7.026399999999865    0.2
-7.713199900000123    7.028699999999865    0.2
-7.702299900000122    7.038599999999866    0.2
-7.6999999000001225    7.040699999999866    0.2
-7.691999900000123    7.0481999999998655    0.2
-7.690499900000123    7.049599999999866    0.2
-7.637330018037259    7.100475749999868    0.2
7.638130013527725    7.100475750000134    0.2
7.376099999999872    7.351199900000129    0.2
7.375699999999872    7.351599900000129    0.2
7.367799999999871    7.359199900000129    0.2
7.363199999999871    7.363799900000129    0.2
7.3523999999998715    7.374899900000128    0.2
7.351199999999872    7.376099900000128    0.2
7.216247100909344    7.51713820833346    0.2
-7.215447096594886    7.517138208333208    0.2
-7.048799900000134    7.691299999999877    0.2
-7.047199900000134    7.692999999999877    0.2
-7.037099900000134    7.703799999999878    0.2
-7.034599900000134    7.706499999999878    0.2
-7.027299900000135    7.714599999999877    0.2
-7.025599900000135    7.716499999999877    0.2
-6.834799314634284    7.933800666666548    0.2
6.83559932682913    7.933800666666786    0.2
6.73839999999986    8.044499900000117    0.2
6.73669999999986    8.046499900000118    0.2
6.729599999999859    8.054799900000118    0.2
6.72739999999986    8.057399900000117    0.2
6.717399999999858    8.069499900000118    0.2
6.715599999999859    8.071699900000118    0.2
6.491933506529267    8.350463125000113    0.2
-6.491133486764852    8.350463124999886    0.2
-6.441999900000146    8.411699999999888    0.2
-6.439899900000147    8.414499999999888    0.2
-6.430299900000147    8.426899999999888    0.2
-6.428399900000147    8.429299999999888    0.2
-6.421799900000147    8.438099999999888    0.2
-6.420399900000147    8.439999999999888    0.2
-6.181003450378941    8.767125583333225    0.2
6.181803477196816    8.767125583333442    0.2
6.163599999999846    8.791999900000109    0.2
6.162599999999847    8.793299900000108    0.2
6.1561999999998465    8.802199900000106    0.2
6.154099999999846    8.805299900000106    0.2
6.145599999999846    8.817599900000106    0.2
6.143699999999846    8.820299900000107    0.2
5.90129999999984    9.183499900000102    0.2
5.901113555391997    9.18378804166677    0.2
-5.900312672916827    9.183788041666563    0.2
-5.899199900000161    9.185499999999896    0.2
-5.891199900000161    9.197799999999898    0.2
-5.887899900000161    9.203099999999896    0.2
-5.88229990000016    9.212399999999898    0.2
-5.655899900000167    9.585199999999901    0.2
-5.654899900000167    9.586699999999901    0.2
-5.647399900000168    9.599299999999902    0.2
-5.646742471428739    9.600450499999903    0.2
5.647643798437332    9.600450500000099    0.2
5.640999999999832    9.612099900000098    0.2
5.639499999999832    9.614799900000097    0.2
5.429099999999826    9.997199900000094    0.2
5.428399999999826    9.998299900000093    0.2
5.423199999999825    10.007899900000094    0.2
5.420699999999825    10.012799900000093    0.2
5.418513519039177    10.017112958333428    0.2
-5.417669161666841    10.01711295833324    0.2
-5.416999900000175    10.018399999999906    0.2
-5.411599900000175    10.029199999999905    0.2
-5.218799900000182    10.42039999999991    0.2
-5.217599900000182    10.42299999999991    0.2
-5.212479666548646    10.433775416666576    0.2
5.213184883783601    10.433775416666757    0.2
5.212199999999818    10.43579990000009    0.2
5.205699999999818    10.45009990000009    0.2
5.204699999999818    10.45249990000009    0.2
5.030053874699209    10.850437875000088    0.2
-5.029253818587363    10.850437874999914    0.2
-5.0286999000001895    10.851699999999912    0.2
-5.027799900000189    10.853799999999913    0.2
-5.02209990000019    10.867199999999913    0.2
-5.02049990000019    10.870899999999914    0.2
-5.01639990000019    10.881099999999913    0.2
-5.01559990000019    10.883199999999913    0.2
-4.866263424558154    11.267100333333248    0.2
4.867063485657956    11.267100333333419    0.2
4.8579999999998025    11.290399900000086    0.2
4.8575999999998025    11.291499900000085    0.2
4.853699999999803    11.301699900000084    0.2
4.851699999999803    11.307099900000086    0.2
4.846599999999802    11.321699900000086    0.2
4.845999999999802    11.323499900000085    0.2
4.723817817748504    11.683762791666748    0.2
-4.723017751663641    11.683762791666584    0.2
-4.705199900000205    11.736299999999918    0.2
-4.704599900000205    11.738099999999918    0.2
-4.699999900000205    11.752099999999919    0.2
-4.698699900000205    11.756199999999918    0.2
-4.695499900000205    11.766699999999918    0.2
-4.694799900000205    11.768899999999919    0.2
-4.597999588454409    12.10042524999992    0.2
4.598799659255514    12.10042525000008    0.2
4.573199999999787    12.18809990000008    0.2
4.572299999999787    12.19139990000008    0.2
4.569399999999787    12.20199990000008    0.2
4.568699999999787    12.20469990000008    0.2
4.564899999999787    12.21939990000008    0.2
4.564299999999787    12.22189990000008    0.2
4.491895443238776    12.517087708333412    0.2
-4.491095367767515    12.517087708333255    0.2
-4.459499900000221    12.645899999999921    0.2
-4.458999900000221    12.647999999999922    0.2
-4.455399900000221    12.663399999999921    0.2
-4.454199900000221    12.668599999999921    0.2
-4.451999900000221    12.679299999999921    0.2
-4.4516999000002215    12.680699999999922    0.2
-4.4014689680401755    12.93375016666659    0.2
4.402269048189538    12.933750166666742    0.2
4.367699999999771    13.107899900000076    0.2
4.367599999999771    13.108299900000077    0.2
4.365499999999771    13.118999900000077    0.2
4.364399999999771    13.125499900000076    0.2
4.361999999999771    13.140299900000077    0.2
4.361699999999771    13.141899900000077    0.2
4.329591361456168    13.350412625000077    0.2
-4.328791276855521    13.350412624999924    0.2
-4.294499900000237    13.573099999999926    0.2
-4.294199900000237    13.575599999999925    0.2
-4.291999900000238    13.591199999999926    0.2
-4.291399900000237    13.595399999999925    0.2
-4.2900999000002376    13.606299999999925    0.2
-4.289899900000237    13.608399999999925    0.2
-4.272658960927189    13.767075083333259    0.2
4.273459050061147    13.767075083333408    0.2
4.243499999999755    14.042799900000075    0.2
4.2432999999997545    14.044299900000075    0.2
4.242199999999755    14.055199900000074    0.2
4.241799999999754    14.059999900000074    0.2
4.240699999999754    14.074299900000074    0.2
4.240499999999754    14.076399900000075    0.2
4.233401865631473    14.183737541666742    0.2
-4.232601772244871    14.183737541666593    0.2
1111    1111    1111
-24.199599992001268    -0.4003989000004224    0.2
24.20039990799873    -0.4003988999995776    0.2
24.200399916332056    0.016334333333755755    0.2
-24.19959998366794    0.016334333332911014    0.2
-24.199599975334614    0.43306756666624435    0.2
24.200399924665383    0.4330675666670891    0.2
24.200399932998707    0.8498008000004225    0.2
-24.199599967001287    0.8498007999995778    0.2
-24.199599958667957    1.2665340333329114    0.2
24.200399941332034    1.266534033333756    0.2
24.20039994966536    1.6832672666670891    0.2
-24.19959995033463    1.6832672666662445    0.2
-24.199599942001303    2.100000499999578    0.2
24.200399957998687    2.1000005000004225    0.2
24.20039996633201    2.516733733333756    0.2
-24.199599933667976    2.516733733332911    0.2
-24.199599925334645    2.9334669666662445    0.2
24.200399974665338    2.933466966667089    0.2
24.200399982998665    3.350200200000422    0.2
-24.19959991700132    3.3502001999995774    0.2
-24.199599908667995    3.7669334333329108    0.2
24.200399991331988    3.7669334333337554    0.2
24.20039999966531    4.183666666667089    0.2
-24.19959990033467    4.183666666666244    0.2
1111    1111    1111
-6.157270310112206    -8.798799000000106    0.2
-1.789514057575607    -8.798799000000031    0.2
-1.7935999999998467    -8.796899900000032    0.2
-1.7992999999998465    -8.794099900000033    0.2
-2.0504999999998486    -8.664499900000035    0.2
-2.057199999999849    -8.660899900000036    0.2
-2.062699999999849    -8.657699900000036    0.2
-2.3034999999998513    -8.51129990000004    0.2
-2.3103999999998517    -8.506899900000041    0.2
-2.3155999999998516    -8.50329990000004    0.2
-2.490396057755954    -8.378879095000041    0.2
-6.4676919870704435    -8.378879095000112    0.2
-6.714799999999859    -8.070899900000118    0.2
-6.7165999999998585    -8.068699900000118    0.2
-6.72659999999986    -8.056599900000117    0.2
-6.728799999999859    -8.053999900000118    0.2
-6.73589999999986    -8.045699900000118    0.2
-6.737599999999859    -8.043699900000117    0.2
-6.812006477073032    -7.958959190000118    0.2
-2.9792490607406035    -7.958959190000051    0.2
-2.9908999999998613    -7.947899900000053    0.2
-2.9963999999998614    -7.942399900000052    0.2
-3.0006999999998616    -7.937799900000052    0.2
-3.191099999999865    -7.729799900000056    0.2
-3.196499999999865    -7.723699900000056    0.2
-3.2004999999998653    -7.718799900000056    0.2
-3.3426212082489672    -7.539039285000057    0.2
-7.193725512322204    -7.539039285000124    0.2
-7.350399999999871    -7.375299900000128    0.2
-7.351599999999872    -7.374099900000128    0.2
-7.362399999999871    -7.362999900000129    0.2
-7.366999999999871    -7.358399900000129    0.2
-7.374899999999872    -7.350799900000129    0.2
-7.375299999999872    -7.350399900000129    0.2
-7.6170096150661895    -7.119119380000131    0.2
-3.6230570149998766    -7.119119380000061    0.2
-3.693799999999878    -6.998299900000065    0.2
-3.697799999999878    -6.991099900000065    0.2
-3.700599999999878    -6.985499900000065    0.2
-3.8253999999998824    -6.731899900000067    0.2
-3.8284999999998828    -6.725399900000067    0.2
-3.8309999999998827    -6.719599900000067    0.2
-3.8393854507667555    -6.699199475000065    0.2
-8.090343344941234    -6.69919947500014    0.2
-8.410899999999888    -6.441999900000146    0.2
-8.413699999999888    -6.439899900000147    0.2
-8.426099999999888    -6.430299900000147    0.2
-8.428499999999888    -6.428399900000147    0.2
-8.437299999999889    -6.421799900000147    0.2
-8.439199999999888    -6.420399900000147    0.2
-8.632035233540265    -6.279279570000149    0.2
-3.997553679464177    -6.279279570000068    0.2
-4.031299999999892    -6.1761999000000705    0.2
-4.033499999999893    -6.168899900000071    0.2
-4.035199999999892    -6.162799900000071    0.2
-4.103999999999897    -5.889199900000072    0.2
-4.105699999999897    -5.881799900000072    0.2
-4.106899999999898    -5.875599900000072    0.2
-4.109801713458111    -5.85935966500007    0.2
-9.249316242087836    -5.859359665000159    0.2
-9.584399999999901    -5.655899900000167    0.2
-9.585899999999901    -5.654899900000167    0.2
-9.598499999999902    -5.647399900000168    0.2
-9.602699999999903    -5.644999900000168    0.2
-9.612299999999902    -5.639599900000168    0.2
-9.613999999999903    -5.638699900000168    0.2
-9.976153410342112    -5.439439760000172    0.2
-4.174082864159449    -5.439439760000071    0.2
-4.188799999999907    -5.303499900000073    0.2
-4.189599999999908    -5.295099900000073    0.2
-4.189899999999907    -5.288799900000073    0.2
-4.199053995863935    -5.0195198550000715    0.2
-10.872538160731624    -5.019519855000188    0.2
-10.880299999999913    -5.01639990000019    0.2
-10.882399999999913    -5.01559990000019    0.2
-11.289599999999915    -4.8571999000001975    0.2
-11.292299999999914    -4.856199900000197    0.2
-11.306799999999916    -4.850799900000197    0.2
-11.310599999999916    -4.849399900000197    0.2
-11.320899999999915    -4.8457999000001974    0.2
-11.322699999999914    -4.845199900000197    0.2
-11.735499999999918    -4.705199900000205    0.2
-11.737299999999918    -4.704599900000205    0.2
-11.751299999999919    -4.699999900000205    0.2
-11.755399999999918    -4.698699900000205    0.2
-11.765899999999919    -4.695499900000205    0.2
-11.768099999999919    -4.694799900000205    0.2
-12.094144273202543    -4.599599950000209    0.2
-4.178396016809036    -4.59959995000007    0.2
-4.158399999999923    -4.414899900000073    0.2
-4.1574999999999225    -4.407499900000073    0.2
-4.156499999999924    -4.401199900000073    0.2
-4.116920083544596    -4.17968004500007    0.2
-24.199599999999926    -4.179680045000421    0.2
-24.199599999999936    -3.75976014000042    0.2
-4.0105965071427905    -3.759760140000068    0.2
-3.9432999999999376    -3.554199900000069    0.2
-3.9404999999999384    -3.546299900000069    0.2
-3.9381999999999384    -3.540399900000069    0.2
-3.8557613646931927    -3.3398402350000653    0.2
-24.199599999999943    -3.33984023500042    0.2
-24.19959999999995    -2.9199203300004206    0.2
-3.6463843307236323    -2.919920330000062    0.2
-3.551399999999952    -2.757699900000062    0.2
-3.547099999999952    -2.750799900000062    0.2
-3.543599999999952    -2.7454999000000617    0.2
-3.383599999999956    -2.512699900000059    0.2
-3.379499999999956    -2.506999900000059    0.2
-3.3756999999999566    -2.501999900000059    0.2
-3.3741191876353342    -2.500000425000058    0.2
-24.199599999999958    -2.500000425000421    0.2
-24.199599999999965    -2.080080520000421    0.2
-3.017799952153809    -2.0800805200000516    0.2
-3.000699999999964    -2.0613999000000525    0.2
-2.995399999999964    -2.055799900000052    0.2
-2.990899999999964    -2.0512999000000525    0.2
-2.7860999999999674    -1.8568999000000486    0.2
-2.7800999999999676    -1.8514999000000487    0.2
-2.7752999999999677    -1.8473999000000485    0.2
-2.556899999999971    -1.6681999000000447    0.2
-2.551099999999971    -1.6635999000000445    0.2
-2.546359363918889    -1.6601606150000436    0.2
-24.199599999999972    -1.6601606150004216    0.2
-24.19959999999998    -1.2402407100004218    0.2
-1.8674124341975085    -1.240240710000032    0.2
-1.7992999999999788    -1.2050999000000313    0.2
-1.7921999999999791    -1.2015999000000313    0.2
-1.786499999999979    -1.198999900000031    0.2
-1.527299999999981    -1.0877999000000267    0.2
-1.520599999999981    -1.0850999000000265    0.2
-1.514699999999981    -1.0828999000000263    0.2
-1.2482999999999826    -0.9892999000000218    0.2
-1.2401999999999826    -0.9865999000000216    0.2
-1.2340999999999829    -0.9848999000000216    0.2
-0.9612999999999842    -0.9112999000000168    0.2
-0.9539999999999841    -0.9094999000000167    0.2
-0.9477999999999841    -0.9081999000000165    0.2
-0.6709999999999852    -0.8537999000000116    0.2
-0.6635999999999851    -0.8523999000000115    0.2
-0.6572999999999851    -0.8515999000000114    0.2
-0.4084890170454382    -0.8203208050000068    0.2
-24.199599999999986    -0.820320805000422    0.2
1111    1111    1111
4.0228825017699785    -3.79959899999993    0.2
24.20039990000007    -3.799598999999578    0.2
24.20039990000006    -3.374699237499578    0.2
3.8724107367624816    -3.3746992374999327    0.2
3.769199900000055    -3.1454999999999345    0.2
3.7664999000000545    -3.1397999999999344    0.2
3.7625999000000547    -3.132299999999934    0.2
3.663696389677471    -2.9497994749999363    0.2
24.20039990000005    -2.949799474999578    0.2
24.200399900000043    -2.524899712499578    0.2
3.3909158856074386    -2.5248997124999413    0.2
3.2950999000000416    -2.394699999999942    0.2
3.2912999000000416    -2.389599999999943    0.2
3.2860999000000417    -2.383299999999943    0.2
3.102899900000038    -2.1688999999999456    0.2
3.098699900000038    -2.1640999999999457    0.2
3.093599900000038    -2.1587999999999457    0.2
3.035966517658767    -2.099999949999947    0.2
24.200399900000036    -2.0999999499995776    0.2
24.20039990000003    -1.675100187499578    0.2
2.5631608929906835    -1.6751001874999556    0.2
2.4385999000000274    -1.5798999999999574    0.2
2.4335999000000275    -1.5760999999999576    0.2
2.4270999000000275    -1.5716999999999577    0.2
2.191099900000025    -1.416499999999962    0.2
2.185799900000025    -1.4130999999999618    0.2
2.1793999000000244    -1.409399999999962    0.2
1.933799900000022    -1.2709999999999662    0.2
1.9281999000000223    -1.2678999999999663    0.2
1.920899900000022    -1.2642999999999665    0.2
1.8910200059602869    -1.250200424999967    0.2
24.200399900000022    -1.2502004249995777    0.2
24.200399900000015    -0.8253006624995778    0.2
0.448533207661306    -0.8253006624999922    0.2
1111    1111    1111
1.785484800662408    -8.798798999999967    0.2
6.158207170491957    -8.79879899999989    0.2
6.162199900000154    -8.793199999999892    0.2
6.163599900000154    -8.791199999999892    0.2
6.421199900000148    -8.439199999999888    0.2
6.422599900000147    -8.437299999999889    0.2
6.429199900000148    -8.428499999999888    0.2
6.431099900000148    -8.426099999999888    0.2
6.440699900000147    -8.413699999999888    0.2
6.442799900000146    -8.410899999999888    0.2
6.4658280980393625    -8.382199166666553    0.2
2.4871430464175917    -8.382199166666624    0.2
2.662599900000144    -8.248099999999955    0.2
2.667599900000144    -8.244199999999953    0.2
2.673599900000144    -8.239099999999954    0.2
2.88559990000014    -8.05189999999995    0.2
2.8902999000001404    -8.047699999999951    0.2
2.8959999000001404    -8.04199999999995    0.2
2.9708846804234197    -7.965599333333281    0.2
6.806976095122091    -7.965599333333214    0.2
7.026399900000135    -7.715699999999877    0.2
7.028099900000135    -7.713799999999877    0.2
7.035399900000134    -7.705699999999878    0.2
7.037899900000134    -7.702999999999878    0.2
7.047999900000134    -7.692199999999877    0.2
7.049599900000134    -7.690499999999877    0.2
7.18499504847729    -7.548999499999874    0.2
3.3359435778170337    -7.54899949999994    0.2
3.462299900000129    -7.37729999999994    0.2
3.465899900000129    -7.37219999999994    0.2
3.4702999000001284    -7.36569999999994    0.2
3.617770679264339    -7.132399666666603    0.2
7.603930487091194    -7.132399666666534    0.2
7.691299900000123    -7.048799999999866    0.2
7.692799900000122    -7.0473999999998655    0.2
7.700799900000122    -7.039899999999866    0.2
7.703099900000122    -7.037799999999866    0.2
7.713999900000123    -7.027899999999865    0.2
7.716499900000122    -7.025599999999865    0.2
8.044499900000117    -6.737599999999859    0.2
8.046499900000118    -6.73589999999986    0.2
8.054799900000118    -6.728799999999859    0.2
8.057399900000117    -6.72659999999986    0.2
8.069499900000118    -6.7165999999998585    0.2
8.0704778814816    -6.715799833333191    0.2
3.8312978011388337    -6.715799833333266    0.2
3.885199900000115    -6.596099999999932    0.2
3.887699900000115    -6.5902999999999325    0.2
3.890499900000115    -6.583199999999932    0.2
3.98809990000011    -6.31839999999993    0.2
3.99019990000011    -6.312399999999931    0.2
3.99249990000011    -6.304699999999931    0.2
3.9940898705015853    -6.29919999999993    0.2
8.60561480683241    -6.299199999999849    0.2
8.791999900000109    -6.162799999999846    0.2
8.793299900000108    -6.161799999999847    0.2
8.802199900000106    -6.1553999999998465    0.2
8.805299900000106    -6.153299999999846    0.2
8.817599900000106    -6.144799999999846    0.2
8.820299900000107    -6.142899999999846    0.2
9.183499900000102    -5.90049999999984    0.2
9.185199900000104    -5.89939999999984    0.2
9.194399900000104    -5.893399999999839    0.2
9.198799900000102    -5.890599999999839    0.2
9.211299900000103    -5.8828999999998395    0.2
9.211849594444546    -5.8826001666665055    0.2
4.103849719323774    -5.882600166666594    0.2
4.1335999000001005    -5.743899999999928    0.2
4.1347999000001    -5.737699999999928    0.2
4.1359999000001    -5.730299999999928    0.2
4.1737569952381905    -5.46600033333326    0.2
9.92867990253495    -5.4660003333331595    0.2
9.997199900000094    -5.428299999999826    0.2
9.998299900000093    -5.427599999999826    0.2
10.007899900000094    -5.422399999999825    0.2
10.012799900000093    -5.419899999999825    0.2
10.027199900000094    -5.412599999999825    0.2
10.029199900000094    -5.411599999999825    0.2
10.42039990000009    -5.218799999999818    0.2
10.422299900000091    -5.217899999999818    0.2
10.432099900000091    -5.2131999999998175    0.2
10.43579990000009    -5.211399999999818    0.2
10.45009990000009    -5.204899999999818    0.2
10.45249990000009    -5.203899999999818    0.2
10.804533007306025    -5.049400499999812    0.2
4.199608982386451    -5.049400499999926    0.2
4.200399900000087    -5.002999999999926    0.2
4.200399900000087    -4.996199999999926    0.2
4.1979999000000845    -4.8553999999999276    0.2
4.197799900000084    -4.849099999999927    0.2
4.197499900000085    -4.844599999999927    0.2
4.182457333712201    -4.6328006666665935    0.2
11.981237486056727    -4.632800666666458    0.2
12.18809990000008    -4.572399999999787    0.2
12.19139990000008    -4.571499999999787    0.2
12.20199990000008    -4.568599999999787    0.2
12.20469990000008    -4.567899999999787    0.2
12.21939990000008    -4.564099999999787    0.2
12.22189990000008    -4.563499999999787    0.2
12.645899900000078    -4.459499999999779    0.2
12.647599900000078    -4.4589999999997785    0.2
12.658199900000078    -4.456499999999779    0.2
12.662499900000078    -4.455599999999778    0.2
12.677999900000078    -4.452299999999779    0.2
12.680699900000079    -4.451699999999779    0.2
13.107899900000076    -4.366899999999771    0.2
13.108299900000077    -4.36679999999977    0.2
13.118999900000077    -4.364699999999771    0.2
13.125499900000076    -4.363599999999771    0.2
13.140299900000077    -4.361199999999771    0.2
13.141899900000077    -4.360899999999771    0.2
13.573099900000075    -4.294499999999763    0.2
13.574199900000075    -4.294399999999763    0.2
13.584999900000074    -4.292799999999763    0.2
13.590299900000074    -4.291999999999763    0.2
13.605999900000075    -4.290099999999763    0.2
13.608399900000075    -4.289899999999763    0.2
14.042799900000075    -4.242699999999755    0.2
14.044299900000075    -4.242499999999755    0.2
14.055199900000074    -4.2413999999997545    0.2
14.059999900000074    -4.2409999999997545    0.2
14.074299900000074    -4.2398999999997535    0.2
14.076399900000075    -4.239699999999754    0.2
14.431498418518583    -4.216200833333081    0.2
4.125213434459101    -4.216200833333262    0.2
1111    1111    1111
-4.231500654677172    -14.199590000000075    0.2
4.23230056129057    -14.199589999999926    0.2
4.240499900000246    -14.075599999999925    0.2
4.240599900000246    -14.074199999999925    0.2
4.241399900000245    -14.063299999999925    0.2
4.241899900000245    -14.058399999999926    0.2
4.243299900000245    -14.044099999999926    0.2
4.243499900000245    -14.041999999999925    0.2
4.271516325400439    -13.784153915384541    0.2
-4.270716414534395    -13.78415391538469    0.2
-4.289899999999763    -13.607599900000075    0.2
-4.290099999999763    -13.605199900000075    0.2
-4.291999999999763    -13.589499900000074    0.2
-4.292799999999763    -13.584199900000074    0.2
-4.294399999999763    -13.573399900000075    0.2
-4.294499999999763    -13.572299900000075    0.2
-4.325850912330293    -13.368707830769308    0.2
4.326650827729647    -13.368707830769155    0.2
4.361699900000229    -13.141099999999923    0.2
4.362099900000229    -13.138599999999924    0.2
4.363899900000229    -13.127799999999924    0.2
4.364499900000229    -13.124599999999923    0.2
4.367199900000229    -13.109899999999923    0.2
4.367699900000229    -13.107099999999924    0.2
4.3982370814753065    -12.95326174615377    0.2
-4.397437161624666    -12.953261746153922    0.2
-4.451699999999779    -12.679899900000079    0.2
-4.452299999999779    -12.677199900000078    0.2
-4.455599999999778    -12.661699900000079    0.2
-4.456499999999779    -12.657399900000078    0.2
-4.4589999999997785    -12.646799900000078    0.2
-4.45949999999978    -12.645099900000078    0.2
-4.485815001886574    -12.53781566153854    0.2
4.486614926415312    -12.537815661538383    0.2
4.564299900000213    -12.22109999999992    0.2
4.564699900000213    -12.21929999999992    0.2
4.567399900000213    -12.20869999999992    0.2
4.568199900000213    -12.20559999999992    0.2
4.572199900000213    -12.19089999999992    0.2
4.573199900000212    -12.18729999999992    0.2
4.592158592234504    -12.122369576922997    0.2
-4.591358663035607    -12.122369576923157    0.2
-4.694799999999795    -11.768099900000081    0.2
-4.695899999999795    -11.764599900000082    0.2
-4.700299999999795    -11.750499900000081    0.2
-4.701099999999795    -11.747999900000082    0.2
-4.704499999999795    -11.737599900000081    0.2
-4.705199999999794    -11.735499900000082    0.2
-4.714891611135752    -11.706923492307775    0.2
4.71569154505089    -11.706923492307611    0.2
4.845999900000197    -11.322699999999914    0.2
4.846599900000197    -11.320899999999915    0.2
4.850199900000197    -11.310599999999916    0.2
4.851599900000197    -11.306799999999916    0.2
4.856999900000197    -11.292299999999914    0.2
4.857304563817861    -11.291477407692222    0.2
-4.856502717646862    -11.291477407692392    0.2
-4.856799999999803    -11.290699900000085    0.2
-4.857199999999803    -11.289599900000086    0.2
-5.01559999999981    -10.882399900000086    0.2
-5.01659999999981    -10.879899900000087    0.2
-5.018164498020172    -10.87603132307701    0.2
5.0189157407241725    -10.876031323076836    0.2
5.02129990000019    -10.870099999999914    0.2
5.02289990000019    -10.866399999999913    0.2
5.028599900000189    -10.852999999999913    0.2
5.029499900000189    -10.850899999999912    0.2
5.200800366487003    -10.460585238461448    0.2
-5.200000422598862    -10.46058523846163    0.2
-5.203899999999818    -10.45169990000009    0.2
-5.204899999999818    -10.44929990000009    0.2
-5.211399999999818    -10.43499990000009    0.2
-5.2131999999998175    -10.431299900000091    0.2
-5.217899999999818    -10.421499900000091    0.2
-5.218799999999818    -10.41959990000009    0.2
-5.403350183687098    -10.045139153846248    0.2
5.404150132971702    -10.04513915384606    0.2
5.412399900000175    -10.028399999999905    0.2
5.417799900000175    -10.017599999999906    0.2
5.420399900000175    -10.012599999999907    0.2
5.427999900000174    -9.998399999999906    0.2
5.429099900000174    -9.996399999999905    0.2
5.630865428854369    -9.62969306923067    0.2
-5.6300654738331115    -9.629693069230866    0.2
-5.638699999999832    -9.613999900000097    0.2
-5.640199999999832    -9.611299900000098    0.2
-5.647499999999832    -9.598499900000098    0.2
-5.649399999999832    -9.5951999000001    0.2
-5.654999999999833    -9.585799900000099    0.2
-5.655899999999833    -9.584399900000099    0.2
-5.880692435737707    -9.214246984615487    0.2
5.881453394450224    -9.214246984615281    0.2
1111    1111    1111
-12.093798435947791    4.600500999999789    0.4
12.09459819346397    4.600501000000212    0.4
11.768899999999919    4.6955999000002056    0.4
11.766699999999918    4.696299900000205    0.4
11.756199999999918    4.699499900000205    0.4
11.752099999999919    4.700799900000205    0.4
11.738099999999918    4.705399900000205    0.4
11.736299999999918    4.705999900000205    0.4
11.323499999999914    4.845999900000198    0.4
11.321699999999915    4.846599900000197    0.4
11.311399999999916    4.850199900000197    0.4
11.307599999999915    4.851599900000197    0.4
11.293099999999916    4.856999900000197    0.4
11.290399999999915    4.857999900000197    0.4
10.883199999999913    5.01639990000019    0.4
10.881195659374912    5.017163458333524    0.4
-10.880491254166753    5.017163458333144    0.4
-10.879899900000087    5.01739999999981    0.4
-10.866299900000087    5.02289999999981    0.4
-10.862299900000087    5.024599999999811    0.4
-10.852299900000087    5.028899999999811    0.4
-10.850899900000087    5.0294999999998105    0.4
-10.45169990000009    5.204699999999818    0.4
-10.44929990000009    5.205699999999818    0.4
-10.43499990000009    5.212199999999818    0.4
-10.431299900000091    5.213999999999818    0.4
-10.421499900000091    5.218699999999818    0.4
-10.41959990000009    5.219599999999818    0.4
-10.028399900000094    5.412399999999825    0.4
-10.026399900000094    5.413399999999825    0.4
-10.011999900000093    5.420699999999825    0.4
-10.007099900000094    5.423199999999825    0.4
-9.997499900000093    5.428399999999826    0.4
-9.996399900000094    5.429099999999826    0.4
-9.987810591381589    5.433825916666493    0.4
9.98861050963235    5.433825916666841    0.4
9.614799999999903    5.6394999000001675    0.4
9.613099999999902    5.640399900000168    0.4
9.603499999999903    5.645799900000168    0.4
9.599299999999902    5.648199900000168    0.4
9.586699999999901    5.655699900000167    0.4
9.585199999999901    5.6566999000001665    0.4
9.266044168658757    5.850488375000162    0.4
-9.265299607597273    5.850488374999839    0.4
-9.211599900000103    5.883099999999839    0.4
-9.210499900000103    5.883699999999839    0.4
-9.197999900000102    5.891399999999839    0.4
-9.193599900000104    5.894199999999839    0.4
-9.184399900000104    5.90019999999984    0.4
-9.182699900000102    5.90129999999984    0.4
-8.819499900000107    6.143699999999846    0.4
-8.816799900000106    6.145599999999846    0.4
-8.804499900000106    6.154099999999846    0.4
-8.801399900000106    6.1561999999998465    0.4
-8.792499900000108    6.162599999999847    0.4
-8.791199900000109    6.163599999999846    0.4
-8.649701866873816    6.267150833333183    0.4
8.650501830227634    6.267150833333485    0.4
8.439999999999888    6.421199900000148    0.4
8.438099999999888    6.422599900000147    0.4
8.429299999999888    6.429199900000148    0.4
8.426899999999888    6.431099900000148    0.4
8.414499999999888    6.440699900000147    0.4
8.411699999999888    6.442799900000146    0.4
8.11131674059128    6.683813291666809    0.4
-8.110516765224945    6.683813291666526    0.4
-8.070899900000118    6.715599999999859    0.4
-8.068699900000118    6.717399999999858    0.4
-8.056599900000117    6.72739999999986    0.4
-8.053999900000118    6.729599999999859    0.4
-8.045699900000118    6.73669999999986    0.4
-8.043699900000117    6.73839999999986    0.4
-7.715699900000122    7.026399999999865    0.4
-7.713199900000123    7.028699999999865    0.4
-7.702299900000122    7.038599999999866    0.4
-7.6999999000001225    7.040699999999866    0.4
-7.691999900000123    7.0481999999998655    0.4
-7.690499900000123    7.049599999999866    0.4
-7.637330018037259    7.100475749999868    0.4
7.638130013527725    7.100475750000134    0.4
7.376099999999872    7.351199900000129    0.4
7.375699999999872    7.351599900000129    0.4
7.367799999999871    7.359199900000129    0.4
7.363199999999871    7.363799900000129    0.4
7.3523999999998715    7.374899900000128    0.4
7.351199999999872    7.376099900000128    0.4
7.216247100909344    7.51713820833346    0.4
-7.215447096594886    7.517138208333208    0.4
-7.048799900000134    7.691299999999877    0.4
-7.047199900000134    7.692999999999877    0.4
-7.037099900000134    7.703799999999878    0.4
-7.034599900000134    7.706499999999878    0.4
-7.027299900000135    7.714599999999877    0.4
-7.025599900000135    7.716499999999877    0.4
-6.834799314634284    7.933800666666548    0.4
6.83559932682913    7.933800666666786    0.4
6.73839999999986    8.044499900000117    0.4
6.73669999999986    8.046499900000118    0.4
6.729599999999859    8.054799900000118    0.4
6.72739999999986    8.057399900000117    0.4
6.717399999999858    8.069499900000118    0.4
6.715599999999859    8.071699900000118    0.4
6.491933506529267    8.350463125000113    0.4
-6.491133486764852    8.350463124999886    0.4
-6.441999900000146    8.411699999999888    0.4
-6.439899900000147    8.414499999999888    0.4
-6.430299900000147    8.426899999999888    0.4
-6.428399900000147    8.429299999999888    0.4
-6.421799900000147    8.438099999999888    0.4
-6.420399900000147    8.439999999999888    0.4
-6.181003450378941    8.767125583333225    0.4
6.181803477196816    8.767125583333442    0.4
6.163599999999846    8.791999900000109    0.4
6.162599999999847    8.793299900000108    0.4
6.1561999999998465    8.802199900000106    0.4
6.154099999999846    8.805299900000106    0.4
6.145599999999846    8.817599900000106    0.4
6.143699999999846    8.820299900000107    0.4
5.90129999999984    9.183499900000102    0.4
5.901113555391997    9.18378804166677    0.4
-5.900312672916827    9.183788041666563    0.4
-5.899199900000161    9.185499999999896    0.4
-5.891199900000161    9.197799999999898    0.4
-5.887899900000161    9.203099999999896    0.4
-5.88229990000016    9.212399999999898    0.4
-5.655899900000167    9.585199999999901    0.4
-5.654899900000167    9.586699999999901    0.4
-5.647399900000168    9.599299999999902    0.4
-5.646742471428739    9.600450499999903    0.4
5.647643798437332    9.600450500000099    0.4
5.640999999999832    9.612099900000098    0.4
5.639499999999832    9.614799900000097    0.4
5.429099999999826    9.997199900000094    0.4
5.428399999999826    9.998299900000093    0.4
5.423199999999825    10.007899900000094    0.4
5.420699999999825    10.012799900000093    0.4
5.418513519039177    10.017112958333428    0.4
-5.417669161666841    10.01711295833324    0.4
-5.416999900000175    10.018399999999906    0.4
-5.411599900000175    10.029199999999905    0.4
-5.218799900000182    10.42039999999991    0.4
-5.217599900000182    10.42299999999991    0.4
-5.212479666548646    10.433775416666576    0.4
5.213184883783601    10.433775416666757    0.4
5.212199999999818    10.43579990000009    0.4
5.205699999999818    10.45009990000009    0.4
5.204699999999818    10.45249990000009    0.4
5.030053874699209    10.850437875000088    0.4
-5.029253818587363    10.850437874999914    0.4
-5.0286999000001895    10.851699999999912    0.4
-5.027799900000189    10.853799999999913    0.4
-5.02209990000019    10.867199999999913    0.4
-5.02049990000019    10.870899999999914    0.4
-5.01639990000019    10.881099999999913    0.4
-5.01559990000019    10.883199999999913    0.4
-4.866263424558154    11.267100333333248    0.4
4.867063485657956    11.267100333333419    0.4
4.8579999999998025    11.290399900000086    0.4
4.8575999999998025    11.291499900000085    0.4
4.853699999999803    11.301699900000084    0.4
4.851699999999803    11.307099900000086    0.4
4.846599999999802    11.321699900000086    0.4
4.845999999999802    11.323499900000085    0.4
4.723817817748504    11.683762791666748    0.4
-4.723017751663641    11.683762791666584    0.4
-4.705199900000205    11.736299999999918    0.4
-4.704599900000205    11.738099999999918    0.4
-4.699999900000205    11.752099999999919    0.4
-4.698699900000205    11.756199999999918    0.4
-4.695499900000205    11.766699999999918    0.4
-4.694799900000205    11.768899999999919    0.4
-4.597999588454409    12.10042524999992    0.4
4.598799659255514    12.10042525000008    0.4
4.573199999999787    12.18809990000008    0.4
4.572299999999787    12.19139990000008    0.4
4.569399999999787    12.20199990000008    0.4
4.568699999999787    12.20469990000008    0.4
4.564899999999787    12.21939990000008    0.4
4.564299999999787    12.22189990000008    0.4
4.491895443238776    12.517087708333412    0.4
-4.491095367767515    12.517087708333255    0.4
-4.459499900000221    12.645899999999921    0.4
-4.458999900000221    12.647999999999922    0.4
-4.455399900000221    12.663399999999921    0.4
-4.454199900000221    12.668599999999921    0.4
-4.451999900000221    12.679299999999921    0.4
-4.4516999000002215    12.680699999999922    0.4
-4.4014689680401755    12.93375016666659    0.4
4.402269048189538    12.933750166666742    0.4
4.367699999999771    13.107899900000076    0.4
4.367599999999771    13.108299900000077    0.4
4.365499999999771    13.118999900000077    0.4
4.364399999999771    13.125499900000076    0.4
4.361999999999771    13.140299900000077    0.4
4.361699999999771    13.141899900000077    0.4
4.329591361456168    13.350412625000077    0.4
-4.328791276855521    13.350412624999924    0.4
-4.294499900000237    13.573099999999926    0.4
-4.294199900000237    13.575599999999925    0.4
-4.291999900000238    13.591199999999926    0.4
-4.291399900000237    13.595399999999925    0.4
-4.2900999000002376    13.606299999999925    0.4
-4.289899900000237    13.608399999999925    0.4
-4.272658960927189    13.767075083333259    0.4
4.273459050061147    13.767075083333408    0.4
4.243499999999755    14.042799900000075    0.4
4.2432999999997545    14.044299900000075    0.4
4.242199999999755    14.055199900000074    0.4
4.241799999999754    14.059999900000074    0.4
4.240699999999754    14.074299900000074    0.4
4.240499999999754    14.076399900000075    0.4
4.233401865631473    14.183737541666742    0.4
-4.232601772244871    14.183737541666593    0.4
1111    1111    1111
-24.199599992001268    -0.4003989000004224    0.4
24.20039990799873    -0.4003988999995776    0.4
24.200399916332056    0.016334333333755755    0.4
-24.19959998366794    0.016334333332911014    0.4
-24.199599975334614    0.43306756666624435    0.4
24.200399924665383    0.4330675666670891    0.4
24.200399932998707    0.8498008000004225    0.4
-24.199599967001287    0.8498007999995778    0.4
-24.199599958667957    1.2665340333329114    0.4
24.200399941332034    1.266534033333756    0.4
24.20039994966536    1.6832672666670891    0.4
-24.19959995033463    1.6832672666662445    0.4
-24.199599942001303    2.100000499999578    0.4
24.200399957998687    2.1000005000004225    0.4
24.20039996633201    2.516733733333756    0.4
-24.199599933667976    2.516733733332911    0.4
-24.199599925334645    2.9334669666662445    0.4
24.200399974665338    2.933466966667089    0.4
24.200399982998665    3.350200200000422    0.4
-24.19959991700132    3.3502001999995774    0.4
-24.199599908667995    3.7669334333329108    0.4
24.200399991331988    3.7669334333337554    0.4
24.20039999966531    4.183666666667089    0.4
-24.19959990033467    4.183666666666244    0.4
1111    1111    1111
-6.157270310112206    -8.798799000000106    0.4
-1.789514057575607    -8.798799000000031    0.4
-1.7935999999998467    -8.796899900000032    0.4
-1.7992999999998465    -8.794099900000033    0.4
-2.0504999999998486    -8.664499900000035    0.4
-2.057199999999849    -8.660899900000036    0.4
-2.062699999999849    -8.657699900000036    0.4
-2.3034999999998513    -8.51129990000004    0.4
-2.3103999999998517    -8.506899900000041    0.4
-2.3155999999998516    -8.50329990000004    0.4
-2.490396057755954    -8.378879095000041    0.4
-6.4676919870704435    -8.378879095000112    0.4
-6.714799999999859    -8.070899900000118    0.4
-6.7165999999998585    -8.068699900000118    0.4
-6.72659999999986    -8.056599900000117    0.4
-6.728799999999859    -8.053999900000118    0.4
-6.73589999999986    -8.045699900000118    0.4
-6.737599999999859    -8.043699900000117    0.4
-6.812006477073032    -7.958959190000118    0.4
-2.9792490607406035    -7.958959190000051    0.4
-2.9908999999998613    -7.947899900000053    0.4
-2.9963999999998614    -7.942399900000052    0.4
-3.0006999999998616    -7.937799900000052    0.4
-3.191099999999865    -7.729799900000056    0.4
-3.196499999999865    -7.723699900000056    0.4
-3.2004999999998653    -7.718799900000056    0.4
-3.3426212082489672    -7.539039285000057    0.4
-7.193725512322204    -7.539039285000124    0.4
-7.350399999999871    -7.375299900000128    0.4
-7.351599999999872    -7.374099900000128    0.4
-7.362399999999871    -7.362999900000129    0.4
-7.366999999999871    -7.358399900000129    0.4
-7.374899999999872    -7.350799900000129    0.4
-7.375299999999872    -7.350399900000129    0.4
-7.6170096150661895    -7.119119380000131    0.4
-3.6230570149998766    -7.119119380000061    0.4
-3.693799999999878    -6.998299900000065    0.4
-3.697799999999878    -6.991099900000065    0.4
-3.700599999999878    -6.985499900000065    0.4
-3.8253999999998824    -6.731899900000067    0.4
-3.8284999999998828    -6.725399900000067    0.4
-3.8309999999998827    -6.719599900000067    0.4
-3.8393854507667555    -6.699199475000065    0.4
-8.090343344941234    -6.69919947500014    0.4
-8.410899999999888    -6.441999900000146    0.4
-8.413699999999888    -6.439899900000147    0.4
-8.426099999999888    -6.430299900000147    0.4
-8.428499999999888    -6.428399900000147    0.4
-8.437299999999889    -6.421799900000147    0.4
-8.439199999999888    -6.420399900000147    0.4
-8.632035233540265    -6.279279570000149    0.4
-3.997553679464177    -6.279279570000068    0.4
-4.031299999999892    -6.1761999000000705    0.4
-4.033499999999893    -6.168899900000071    0.4
-4.035199999999892    -6.162799900000071    0.4
-4.103999999999897    -5.889199900000072    0.4
-4.105699999999897    -5.881799900000072    0.4
-4.106899999999898    -5.875599900000072    0.4
-4.109801713458111    -5.85935966500007    0.4
-9.249316242087836    -5.859359665000159    0.4
-9.584399999999901    -5.655899900000167    0.4
-9.585899999999901    -5.654899900000167    0.4
-9.598499999999902    -5.647399900000168    0.4
-9.602699999999903    -5.644999900000168    0.4
-9.612299999999902    -5.639599900000168    0.4
-9.613999999999903    -5.638699900000168    0.4
-9.976153410342112    -5.439439760000172    0.4
-4.174082864159449    -5.439439760000071    0.4
-4.188799999999907    -5.303499900000073    0.4
-4.189599999999908    -5.295099900000073    0.4
-4.189899999999907    -5.288799900000073    0.4
-4.199053995863935    -5.0195198550000715    0.4
-10.872538160731624    -5.019519855000188    0.4
-10.880299999999913    -5.01639990000019    0.4
-10.882399999999913    -5.01559990000019    0.4
-11.289599999999915    -4.8571999000001975    0.4
-11.292299999999914    -4.856199900000197    0.4
-11.306799999999916    -4.850799900000197    0.4
-11.310599999999916    -4.849399900000197    0.4
-11.320899999999915    -4.8457999000001974    0.4
-11.322699999999914    -4.845199900000197    0.4
-11.735499999999918    -4.705199900000205    0.4
-11.737299999999918    -4.704599900000205    0.4
-11.751299999999919    -4.699999900000205    0.4
-11.755399999999918    -4.698699900000205    0.4
-11.765899999999919    -4.695499900000205    0.4
-11.768099999999919    -4.694799900000205    0.4
-12.094144273202543    -4.599599950000209    0.4
-4.178396016809036    -4.59959995000007    0.4
-4.158399999999923    -4.414899900000073    0.4
-4.1574999999999225    -4.407499900000073    0.4
-4.156499999999924    -4.401199900000073    0.4
-4.116920083544596    -4.17968004500007    0.4
-24.199599999999926    -4.179680045000421    0.4
-24.199599999999936    -3.75976014000042    0.4
-4.0105965071427905    -3.759760140000068    0.4
-3.9432999999999376    -3.554199900000069    0.4
-3.9404999999999384    -3.546299900000069    0.4
-3.9381999999999384    -3.540399900000069    0.4
-3.8557613646931927    -3.3398402350000653    0.4
-24.199599999999943    -3.33984023500042    0.4
-24.19959999999995    -2.9199203300004206    0.4
-3.6463843307236323    -2.919920330000062    0.4
-3.551399999999952    -2.757699900000062    0.4
-3.547099999999952    -2.750799900000062    0.4
-3.543599999999952    -2.7454999000000617    0.4
-3.383599999999956    -2.512699900000059    0.4
-3.379499999999956    -2.506999900000059    0.4
-3.3756999999999566    -2.501999900000059    0.4
-3.3741191876353342    -2.500000425000058    0.4
-24.199599999999958    -2.500000425000421    0.4
-24.199599999999965    -2.080080520000421    0.4
-3.017799952153809    -2.0800805200000516    0.4
-3.000699999999964    -2.0613999000000525    0.4
-2.995399999999964    -2.055799900000052    0.4
-2.990899999999964    -2.0512999000000525    0.4
-2.7860999999999674    -1.8568999000000486    0.4
-2.7800999999999676    -1.8514999000000487    0.4
-2.7752999999999677    -1.8473999000000485    0.4
-2.556899999999971    -1.6681999000000447    0.4
-2.551099999999971    -1.6635999000000445    0.4
-2.546359363918889    -1.6601606150000436    0.4
-24.199599999999972    -1.6601606150004216    0.4
-24.19959999999998    -1.2402407100004218    0.4
-1.8674124341975085    -1.240240710000032    0.4
-1.7992999999999788    -1.2050999000000313    0.4
-1.7921999999999791    -1.2015999000000313    0.4
-1.786499999999979    -1.198999900000031    0.4
-1.527299999999981    -1.0877999000000267    0.4
-1.520599999999981    -1.0850999000000265    0.4
-1.514699999999981    -1.0828999000000263    0.4
-1.2482999999999826    -0.9892999000000218    0.4
-1.2401999999999826    -0.9865999000000216    0.4
-1.2340999999999829    -0.9848999000000216    0.4
-0.9612999999999842    -0.9112999000000168    0.4
-0.9539999999999841    -0.9094999000000167    0.4
-0.9477999999999841    -0.9081999000000165    0.4
-0.6709999999999852    -0.8537999000000116    0.4
-0.6635999999999851    -0.8523999000000115    0.4
-0.6572999999999851    -0.8515999000000114    0.4
-0.4084890170454382    -0.8203208050000068    0.4
-24.199599999999986    -0.820320805000422    0.4
1111    1111    1111
4.0228825017699785    -3.79959899999993    0.4
24.20039990000007    -3.799598999999578    0.4
24.20039990000006    -3.374699237499578    0.4
3.8724107367624816    -3.3746992374999327    0.4
3.769199900000055    -3.1454999999999345    0.4
3.7664999000000545    -3.1397999999999344    0.4
3.7625999000000547    -3.132299999999934    0.4
3.663696389677471    -2.9497994749999363    0.4
24.20039990000005    -2.949799474999578    0.4
24.200399900000043    -2.524899712499578    0.4
3.3909158856074386    -2.5248997124999413    0.4
3.2950999000000416    -2.394699999999942    0.4
3.2912999000000416    -2.389599999999943    0.4
3.2860999000000417    -2.383299999999943    0.4
3.102899900000038    -2.1688999999999456    0.4
3.098699900000038    -2.1640999999999457    0.4
3.093599900000038    -2.1587999999999457    0.4
3.035966517658767    -2.099999949999947    0.4
24.200399900000036    -2.0999999499995776    0.4
24.20039990000003    -1.675100187499578    0.4
2.5631608929906835    -1.6751001874999556    0.4
2.4385999000000274    -1.5798999999999574    0.4
2.4335999000000275    -1.5760999999999576    0.4
2.4270999000000275    -1.5716999999999577    0.4
2.191099900000025    -1.416499999999962    0.4
2.185799900000025    -1.4130999999999618    0.4
2.1793999000000244    -1.409399999999962    0.4
1.933799900000022    -1.2709999999999662    0.4
1.9281999000000223    -1.2678999999999663    0.4
1.920899900000022    -1.2642999999999665    0.4
1.8910200059602869    -1.250200424999967    0.4
24.200399900000022    -1.2502004249995777    0.4
24.200399900000015    -0.8253006624995778    0.4
0.448533207661306    -0.8253006624999922    0.4
1111    1111    1111
1.785484800662408    -8.798798999999967    0.4
6.158207170491957    -8.79879899999989    0.4
6.162199900000154    -8.793199999999892    0.4
6.163599900000154    -8.791199999999892    0.4
6.421199900000148    -8.439199999999888    0.4
6.422599900000147    -8.437299999999889    0.4
6.429199900000148    -8.428499999999888    0.4
6.431099900000148    -8.426099999999888    0.4
6.440699900000147    -8.413699999999888    0.4
6.442799900000146    -8.410899999999888    0.4
6.4658280980393625    -8.382199166666553    0.4
2.4871430464175917    -8.382199166666624    0.4
2.662599900000144    -8.248099999999955    0.4
2.667599900000144    -8.244199999999953    0.4
2.673599900000144    -8.239099999999954    0.4
2.88559990000014    -8.05189999999995    0.4
2.8902999000001404    -8.047699999999951    0.4
2.8959999000001404    -8.04199999999995    0.4
2.9708846804234197    -7.965599333333281    0.4
6.806976095122091    -7.965599333333214    0.4
7.026399900000135    -7.715699999999877    0.4
7.028099900000135    -7.713799999999877    0.4
7.035399900000134    -7.705699999999878    0.4
7.037899900000134    -7.702999999999878    0.4
7.047999900000134    -7.692199999999877    0.4
7.049599900000134    -7.690499999999877    0.4
7.18499504847729    -7.548999499999874    0.4
3.3359435778170337    -7.54899949999994    0.4
3.462299900000129    -7.37729999999994    0.4
3.465899900000129    -7.37219999999994    0.4
3.4702999000001284    -7.36569999999994    0.4
3.617770679264339    -7.132399666666603    0.4
7.603930487091194    -7.132399666666534    0.4
7.691299900000123    -7.048799999999866    0.4
7.692799900000122    -7.0473999999998655    0.4
7.700799900000122    -7.039899999999866    0.4
7.703099900000122    -7.037799999999866    0.4
7.713999900000123    -7.027899999999865    0.4
7.716499900000122    -7.025599999999865    0.4
8.044499900000117    -6.737599999999859    0.4
8.046499900000118    -6.73589999999986    0.4
8.054799900000118    -6.728799999999859    0.4
8.057399900000117    -6.72659999999986    0.4
8.069499900000118    -6.7165999999998585    0.4
8.0704778814816    -6.715799833333191    0.4
3.8312978011388337    -6.715799833333266    0.4
3.885199900000115    -6.596099999999932    0.4
3.887699900000115    -6.5902999999999325    0.4
3.890499900000115    -6.583199999999932    0.4
3.98809990000011    -6.31839999999993    0.4
3.99019990000011    -6.312399999999931    0.4
3.99249990000011    -6.304699999999931    0.4
3.9940898705015853    -6.29919999999993    0.4
8.60561480683241    -6.299199999999849    0.4
8.791999900000109    -6.162799999999846    0.4
8.793299900000108    -6.161799999999847    0.4
8.802199900000106    -6.1553999999998465    0.4
8.805299900000106    -6.153299999999846    0.4
8.817599900000106    -6.144799999999846    0.4
8.820299900000107    -6.142899999999846    0.4
9.183499900000102    -5.90049999999984    0.4
9.185199900000104    -5.89939999999984    0.4
9.194399900000104    -5.893399999999839    0.4
9.198799900000102    -5.890599999999839    0.4
9.211299900000103    -5.8828999999998395    0.4
9.211849594444546    -5.8826001666665055    0.4
4.103849719323774    -5.882600166666594    0.4
4.1335999000001005    -5.743899999999928    0.4
4.1347999000001    -5.737699999999928    0.4
4.1359999000001    -5.730299999999928    0.4
4.1737569952381905    -5.46600033333326    0.4
9.92867990253495    -5.4660003333331595    0.4
9.997199900000094    -5.428299999999826    0.4
9.998299900000093    -5.427599999999826    0.4
10.007899900000094    -5.422399999999825    0.4
10.012799900000093    -5.419899999999825    0.4
10.027199900000094    -5.412599999999825    0.4
10.029199900000094    -5.411599999999825    0.4
10.42039990000009    -5.218799999999818    0.4
10.422299900000091    -5.217899999999818    0.4
10.432099900000091    -5.2131999999998175    0.4
10.43579990000009    -5.211399999999818    0.4
10.45009990000009    -5.204899999999818    0.4
10.45249990000009    -5.203899999999818    0.4
10.804533007306025    -5.049400499999812    0.4
4.199608982386451    -5.049400499999926    0.4
4.200399900000087    -5.002999999999926    0.4
4.200399900000087    -4.996199999999926    0.4
4.1979999000000845    -4.8553999999999276    0.4
4.197799900000084    -4.849099999999927    0.4
4.197499900000085    -4.844599999999927    0.4
4.182457333712201    -4.6328006666665935    0.4
11.981237486056727    -4.632800666666458    0.4
12.18809990000008    -4.572399999999787    0.4
12.19139990000008    -4.571499999999787    0.4
12.20199990000008    -4.568599999999787    0.4
12.20469990000008    -4.567899999999787    0.4
12.21939990000008    -4.564099999999787    0.4
12.22189990000008    -4.563499999999787    0.4
12.645899900000078    -4.459499999999779    0.4
12.647599900000078    -4.4589999999997785    0.4
12.658199900000078    -4.456499999999779    0.4
12.662499900000078    -4.455599999999778    0.4
12.677999900000078    -4.452299999999779    0.4
12.680699900000079    -4.451699999999779    0.4
13.107899900000076    -4.366899999999771    0.4
13.108299900000077    -4.36679999999977    0.4
13.118999900000077    -4.364699999999771    0.4
13.125499900000076    -4.363599999999771    0.4
13.140299900000077    -4.361199999999771    0.4
13.141899900000077    -4.360899999999771    0.4
13.573099900000075    -4.294499999999763    0.4
13.574199900000075    -4.294399999999763    0.4
13.584999900000074    -4.292799999999763    0.4
13.590299900000074    -4.291999999999763    0.4
13.605999900000075    -4.290099999999763    0.4
13.608399900000075    -4.289899999999763    0.4
14.042799900000075    -4.242699999999755    0.4
14.044299900000075    -4.242499999999755    0.4
14.055199900000074    -4.2413999999997545    0.4
14.059999900000074    -4.2409999999997545    0.4
14.074299900000074    -4.2398999999997535    0.4
14.076399900000075    -4.239699999999754    0.4
14.431498418518583    -4.216200833333081    0.4
4.125213434459101    -4.216200833333262    0.4
1111    1111    1111
-4.231500654677172    -14.199590000000075    0.4
4.23230056129057    -14.199589999999926    0.4
4.240499900000246    -14.075599999999925    0.4
4.240599900000246    -14.074199999999925    0.4
4.241399900000245    -14.063299999999925    0.4
4.241899900000245    -14.058399999999926    0.4
4.243299900000245    -14.044099999999926    0.4
4.243499900000245    -14.041999999999925    0.4
4.271516325400439    -13.784153915384541    0.4
-4.270716414534395    -13.78415391538469    0.4
-4.289899999999763    -13.607599900000075    0.4
-4.290099999999763    -13.605199900000075    0.4
-4.291999999999763    -13.589499900000074    0.4
-4.292799999999763    -13.584199900000074    0.4
-4.294399999999763    -13.573399900000075    0.4
-4.294499999999763    -13.572299900000075    0.4
-4.325850912330293    -13.368707830769308    0.4
4.326650827729647    -13.368707830769155    0.4
4.361699900000229    -13.141099999999923    0.4
4.362099900000229    -13.138599999999924    0.4
4.363899900000229    -13.127799999999924    0.4
4.364499900000229    -13.124599999999923    0.4
4.367199900000229    -13.109899999999923    0.4
4.367699900000229    -13.107099999999924    0.4
4.3982370814753065    -12.95326174615377    0.4
-4.397437161624666    -12.953261746153922    0.4
-4.451699999999779    -12.679899900000079    0.4
-4.452299999999779    -12.677199900000078    0.4
-4.455599999999778    -12.661699900000079    0.4
-4.456499999999779    -12.657399900000078    0.4
-4.4589999999997785    -12.646799900000078    0.4
-4.45949999999978    -12.645099900000078    0.4
-4.485815001886574    -12.53781566153854    0.4
4.486614926415312    -12.537815661538383    0.4
4.564299900000213    -12.22109999999992    0.4
4.564699900000213    -12.21929999999992    0.4
4.567399900000213    -12.20869999999992    0.4
4.568199900000213    -12.20559999999992    0.4
4.572199900000213    -12.19089999999992    0.4
4.573199900000212    -12.18729999999992    0.4
4.592158592234504    -12.122369576922997    0.4
-4.591358663035607    -12.122369576923157    0.4
-4.694799999999795    -11.768099900000081    0.4
-4.695899999999795    -11.764599900000082    0.4
-4.700299999999795    -11.750499900000081    0.4
-4.701099999999795    -11.747999900000082    0.4
-4.704499999999795    -11.737599900000081    0.4
-4.705199999999794    -11.735499900000082    0.4
-4.714891611135752    -11.706923492307775    0.4
4.71569154505089    -11.706923492307611    0.4
4.845999900000197    -11.322699999999914    0.4
4.846599900000197    -11.320899999999915    0.4
4.850199900000197    -11.310599999999916    0.4
4.851599900000197    -11.306799999999916    0.4
4.856999900000197    -11.292299999999914    0.4
4.857304563817861    -11.291477407692222    0.4
-4.856502717646862    -11.291477407692392    0.4
-4.856799999999803    -11.290699900000085    0.4
-4.857199999999803    -11.289599900000086    0.4
-5.01559999999981    -10.882399900000086    0.4
-5.01659999999981    -10.879899900000087    0.4
-5.018164498020172    -10.87603132307701    0.4
5.0189157407241725    -10.876031323076836    0.4
5.02129990000019    -10.870099999999914    0.4
5.02289990000019    -10.866399999999913    0.4
5.028599900000189    -10.852999999999913    0.4
5.029499900000189    -10.850899999999912    0.4
5.200800366487003    -10.460585238461448    0.4
-5.200000422598862    -10.46058523846163    0.4
-5.203899999999818    -10.45169990000009    0.4
-5.204899999999818    -10.44929990000009    0.4
-5.211399999999818    -10.43499990000009    0.4
-5.2131999999998175    -10.431299900000091    0.4
-5.217899999999818    -10.421499900000091    0.4
-5.218799999999818    -10.41959990000009    0.4
-5.403350183687098    -10.045139153846248    0.4
5.404150132971702    -10.04513915384606    0.4
5.412399900000175    -10.028399999999905    0.4
5.417799900000175    -10.017599999999906    0.4
5.420399900000175    -10.012599999999907    0.4
5.427999900000174    -9.998399999999906    0.4
5.429099900000174    -9.996399999999905    0.4
5.630865428854369    -9.62969306923067    0.4
-5.6300654738331115    -9.629693069230866    0.4
-5.638699999999832    -9.613999900000097    0.4
-5.640199999999832    -9.611299900000098    0.4
-5.647499999999832    -9.598499900000098    0.4
-5.649399999999832    -9.5951999000001    0.4
-5.654999999999833    -9.585799900000099    0.4
-5.655899999999833    -9.584399900000099    0.4
-5.880692435737707    -9.214246984615487    0.4
5.881453394450224    -9.214246984615281    0.4
1111    1111    1111
11    1111    0.6