20.6391 0.5000 0.2000
21.0391 0.5000 0.2000
21.4391 0.5000 0.2000
21.8391 0.5000 0.2000
22.2391 0.5000 0.2000
22.6391 0.5000 0.2000
23.0391 0.5000 0.2000
23.4391 0.5000 0.2000
23.8391 0.5000 0.2000
24.2391 0.5000 0.2000
24.6391 0.5000 0.2000
25.0391 0.5000 0.2000
25.4391 0.5000 0.2000
25.8391 0.5000 0.2000
26.2391 0.5000 0.2000
26.6391 0.5000 0.2000
27.0391 0.5000 0.2000
27.4391 0.5000 0.2000
27.8391 0.5000 0.2000
28.2391 0.5000 0.2000
28.6391 0.5000 0.2000
29.0391 0.5000 0.2000
29.4391 0.5011 0.2000
29.7927 0.5507 0.2000
30.0255 0.7319 0.2000
30.1458 1.0425 0.2000
30.1861 1.4375 0.2000
30.2314 1.8330 0.2000
30.2828 2.2284 0.2000
30.3630 2.6193 0.2000
30.4620 3.0063 0.2000
30.5810 3.3876 0.2000
30.7151 3.7638 0.2000
30.8558 4.1378 0.2000
31.0088 4.5066 0.2000
31.1858 4.8624 0.2000
31.3949 5.2024 0.2000
31.6178 5.5344 0.2000
31.8370 5.8690 0.2000
32.0525 6.2060 0.2000
32.2716 6.5401 0.2000
32.5093 6.8599 0.2000
32.7765 7.1535 0.2000
33.0698 7.4224 0.2000
33.3751 7.6782 0.2000
33.6817 7.9323 0.2000
33.9878 8.1870 0.2000
34.2963 8.4393 0.2000
34.6140 8.6778 0.2000
34.9513 8.8853 0.2000
35.3007 9.0749 0.2000
35.6581 9.2527 0.2000
36.0160 9.4292 0.2000
36.3861 9.5773 0.2000
36.7638 9.7069 0.2000
37.1434 9.8308 0.2000
37.5257 9.9436 0.2000
37.9119 10.0418 0.2000
38.3053 10.1124 0.2000
38.6991 10.1788 0.2000
39.0927 10.2390 0.2000
39.4878 10.2801 0.2000
39.8850 10.3000 0.2000
40.2850 10.3000 0.2000
40.6850 10.3000 0.2000
41.0850 10.3000 0.2000
41.4850 10.3000 0.2000
41.8850 10.3000 0.2000
42.2850 10.3000 0.2000
42.6850 10.3000 0.2000
43.0850 10.3000 0.2000
43.4850 10.3000 0.2000
43.8850 10.3000 0.2000
44.2850 10.3000 0.2000
44.6850 10.3000 0.2000
45.0850 10.3000 0.2000
45.4850 10.3000 0.2000
45.8850 10.3000 0.2000
46.2850 10.3000 0.2000
46.6850 10.3000 0.2000
47.0850 10.3000 0.2000
47.4850 10.3000 0.2000
47.8850 10.3000 0.2000
48.2850 10.3000 0.2000
48.6850 10.3000 0.2000
49.0850 10.3000 0.2000
49.4661 10.3434 0.2000
49.7378 10.5107 0.2000
49.8761 10.8114 0.2000
49.9000 11.2020 0.2000
49.9000 11.6020 0.2000
49.9000 12.0020 0.2000
49.9000 12.4020 0.2000
49.9000 12.8020 0.2000
49.9000 13.2020 0.2000
49.9000 13.6020 0.2000
49.9000 14.0020 0.2000
49.9000 14.4020 0.2000
49.9000 14.8020 0.2000
49.9000 15.2020 0.2000
49.9000 15.6020 0.2000
49.9000 16.0020 0.2000
49.9000 16.4020 0.2000
49.9000 16.8020 0.2000
49.9000 17.2020 0.2000
49.9000 17.6020 0.2000
49.9000 18.0020 0.2000
49.9000 18.4020 0.2000
49.9000 18.8020 0.2000
49.9000 19.2020 0.2000
49.8662 19.5960 0.2000
49.7028 19.8620 0.2000
49.4060 19.9947 0.2000
49.0097 20.0000 0.2000
48.6097 20.0000 0.2000
48.2097 20.0000 0.2000
47.8097 20.0000 0.2000
47.4097 20.0000 0.2000
47.0097 20.0000 0.2000
46.6097 20.0000 0.2000
46.2097 20.0000 0.2000
45.8097 20.0000 0.2000
45.4097 20.0000 0.2000
45.0097 20.0000 0.2000
44.6097 20.0000 0.2000
44.2097 20.0000 0.2000
43.8097 20.0000 0.2000
43.4097 20.0000 0.2000
43.0097 20.0000 0.2000
42.6097 20.0000 0.2000
42.2097 20.0000 0.2000
41.8097 20.0000 0.2000
41.4097 20.0000 0.2000
41.0097 20.0000 0.2000
40.6097 20.0000 0.2000
40.2097 20.0000 0.2000
39.8097 20.0000 0.2000
39.4123 20.0257 0.2000
39.0172 20.0759 0.2000
38.6239 20.1469 0.2000
38.2328 20.2279 0.2000
37.8443 20.3202 0.2000
37.4582 20.4242 0.2000
37.0696 20.5173 0.2000
36.6818 20.6110 0.2000
36.3001 20.7235 0.2000
35.9338 20.8762 0.2000
35.5848 21.0674 0.2000
35.2407 21.2681 0.2000
34.8978 21.4717 0.2000
34.5545 21.6748 0.2000
34.2193 21.8922 0.2000
33.9034 22.1350 0.2000
33.6039 22.3977 0.2000
33.3052 22.6614 0.2000
33.0075 22.9262 0.2000
32.7292 23.2070 0.2000
32.4828 23.5201 0.2000
32.2386 23.8349 0.2000
31.9945 24.1497 0.2000
31.7527 24.4666 0.2000
31.5320 24.7999 0.2000
31.3328 25.1445 0.2000
31.1631 25.5042 0.2000
31.0126 25.8741 0.2000
30.8648 26.2455 0.2000
30.7117 26.6151 0.2000
30.5650 26.9870 0.2000
30.4317 27.3637 0.2000
30.3258 27.7482 0.2000
30.2516 28.1400 0.2000
30.2032 28.5367 0.2000
30.1559 28.9335 0.2000
30.1146 29.3253 0.2000
29.9558 29.6137 0.2000
29.6859 29.7707 0.2000
29.2904 29.8000 0.2000
28.8904 29.8000 0.2000
28.4904 29.8000 0.2000
28.0904 29.8000 0.2000
27.6904 29.8000 0.2000
27.2904 29.8000 0.2000
26.8904 29.8000 0.2000
26.4904 29.8000 0.2000
26.0904 29.8000 0.2000
25.6904 29.8000 0.2000
25.2904 29.8000 0.2000
24.8904 29.8000 0.2000
24.4904 29.8000 0.2000
24.0904 29.8000 0.2000
23.6904 29.8000 0.2000
23.2904 29.8000 0.2000
22.8904 29.8000 0.2000
22.4904 29.8000 0.2000
22.0904 29.8000 0.2000
21.6904 29.8000 0.2000
21.2904 29.8000 0.2000
20.8924 29.7883 0.2000
20.5623 29.6895 0.2000
20.3483 29.4597 0.2000
20.2495 29.1105 0.2000
20.1965 28.7177 0.2000
20.1470 28.3245 0.2000
20.0916 27.9321 0.2000
20.0129 27.5442 0.2000
19.8981 27.1640 0.2000
19.7576 26.7898 0.2000
19.6232 26.4136 0.2000
19.5009 26.0334 0.2000
19.3553 25.6649 0.2000
19.1754 25.3117 0.2000
18.9620 24.9734 0.2000
18.7473 24.6359 0.2000
18.5288 24.3009 0.2000
18.3065 23.9684 0.2000
18.0726 23.6451 0.2000
17.8192 23.3379 0.2000
17.5390 23.0557 0.2000
17.2411 22.7911 0.2000
16.9347 22.5368 0.2000
16.6292 22.2813 0.2000
16.3219 22.0280 0.2000
16.0071 21.7838 0.2000
15.6789 21.5575 0.2000
15.3364 21.3519 0.2000
14.9817 21.1685 0.2000
14.6256 20.9877 0.2000
14.2594 20.8321 0.2000
13.8918 20.6798 0.2000
13.5162 20.5438 0.2000
13.1418 20.4042 0.2000
12.7604 20.2917 0.2000
12.3713 20.2139 0.2000
11.9784 20.1562 0.2000
11.5851 20.1053 0.2000
11.1925 20.0514 0.2000
10.7970 20.0181 0.2000
10.3995 20.0000 0.2000
9.9995 20.0000 0.2000
9.5995 20.0000 0.2000
9.1995 20.0000 0.2000
8.7995 20.0000 0.2000
8.3995 20.0000 0.2000
7.9995 20.0000 0.2000
7.5995 20.0000 0.2000
7.1995 20.0000 0.2000
6.7995 20.0000 0.2000
6.3995 20.0000 0.2000
5.9995 20.0000 0.2000
5.5995 20.0000 0.2000
5.1995 20.0000 0.2000
4.7995 20.0000 0.2000
4.3995 20.0000 0.2000
3.9995 20.0000 0.2000
3.5995 20.0000 0.2000
3.1995 20.0000 0.2000
2.7995 20.0000 0.2000
2.3995 20.0000 0.2000
1.9995 20.0000 0.2000
1.5995 20.0000 0.2000
1.1995 20.0000 0.2000
0.8453 19.9372 0.2000
0.6121 19.7429 0.2000
0.5123 19.4154 0.2000
0.5000 19.0173 0.2000
0.5000 18.6173 0.2000
0.5000 18.2173 0.2000
0.5000 17.8173 0.2000
0.5000 17.4173 0.2000
0.5000 17.0173 0.2000
0.5000 16.6173 0.2000
0.5000 16.2173 0.2000
0.5000 15.8173 0.2000
0.5000 15.4173 0.2000
0.5000 15.0173 0.2000
0.5000 14.6173 0.2000
0.5000 14.2173 0.2000
0.5000 13.8173 0.2000
0.5000 13.4173 0.2000
0.5000 13.0173 0.2000
0.5000 12.6173 0.2000
0.5000 12.2173 0.2000
0.5000 11.8173 0.2000
0.5000 11.4173 0.2000
0.5000 11.0173 0.2000
0.5669 10.6455 0.2000
0.7668 10.4064 0.2000
1.1001 10.3006 0.2000
1.4998 10.3000 0.2000
1.8998 10.3000 0.2000
2.2998 10.3000 0.2000
2.6998 10.3000 0.2000
3.0998 10.3000 0.2000
3.4998 10.3000 0.2000
3.8998 10.3000 0.2000
4.2998 10.3000 0.2000
4.6998 10.3000 0.2000
5.0998 10.3000 0.2000
5.4998 10.3000 0.2000
5.8998 10.3000 0.2000
6.2998 10.3000 0.2000
6.6998 10.3000 0.2000
7.0998 10.3000 0.2000
7.4998 10.3000 0.2000
7.8998 10.3000 0.2000
8.2998 10.3000 0.2000
8.6998 10.3000 0.2000
9.0998 10.3000 0.2000
9.4998 10.3000 0.2000
9.8998 10.3000 0.2000
10.2998 10.3000 0.2000
10.6998 10.2994 0.2000
11.0954 10.2661 0.2000
11.4907 10.2305 0.2000
11.8811 10.1596 0.2000
12.2717 10.0890 0.2000
12.6610 10.0000 0.2000
13.0487 9.9103 0.2000
13.4288 9.7994 0.2000
13.7988 9.6571 0.2000
14.1592 9.4880 0.2000
14.5202 9.3193 0.2000
14.8826 9.1514 0.2000
15.2492 8.9917 0.2000
15.5954 8.8007 0.2000
15.9267 8.5834 0.2000
16.2326 8.3290 0.2000
16.5453 8.0821 0.2000
16.8450 7.8197 0.2000
17.1580 7.5733 0.2000
17.4568 7.3098 0.2000
17.7354 7.0292 0.2000
17.9796 6.7143 0.2000
18.2044 6.3835 0.2000
18.4292 6.0527 0.2000
18.6596 5.7264 0.2000
18.8969 5.4079 0.2000
19.1129 5.0776 0.2000
19.2966 4.7293 0.2000
19.4342 4.3550 0.2000
19.5744 3.9834 0.2000
19.7149 3.6128 0.2000
19.8555 3.2421 0.2000
19.9758 2.8625 0.2000
20.0703 2.4745 0.2000
20.1441 2.0823 0.2000
20.1830 1.6853 0.2000
20.5333 1.4242 0.2000
21.0019 1.2954 0.2000
21.6029 1.3000 0.2000
22.0029 1.3000 0.2000
22.4029 1.3000 0.2000
22.8029 1.3000 0.2000
23.2029 1.3000 0.2000
23.6029 1.3000 0.2000
24.0029 1.3000 0.2000
24.4029 1.3000 0.2000
24.8029 1.3000 0.2000
25.2029 1.3000 0.2000
25.6029 1.3000 0.2000
26.0029 1.3000 0.2000
26.4029 1.3000 0.2000
26.8029 1.3000 0.2000
27.2029 1.3000 0.2000
27.6029 1.3000 0.2000
28.0029 1.3000 0.2000
28.4029 1.3000 0.2000
28.8029 1.3000 0.2000
29.1353 1.3872 0.2000
29.3343 1.6077 0.2000
29.4292 1.9579 0.2000
29.4783 2.3512 0.2000
29.5638 2.7394 0.2000
29.6524 3.1272 0.2000
29.7586 3.5126 0.2000
29.8706 3.8963 0.2000
30.0088 4.2703 0.2000
30.1553 4.6415 0.2000
30.3333 4.9956 0.2000
30.5267 5.3409 0.2000
30.7501 5.6709 0.2000
30.9795 5.9984 0.2000
31.2089 6.3259 0.2000
31.4365 6.6547 0.2000
31.6583 6.9875 0.2000
31.8896 7.3127 0.2000
32.1419 7.6202 0.2000
32.4288 7.8937 0.2000
32.7280 8.1566 0.2000
33.0401 8.4037 0.2000
33.3400 8.6658 0.2000
33.6515 8.9137 0.2000
33.9494 9.1782 0.2000
34.2671 9.4129 0.2000
34.6008 9.6194 0.2000
34.9510 9.8029 0.2000
35.3070 9.9771 0.2000
35.6528 10.1667 0.2000
36.0144 10.3248 0.2000
36.3833 10.4626 0.2000
36.7667 10.5736 0.2000
37.1525 10.6784 0.2000
37.5362 10.7894 0.2000
37.9256 10.8631 0.2000
38.3154 10.9355 0.2000
38.7073 11.0018 0.2000
39.0992 11.0669 0.2000
39.4952 11.0996 0.2000
39.8952 11.1000 0.2000
40.2952 11.1000 0.2000
40.6952 11.1000 0.2000
41.0952 11.1000 0.2000
41.4952 11.1000 0.2000
41.8952 11.1000 0.2000
42.2952 11.1000 0.2000
42.6952 11.1000 0.2000
43.0952 11.1000 0.2000
43.4952 11.1000 0.2000
43.8952 11.1000 0.2000
44.2952 11.1000 0.2000
44.6952 11.1000 0.2000
45.0952 11.1000 0.2000
45.4952 11.1000 0.2000
45.8952 11.1000 0.2000
46.2952 11.1000 0.2000
46.6952 11.1000 0.2000
47.0952 11.1000 0.2000
47.4952 11.1000 0.2000
47.8952 11.1000 0.2000
48.2952 11.1000 0.2000
48.6952 11.1000 0.2000
48.9634 11.2317 0.2000
49.0984 11.4968 0.2000
49.1000 11.8952 0.2000
49.1000 12.2952 0.2000
49.1000 12.6952 0.2000
49.1000 13.0952 0.2000
49.1000 13.4952 0.2000
49.1000 13.8952 0.2000
49.1000 14.2952 0.2000
49.1000 14.6952 0.2000
49.1000 15.0952 0.2000
49.1000 15.4952 0.2000
49.1000 15.8952 0.2000
49.1000 16.2952 0.2000
49.1000 16.6952 0.2000
49.1000 17.0952 0.2000
49.1000 17.4952 0.2000
49.1000 17.8952 0.2000
49.1000 18.2952 0.2000
49.1000 18.6952 0.2000
49.0016 18.9968 0.2000
48.7699 19.1651 0.2000
48.4048 19.2000 0.2000
48.0048 19.2000 0.2000
47.6048 19.2000 0.2000
47.2048 19.2000 0.2000
46.8048 19.2000 0.2000
46.4048 19.2000 0.2000
46.0048 19.2000 0.2000
45.6048 19.2000 0.2000
45.2048 19.2000 0.2000
44.8048 19.2000 0.2000
44.4048 19.2000 0.2000
44.0048 19.2000 0.2000
43.6048 19.2000 0.2000
43.2048 19.2000 0.2000
42.8048 19.2000 0.2000
42.4048 19.2000 0.2000
42.0048 19.2000 0.2000
41.6048 19.2000 0.2000
41.2048 19.2000 0.2000
40.8048 19.2000 0.2000
40.4048 19.2000 0.2000
40.0048 19.2000 0.2000
39.6048 19.2000 0.2000
39.2068 19.2158 0.2000
38.8127 19.2639 0.2000
38.4209 19.3306 0.2000
38.0331 19.4192 0.2000
37.6453 19.5078 0.2000
37.2590 19.6078 0.2000
36.8699 19.6967 0.2000
36.4797 19.7724 0.2000
36.0963 19.8690 0.2000
35.7237 19.9986 0.2000
35.3741 20.1863 0.2000
35.0342 20.3937 0.2000
34.6999 20.6109 0.2000
34.3538 20.8106 0.2000
34.0098 21.0135 0.2000
33.6900 21.2067 0.2000
33.3952 21.4346 0.2000
33.1172 21.6828 0.2000
32.8234 21.9531 0.2000
32.5251 22.2181 0.2000
32.2383 22.4926 0.2000
31.9787 22.7934 0.2000
31.7320 23.1067 0.2000
31.4840 23.4194 0.2000
31.2366 23.7326 0.2000
31.0013 24.0552 0.2000
30.7733 24.3824 0.2000
30.5759 24.7255 0.2000
30.3937 25.0773 0.2000
30.2432 25.4469 0.2000
30.0927 25.8164 0.2000
29.9438 26.1866 0.2000
29.8012 26.5590 0.2000
29.6698 26.9352 0.2000
29.5586 27.3191 0.2000
29.4698 27.7069 0.2000
29.4164 28.0995 0.2000
29.3679 28.4935 0.2000
29.2395 28.7944 0.2000
28.9777 28.9619 0.2000
28.6148 29.0000 0.2000
28.2148 29.0000 0.2000
27.8148 29.0000 0.2000
27.4148 29.0000 0.2000
27.0148 29.0000 0.2000
26.6148 29.0000 0.2000
26.2148 29.0000 0.2000
25.8148 29.0000 0.2000
25.4148 29.0000 0.2000
25.0148 29.0000 0.2000
24.6148 29.0000 0.2000
24.2148 29.0000 0.2000
23.8148 29.0000 0.2000
23.4148 29.0000 0.2000
23.0148 29.0000 0.2000
22.6148 29.0000 0.2000
22.2148 29.0000 0.2000
21.8148 29.0000 0.2000
21.4432 28.9716 0.2000
21.1716 28.8178 0.2000
21.0041 28.5342 0.2000
20.9374 28.1461 0.2000
20.8884 27.7528 0.2000
20.8162 27.3669 0.2000
20.6966 26.9912 0.2000
20.5572 26.6179 0.2000
20.4315 26.2394 0.2000
20.3235 25.8545 0.2000
20.1872 25.4836 0.2000
20.0137 25.1307 0.2000
19.8001 24.7959 0.2000
19.5751 24.4654 0.2000
19.3460 24.1378 0.2000
19.1165 23.8103 0.2000
18.8884 23.4819 0.2000
18.6611 23.1535 0.2000
18.4138 22.8415 0.2000
18.1462 22.5462 0.2000
17.8504 22.2791 0.2000
17.5505 22.0170 0.2000
17.2382 21.7691 0.2000
16.9351 21.5097 0.2000
16.6239 21.2596 0.2000
16.3095 21.0141 0.2000
15.9801 20.7914 0.2000
15.6334 20.6004 0.2000
15.2833 20.4168 0.2000
14.9273 20.2426 0.2000
14.5688 20.0746 0.2000
14.2025 19.9194 0.2000
13.8311 19.7733 0.2000
13.4573 19.6355 0.2000
13.0775 19.5132 0.2000
12.6881 19.4396 0.2000
12.2963 19.3834 0.2000
11.9004 19.3500 0.2000
11.5065 19.3011 0.2000
11.1126 19.2510 0.2000
10.7167 19.2177 0.2000
10.3189 19.2000 0.2000
9.9189 19.2000 0.2000
9.5189 19.2000 0.2000
9.1189 19.2000 0.2000
8.7189 19.2000 0.2000
8.3189 19.2000 0.2000
7.9189 19.2000 0.2000
7.5189 19.2000 0.2000
7.1189 19.2000 0.2000
6.7189 19.2000 0.2000
6.3189 19.2000 0.2000
5.9189 19.2000 0.2000
5.5189 19.2000 0.2000
5.1189 19.2000 0.2000
4.7189 19.2000 0.2000
4.3189 19.2000 0.2000
3.9189 19.2000 0.2000
3.5189 19.2000 0.2000
3.1189 19.2000 0.2000
2.7189 19.2000 0.2000
2.3189 19.2000 0.2000
1.9189 19.2000 0.2000
1.5793 19.1396 0.2000
1.3730 18.9459 0.2000
1.3000 18.6189 0.2000
1.3000 18.2189 0.2000
1.3000 17.8189 0.2000
1.3000 17.4189 0.2000
1.3000 17.0189 0.2000
1.3000 16.6189 0.2000
1.3000 16.2189 0.2000
1.3000 15.8189 0.2000
1.3000 15.4189 0.2000
1.3000 15.0189 0.2000
1.3000 14.6189 0.2000
1.3000 14.2189 0.2000
1.3000 13.8189 0.2000
1.3000 13.4189 0.2000
1.3000 13.0189 0.2000
1.3000 12.6189 0.2000
1.3000 12.2189 0.2000
1.3000 11.8189 0.2000
1.3270 11.4459 0.2000
1.4874 11.2063 0.2000
1.7811 11.1000 0.2000
2.1811 11.1000 0.2000
2.5811 11.1000 0.2000
2.9811 11.1000 0.2000
3.3811 11.1000 0.2000
3.7811 11.1000 0.2000
4.1811 11.1000 0.2000
4.5811 11.1000 0.2000
4.9811 11.1000 0.2000
5.3811 11.1000 0.2000
5.7811 11.1000 0.2000
6.1811 11.1000 0.2000
6.5811 11.1000 0.2000
6.9811 11.1000 0.2000
7.3811 11.1000 0.2000
7.7811 11.1000 0.2000
8.1811 11.1000 0.2000
8.5811 11.1000 0.2000
8.9811 11.1000 0.2000
9.3811 11.1000 0.2000
9.7811 11.1000 0.2000
10.1811 11.1000 0.2000
10.5783 11.0773 0.2000
10.9742 11.0439 0.2000
11.3701 11.0106 0.2000
11.7651 10.9702 0.2000
12.1583 10.9204 0.2000
12.5464 10.8343 0.2000
12.9342 10.7457 0.2000
13.3196 10.6394 0.2000
13.6978 10.5142 0.2000
14.0705 10.3727 0.2000
14.4358 10.2120 0.2000
14.8066 10.0667 0.2000
15.1671 9.9065 0.2000
15.5321 9.7570 0.2000
15.8792 9.5733 0.2000
16.2072 9.3590 0.2000
16.5194 9.1145 0.2000
16.8181 8.8510 0.2000
17.1308 8.6045 0.2000
17.4301 8.3418 0.2000
17.7421 8.0945 0.2000
18.0374 7.8279 0.2000
18.3108 7.5427 0.2000
18.5504 7.2244 0.2000
18.7748 6.8934 0.2000
19.0043 6.5659 0.2000
19.2392 6.2430 0.2000
19.4920 5.9349 0.2000
19.7303 5.6185 0.2000
19.9593 5.2954 0.2000
20.1331 4.9402 0.2000
20.2830 4.5738 0.2000
20.4223 4.2012 0.2000
20.5653 3.8290 0.2000
20.7009 3.4545 0.2000
20.8069 3.0708 0.2000
20.8700 2.6799 0.2000
21.0333 2.5726 0.2000
21.1510 2.7246 0.2000
21.2323 3.1380 0.2000
21.1424 3.5248 0.2000
21.0128 3.9017 0.2000
20.8712 4.2744 0.2000
20.7336 4.6482 0.2000
20.5849 5.0153 0.2000
20.4238 5.3770 0.2000
20.2092 5.7092 0.2000
19.9674 6.0218 0.2000
19.7117 6.3263 0.2000
19.4633 6.6382 0.2000
19.2339 6.9656 0.2000
19.0053 7.2937 0.2000
18.7791 7.6231 0.2000
18.5314 7.9339 0.2000
18.2502 8.2122 0.2000
17.9498 8.4735 0.2000
17.6389 8.7221 0.2000
17.3378 8.9827 0.2000
17.0275 9.2321 0.2000
16.7296 9.4966 0.2000
16.4219 9.7469 0.2000
16.0953 9.9632 0.2000
15.7432 10.1433 0.2000
15.3693 10.2802 0.2000
15.0011 10.4310 0.2000
14.6278 10.5694 0.2000
14.2643 10.7345 0.2000
13.8930 10.8801 0.2000
13.5173 11.0123 0.2000
13.1320 11.1185 0.2000
12.7447 11.2118 0.2000
12.3560 11.2924 0.2000
11.9645 11.3529 0.2000
11.5686 11.3862 0.2000
11.1736 11.4267 0.2000
10.7777 11.4600 0.2000
10.3818 11.4933 0.2000
9.9826 11.5000 0.2000
9.5826 11.5000 0.2000
9.1826 11.5000 0.2000
8.7826 11.5000 0.2000
8.3826 11.5000 0.2000
7.9826 11.5000 0.2000
7.5826 11.5000 0.2000
7.1826 11.5000 0.2000
6.9277 11.6333 0.2000
6.9395 11.7667 0.2000
7.2180 11.9000 0.2000
7.6180 11.9000 0.2000
8.0180 11.9000 0.2000
8.4180 11.9000 0.2000
8.8180 11.9000 0.2000
9.2180 11.9000 0.2000
9.6180 11.9000 0.2000
10.0180 11.9000 0.2000
10.4168 11.8905 0.2000
10.8127 11.8571 0.2000
11.2086 11.8238 0.2000
11.6036 11.7834 0.2000
11.9995 11.7500 0.2000
12.3921 11.6963 0.2000
12.7819 11.6239 0.2000
13.1698 11.5358 0.2000
13.5551 11.4296 0.2000
13.9324 11.3018 0.2000
14.3049 11.1594 0.2000
14.6695 10.9971 0.2000
15.0412 10.8543 0.2000
15.4099 10.7047 0.2000
15.7829 10.5656 0.2000
16.1486 10.4064 0.2000
16.4931 10.2151 0.2000
16.8079 9.9775 0.2000
17.1119 9.7214 0.2000
17.4102 9.4575 0.2000
17.7231 9.2113 0.2000
18.0220 8.9481 0.2000
18.3344 8.7013 0.2000
18.6302 8.4351 0.2000
18.9046 8.1508 0.2000
19.1447 7.8330 0.2000
19.3690 7.5019 0.2000
19.5984 7.1744 0.2000
19.8329 6.8510 0.2000
20.0852 6.5426 0.2000
20.3484 6.2441 0.2000
20.5923 5.9332 0.2000
20.8115 5.6037 0.2000
20.9739 5.2424 0.2000
21.1236 4.8760 0.2000
21.2606 4.5019 0.2000
21.4029 4.1295 0.2000
21.5338 3.7531 0.2000
21.6268 3.3669 0.2000
21.6812 2.9749 0.2000
21.7000 2.5779 0.2000
21.8074 2.2853 0.2000
22.0481 2.1260 0.2000
22.4221 2.1000 0.2000
22.8221 2.1000 0.2000
23.2221 2.1000 0.2000
23.6221 2.1000 0.2000
24.0221 2.1000 0.2000
24.4221 2.1000 0.2000
24.8221 2.1000 0.2000
25.2221 2.1000 0.2000
25.6221 2.1000 0.2000
26.0221 2.1000 0.2000
26.4221 2.1000 0.2000
26.8221 2.1000 0.2000
27.2221 2.1000 0.2000
27.6221 2.1000 0.2000
28.0221 2.1000 0.2000
28.3715 2.1702 0.2000
28.5974 2.3722 0.2000
28.7223 2.7022 0.2000
28.7971 3.0913 0.2000
28.8942 3.4781 0.2000
29.0005 3.8634 0.2000
29.1221 4.2436 0.2000
29.2672 4.6153 0.2000
29.4206 4.9836 0.2000
29.5857 5.3471 0.2000
29.7724 5.6969 0.2000
29.9835 6.0343 0.2000
30.2125 6.3608 0.2000
30.4419 6.6883 0.2000
30.6713 7.0158 0.2000
30.8972 7.3458 0.2000
31.1191 7.6786 0.2000
31.3559 7.9992 0.2000
31.6183 8.2966 0.2000
31.9107 8.5656 0.2000
32.2146 8.8228 0.2000
32.5221 9.0756 0.2000
32.8266 9.3320 0.2000
33.1335 9.5855 0.2000
33.4313 9.8500 0.2000
33.7319 10.1097 0.2000
34.0548 10.3311 0.2000
34.4026 10.5180 0.2000
34.7572 10.6953 0.2000
35.1069 10.8796 0.2000
35.4556 11.0613 0.2000
35.8233 11.2034 0.2000
36.1997 11.3273 0.2000
36.5855 11.4321 0.2000
36.9702 11.5409 0.2000
37.3568 11.6313 0.2000
37.7490 11.6838 0.2000
38.1440 11.7199 0.2000
38.5375 11.7722 0.2000
38.9293 11.8388 0.2000
39.3236 11.8856 0.2000
39.7218 11.9000 0.2000
40.1218 11.9000 0.2000
40.5218 11.9000 0.2000
40.9218 11.9000 0.2000
41.3218 11.9000 0.2000
41.7218 11.9000 0.2000
42.1218 11.9000 0.2000
42.5218 11.9000 0.2000
42.9218 11.9000 0.2000
43.3218 11.9000 0.2000
43.7218 11.9000 0.2000
44.1218 11.9000 0.2000
44.5218 11.9000 0.2000
44.9218 11.9000 0.2000
45.3218 11.9000 0.2000
45.7218 11.9000 0.2000
46.1218 11.9000 0.2000
46.5218 11.9000 0.2000
46.9218 11.9000 0.2000
47.3218 11.9000 0.2000
47.7218 11.9000 0.2000
48.0479 11.9739 0.2000
48.2406 12.1812 0.2000
48.3000 12.5218 0.2000
48.3000 12.9218 0.2000
48.3000 13.3218 0.2000
48.3000 13.7218 0.2000
48.3000 14.1218 0.2000
48.3000 14.5218 0.2000
48.3000 14.9218 0.2000
48.3000 15.3218 0.2000
48.3000 15.7218 0.2000
48.3000 16.1218 0.2000
48.3000 16.5218 0.2000
48.3000 16.9218 0.2000
48.3000 17.3218 0.2000
48.3000 17.7218 0.2000
48.2594 18.0812 0.2000
48.0855 18.3073 0.2000
47.7782 18.4000 0.2000
47.3782 18.4000 0.2000
46.9782 18.4000 0.2000
46.5782 18.4000 0.2000
46.1782 18.4000 0.2000
45.7782 18.4000 0.2000
45.3782 18.4000 0.2000
44.9782 18.4000 0.2000
44.5782 18.4000 0.2000
44.1782 18.4000 0.2000
43.7782 18.4000 0.2000
43.3782 18.4000 0.2000
42.9782 18.4000 0.2000
42.5782 18.4000 0.2000
42.1782 18.4000 0.2000
41.7782 18.4000 0.2000
41.3782 18.4000 0.2000
40.9782 18.4000 0.2000
40.7320 18.2667 0.2000
40.7525 18.1333 0.2000
41.0397 18.0000 0.2000
41.4397 18.0000 0.2000
41.8397 18.0000 0.2000
42.2397 18.0000 0.2000
42.6397 18.0000 0.2000
43.0397 18.0000 0.2000
43.4397 18.0000 0.2000
43.8397 18.0000 0.2000
44.2397 18.0000 0.2000
44.6397 18.0000 0.2000
45.0397 18.0000 0.2000
45.4397 18.0000 0.2000
45.8397 18.0000 0.2000
46.2397 18.0000 0.2000
46.6397 18.0000 0.2000
47.0397 18.0000 0.2000
47.4397 18.0000 0.2000
47.7265 17.8868 0.2000
47.8799 17.6402 0.2000
47.9000 17.2603 0.2000
47.9000 16.8603 0.2000
47.9000 16.4603 0.2000
47.9000 16.0603 0.2000
47.9000 15.6603 0.2000
47.9000 15.2603 0.2000
47.9000 14.8603 0.2000
47.9000 14.4603 0.2000
47.9000 14.0603 0.2000
47.9000 13.6603 0.2000
47.9000 13.2603 0.2000
47.9000 12.8603 0.2000
47.8201 12.5402 0.2000
47.6069 12.3534 0.2000
47.2603 12.3000 0.2000
46.8603 12.3000 0.2000
46.4603 12.3000 0.2000
46.0603 12.3000 0.2000
45.6603 12.3000 0.2000
45.2603 12.3000 0.2000
44.8603 12.3000 0.2000
44.4603 12.3000 0.2000
44.0603 12.3000 0.2000
43.6603 12.3000 0.2000
43.2603 12.3000 0.2000
42.8603 12.3000 0.2000
42.4603 12.3000 0.2000
42.0603 12.3000 0.2000
41.6603 12.3000 0.2000
41.2603 12.3000 0.2000
40.8603 12.3000 0.2000
40.4603 12.3000 0.2000
40.0603 12.3000 0.2000
39.6603 12.3000 0.2000
39.2627 12.2806 0.2000
38.8691 12.2289 0.2000
38.4773 12.1622 0.2000
38.0831 12.1149 0.2000
37.6852 12.0984 0.2000
37.2916 12.0571 0.2000
36.9026 11.9813 0.2000
36.5189 11.8691 0.2000
36.1331 11.7643 0.2000
35.7504 11.6517 0.2000
35.3817 11.5131 0.2000
35.0231 11.3496 0.2000
34.6773 11.1600 0.2000
34.3214 10.9858 0.2000
33.9712 10.8023 0.2000
33.6397 10.5928 0.2000
33.4240 10.4430 0.2000
33.3992 10.4670 0.2000
33.5284 10.7044 0.2000
33.7247 11.0503 0.2000
33.8898 11.4138 0.2000
34.0529 11.7781 0.2000
34.1957 12.1504 0.2000
34.3275 12.5264 0.2000
34.4228 12.9123 0.2000
34.5238 13.2935 0.2000
34.6115 13.6743 0.2000
34.6782 14.0586 0.2000
34.7000 14.4534 0.2000
34.6876 14.8519 0.2000
34.6543 15.2478 0.2000
34.4876 15.4740 0.2000
34.3631 15.4388 0.2000
34.2631 15.1399 0.2000
34.2964 14.7440 0.2000
34.1667 14.5228 0.2000
34.0333 14.5678 0.2000
33.8855 14.8777 0.2000
33.8522 15.2736 0.2000
33.8053 15.6678 0.2000
33.7406 16.0598 0.2000
33.6740 16.4516 0.2000
33.6208 16.8451 0.2000
33.5804 17.2401 0.2000
33.5228 17.6321 0.2000
33.4015 18.0059 0.2000
33.2329 18.3633 0.2000
33.0338 18.7073 0.2000
32.8512 19.0604 0.2000
32.6583 19.4056 0.2000
32.4512 19.7407 0.2000
32.2144 20.0605 0.2000
31.9678 20.3738 0.2000
31.7097 20.6773 0.2000
31.4340 20.9660 0.2000
31.1512 21.2488 0.2000
30.8683 21.5317 0.2000
30.5797 21.8075 0.2000
30.2819 22.0721 0.2000
29.9648 22.3093 0.2000
29.6240 22.5088 0.2000
29.2667 22.6832 0.2000
28.9025 22.8476 0.2000
28.5383 23.0110 0.2000
28.1730 23.1718 0.2000
27.8003 23.3133 0.2000
27.4222 23.4387 0.2000
27.0368 23.5449 0.2000
26.6486 23.6303 0.2000
26.2564 23.6832 0.2000
25.8596 23.7033 0.2000
25.4637 23.7366 0.2000
25.0683 23.7670 0.2000
24.6102 23.4792 0.2000
24.1504 23.1458 0.2000
23.6904 22.8143 0.2000
23.3066 22.7380 0.2000
22.9280 22.6473 0.2000
22.5612 22.5032 0.2000
22.2006 22.3537 0.2000
21.8554 22.1601 0.2000
21.5178 21.9519 0.2000
21.1757 21.7461 0.2000
20.8336 21.5402 0.2000
20.5012 21.3211 0.2000
20.1920 21.0704 0.2000
19.8994 20.7994 0.2000
19.6166 20.5166 0.2000
19.3373 20.2308 0.2000
19.0766 19.9296 0.2000
18.8304 19.6159 0.2000
18.6010 19.2884 0.2000
18.3687 18.9634 0.2000
18.1659 18.6236 0.2000
17.9774 18.2754 0.2000
17.8244 17.9084 0.2000
17.6914 17.5344 0.2000
17.5858 17.1503 0.2000
17.4928 16.7627 0.2000
17.4282 16.3707 0.2000
17.3646 15.9785 0.2000
17.3312 15.5826 0.2000
17.3092 15.1876 0.2000
17.3425 14.7917 0.2000
17.3758 14.3958 0.2000
17.4082 13.9998 0.2000
17.4487 13.6048 0.2000
17.5234 13.2143 0.2000
17.6392 12.8325 0.2000
17.7772 12.4589 0.2000
17.9233 12.0875 0.2000
18.0939 11.7315 0.2000
18.2892 11.3897 0.2000
18.5163 11.0635 0.2000
18.7437 10.7345 0.2000
18.9736 10.4082 0.2000
19.2238 10.0986 0.2000
19.4943 9.8057 0.2000
19.7798 9.5259 0.2000
20.0776 9.2604 0.2000
20.3802 9.0006 0.2000
20.6909 8.7508 0.2000
20.9656 8.5458 0.2000
21.2639 8.3780 0.2000
21.5757 8.2329 0.2000
21.9304 8.0556 0.2000
22.2863 7.8814 0.2000
22.6528 7.7319 0.2000
23.0330 7.6112 0.2000
23.4225 7.5388 0.2000
23.8133 7.4744 0.2000
24.2092 7.4411 0.2000
24.6051 7.4077 0.2000
24.9989 7.3679 0.2000
25.3917 7.3498 0.2000
25.7821 7.3498 0.2000
26.1748 7.4004 0.2000
26.5646 7.4728 0.2000
26.9509 7.5655 0.2000
27.3357 7.6738 0.2000
27.7215 7.7785 0.2000
28.0904 7.9141 0.2000
28.4449 8.0842 0.2000
28.7906 8.2739 0.2000
29.1401 8.4606 0.2000
29.4773 8.6623 0.2000
29.8003 8.8924 0.2000
30.1063 9.1467 0.2000
30.4046 9.4117 0.2000
30.6907 9.6907 0.2000
30.9736 9.9736 0.2000
31.2464 10.2646 0.2000
31.4989 10.5723 0.2000
31.7212 10.9024 0.2000
31.9271 11.2445 0.2000
32.1301 11.5857 0.2000
32.3203 11.9328 0.2000
32.4952 12.2877 0.2000
32.6352 12.6609 0.2000
32.7619 13.0390 0.2000
32.8624 13.4247 0.2000
32.9424 13.8135 0.2000
33.0151 14.2008 0.2000
33.0641 14.5910 0.2000
33.0746 14.9803 0.2000
33.0438 15.3756 0.2000
32.9886 15.7688 0.2000
32.9240 16.1608 0.2000
32.8573 16.5526 0.2000
32.7926 16.9447 0.2000
32.7222 17.3350 0.2000
32.5960 17.7055 0.2000
32.4272 18.0628 0.2000
32.2278 18.4068 0.2000
32.0472 18.7613 0.2000
31.8450 19.1013 0.2000
31.6342 19.4356 0.2000
31.3876 19.7490 0.2000
31.1306 20.0534 0.2000
30.8566 20.3434 0.2000
30.5737 20.6263 0.2000
30.2909 20.9091 0.2000
30.0036 21.1866 0.2000
29.7055 21.4506 0.2000
29.3751 21.6625 0.2000
29.0236 21.8413 0.2000
28.6695 22.0149 0.2000
28.3182 22.1952 0.2000
27.9656 22.3746 0.2000
27.5928 22.5160 0.2000
27.2145 22.6408 0.2000
26.8291 22.7471 0.2000
26.4408 22.8317 0.2000
26.0486 22.8841 0.2000
25.6536 22.9201 0.2000
25.4475 22.7868 0.2000
25.5081 22.6535 0.2000
25.8328 22.4996 0.2000
26.2281 22.4645 0.2000
26.6206 22.4041 0.2000
27.0048 22.2991 0.2000
27.3892 22.1962 0.2000
27.7637 22.0623 0.2000
28.1300 21.9095 0.2000
28.4885 21.7333 0.2000
28.8448 21.5530 0.2000
29.2020 21.3743 0.2000
29.5401 21.1679 0.2000
29.8541 20.9277 0.2000
30.1445 20.6555 0.2000
30.4273 20.3727 0.2000
30.7102 20.0898 0.2000
30.9795 19.7957 0.2000
31.2290 19.4854 0.2000
31.4401 19.1487 0.2000
31.6429 18.8058 0.2000
31.8250 18.4517 0.2000
32.0210 18.1047 0.2000
32.1927 17.7458 0.2000
32.3310 17.3772 0.2000
32.4243 16.9917 0.2000
32.4815 16.5978 0.2000
32.5454 16.2056 0.2000
32.6007 15.8114 0.2000
32.6573 15.4171 0.2000
32.6711 15.0215 0.2000
32.6511 14.6272 0.2000
32.5997 14.2343 0.2000
32.5309 13.8433 0.2000
32.4527 13.4528 0.2000
32.3493 13.0677 0.2000
32.2280 12.6884 0.2000
32.0828 12.3165 0.2000
31.9080 11.9587 0.2000
31.7116 11.6124 0.2000
31.5105 11.2683 0.2000
31.3042 10.9280 0.2000
31.0760 10.6052 0.2000
30.8091 10.3091 0.2000
30.5263 10.0263 0.2000
30.2407 9.7468 0.2000
29.9428 9.4822 0.2000
29.6383 9.2275 0.2000
29.3091 9.0093 0.2000
28.9706 8.8050 0.2000
28.6196 8.6150 0.2000
28.2691 8.4259 0.2000
27.9066 8.2654 0.2000
27.5291 8.1392 0.2000
27.1441 8.0306 0.2000
26.7579 7.9267 0.2000
26.3674 7.8504 0.2000
25.9762 7.7785 0.2000
25.5860 7.7697 0.2000
25.3080 7.7692 0.2000
25.0258 7.8000 0.2000
24.7387 7.8005 0.2000
24.3433 7.8341 0.2000
23.9482 7.8738 0.2000
23.5576 7.9470 0.2000
23.1706 8.0328 0.2000
22.7933 8.1634 0.2000
22.4254 8.3183 0.2000
22.0658 8.4914 0.2000
21.7076 8.6674 0.2000
21.3534 8.8507 0.2000
21.0164 9.0577 0.2000
20.6964 9.2924 0.2000
20.3930 9.5504 0.2000
20.0951 9.8150 0.2000
19.8077 10.0923 0.2000
19.5319 10.3816 0.2000
19.2760 10.6869 0.2000
19.0453 11.0121 0.2000
18.8277 11.3473 0.2000
18.6144 11.6855 0.2000
18.4336 12.0379 0.2000
18.2799 12.4043 0.2000
18.1462 12.7808 0.2000
18.0150 13.1564 0.2000
17.9183 13.5394 0.2000
17.8520 13.9298 0.2000
17.8065 14.3244 0.2000
17.7533 14.7174 0.2000
17.7349 15.1110 0.2000
17.7473 15.5042 0.2000
17.7924 15.8991 0.2000
17.8394 16.2948 0.2000
17.8952 16.6895 0.2000
17.9858 17.0761 0.2000
18.1113 17.4534 0.2000
18.2522 17.8271 0.2000
18.4051 18.1957 0.2000
18.5810 18.5519 0.2000
18.7897 18.8919 0.2000
19.0120 19.2244 0.2000
19.2405 19.5521 0.2000
19.4886 19.8636 0.2000
19.7579 20.1579 0.2000
20.0431 20.4381 0.2000
20.3384 20.7068 0.2000
20.6410 20.9671 0.2000
20.9614 21.2032 0.2000
21.2955 21.4169 0.2000
21.6419 21.6135 0.2000
21.9912 21.8062 0.2000
22.3446 21.9902 0.2000
22.7121 22.1423 0.2000
23.0906 22.2675 0.2000
23.4792 22.3484 0.2000
23.8690 22.4211 0.2000
24.3453 22.7620 0.2000
24.8207 23.0788 0.2000
25.2979 23.3502 0.2000
25.6938 23.3168 0.2000
26.0901 23.2903 0.2000
26.4830 23.2428 0.2000
26.8718 23.1630 0.2000
27.2572 23.0567 0.2000
27.6371 22.9359 0.2000
28.0102 22.7960 0.2000
28.3738 22.6341 0.2000
28.7293 22.4588 0.2000
29.0861 22.2855 0.2000
29.4366 22.1017 0.2000
29.7821 21.9075 0.2000
30.0980 21.6686 0.2000
30.3959 21.4041 0.2000
30.6787 21.1213 0.2000
30.9616 20.8384 0.2000
31.2444 20.5556 0.2000
31.5122 20.2604 0.2000
31.7647 19.9521 0.2000
32.0031 19.6328 0.2000
32.2101 19.2960 0.2000
32.4037 18.9509 0.2000
32.5819 18.5946 0.2000
32.7842 18.2520 0.2000
32.9620 17.8984 0.2000
33.1030 17.5314 0.2000
33.1721 17.1415 0.2000
33.2287 16.7485 0.2000
33.2897 16.3560 0.2000
33.3564 15.9642 0.2000
33.4211 15.5722 0.2000
33.4600 15.1770 0.2000
33.4907 14.7817 0.2000
33.4640 14.3904 0.2000
33.3987 14.0022 0.2000
33.3156 13.6167 0.2000
33.2274 13.2288 0.2000
33.1326 12.8428 0.2000
33.0015 12.4665 0.2000
32.8590 12.0941 0.2000
32.6841 11.7385 0.2000
32.4960 11.3904 0.2000
32.3021 11.0456 0.2000
32.1054 10.7004 0.2000
31.8941 10.3660 0.2000
31.6412 10.0586 0.2000
31.3679 9.7679 0.2000
31.0851 9.4851 0.2000
30.8022 9.2022 0.2000
30.5079 8.9327 0.2000
30.2095 8.6677 0.2000
29.8957 8.4242 0.2000
29.5684 8.2021 0.2000
29.2157 8.0217 0.2000
28.8660 7.8350 0.2000
28.5154 7.6540 0.2000
28.1592 7.4887 0.2000
27.7811 7.3673 0.2000
27.3953 7.2626 0.2000
27.0108 7.1533 0.2000
26.6238 7.0650 0.2000
26.2341 6.9926 0.2000
25.8405 6.9451 0.2000
25.4489 6.9386 0.2000
25.0558 6.9601 0.2000
24.6616 6.9965 0.2000
24.2667 7.0364 0.2000
23.8708 7.0697 0.2000
23.4784 7.1238 0.2000
23.0869 7.1821 0.2000
22.7015 7.2801 0.2000
22.3259 7.4130 0.2000
21.9599 7.5711 0.2000
21.5966 7.7366 0.2000
21.3434 7.8466 0.2000
21.0902 7.9565 0.2000
20.8613 8.1059 0.2000
20.5356 8.3317 0.2000
20.2277 8.5840 0.2000
19.9173 8.8343 0.2000
19.6190 9.0992 0.2000
19.3277 9.3723 0.2000
19.0476 9.6574 0.2000
18.7878 9.9591 0.2000
18.5483 10.2775 0.2000
18.3238 10.6085 0.2000
18.0907 10.9330 0.2000
17.8706 11.2634 0.2000
17.6849 11.6112 0.2000
17.5277 11.9761 0.2000
17.3816 12.3475 0.2000
17.2433 12.7211 0.2000
17.1267 13.1025 0.2000
17.0507 13.4928 0.2000
17.0092 13.8877 0.2000
16.9849 14.2847 0.2000
16.9516 14.6806 0.2000
16.9183 15.0765 0.2000
16.9222 15.4715 0.2000
16.9555 15.8674 0.2000
17.0100 16.2607 0.2000
17.0747 16.6527 0.2000
17.1453 17.0439 0.2000
17.2369 17.4308 0.2000
17.3472 17.8112 0.2000
17.4932 18.1825 0.2000
17.6513 18.5484 0.2000
17.8386 18.8974 0.2000
18.0470 19.2351 0.2000
18.2805 19.5590 0.2000
18.5100 19.8865 0.2000
18.7544 20.2017 0.2000
19.0137 20.5040 0.2000
19.2912 20.7912 0.2000
19.5741 21.0741 0.2000
19.8652 21.3469 0.2000
20.1729 21.5994 0.2000
20.4942 21.8339 0.2000
20.8304 22.0469 0.2000
21.1667 22.2599 0.2000
21.5094 22.4647 0.2000
21.8598 22.6524 0.2000
22.2184 22.8259 0.2000
22.5854 22.9760 0.2000
22.9549 23.1054 0.2000
23.3384 23.1750 0.2000
23.6550 23.3333 0.2000
23.7571 23.4667 0.2000
23.5926 23.6000 0.2000
23.2410 23.5909 0.2000
22.8567 23.5242 0.2000
22.4835 23.4107 0.2000
22.1174 23.2584 0.2000
21.7535 23.1016 0.2000
21.4010 22.9177 0.2000
21.0573 22.7151 0.2000
20.7218 22.5012 0.2000
20.3915 22.2810 0.2000
20.0654 22.0534 0.2000
19.7525 21.8071 0.2000
19.4511 21.5469 0.2000
19.1664 21.2664 0.2000
18.8835 20.9835 0.2000
18.6138 20.6900 0.2000
18.3599 20.3829 0.2000
18.1232 20.0614 0.2000
17.8938 19.7339 0.2000
17.6665 19.4063 0.2000
17.4604 19.0667 0.2000
17.2786 18.7146 0.2000
17.1189 18.3489 0.2000
16.9729 17.9775 0.2000
16.8651 17.5981 0.2000
16.7798 17.2107 0.2000
16.7044 16.8204 0.2000
16.6377 16.4286 0.2000
16.5730 16.0366 0.2000
16.5370 15.6410 0.2000
16.5081 15.2456 0.2000
16.5377 14.8502 0.2000
16.5711 14.4543 0.2000
16.6000 14.0579 0.2000
16.6115 13.6593 0.2000
16.6553 13.2647 0.2000
16.7344 12.8749 0.2000
16.8529 12.4942 0.2000
16.9920 12.1208 0.2000
17.1380 11.7494 0.2000
17.2977 11.3863 0.2000
17.4912 11.0443 0.2000
17.7208 10.7209 0.2000
17.9596 10.4011 0.2000
18.1858 10.0714 0.2000
18.4195 9.7483 0.2000
18.6736 9.4418 0.2000
18.9480 9.1520 0.2000
19.2358 8.8749 0.2000
19.5341 8.6099 0.2000
19.8398 8.3540 0.2000
20.1482 8.1016 0.2000
20.4669 7.8660 0.2000
20.8044 7.6589 0.2000
21.1638 7.4881 0.2000
21.5273 7.3230 0.2000
21.8906 7.1575 0.2000
22.2575 7.0018 0.2000
22.6337 6.8702 0.2000
23.0197 6.7758 0.2000
23.4115 6.7202 0.2000
23.8052 6.6751 0.2000
24.2011 6.6417 0.2000
24.5953 6.5983 0.2000
24.9889 6.5566 0.2000
25.3835 6.5232 0.2000
25.7759 6.5307 0.2000
26.1718 6.5640 0.2000
26.5618 6.6348 0.2000
26.9513 6.7082 0.2000
27.3351 6.8181 0.2000
27.7209 6.9229 0.2000
28.0984 7.0419 0.2000
28.4568 7.1967 0.2000
28.8075 7.3721 0.2000
29.1507 7.5655 0.2000
29.5048 7.7435 0.2000
29.8415 7.9490 0.2000
30.1660 8.1756 0.2000
30.4743 8.4266 0.2000
30.7726 8.6916 0.2000
31.0643 8.9643 0.2000
31.3471 9.2471 0.2000
31.6300 9.5300 0.2000
31.9060 9.8185 0.2000
32.1616 10.1236 0.2000
32.3907 10.4436 0.2000
32.6019 10.7756 0.2000
32.8099 11.1079 0.2000
33.0002 11.4543 0.2000
33.1764 11.8097 0.2000
33.3301 12.1779 0.2000
33.4677 12.5518 0.2000
33.5886 12.9319 0.2000
33.6705 13.3203 0.2000
33.8427 13.5397 0.2000
33.9751 13.4986 0.2000
34.0583 13.1982 0.2000
33.9833 12.8090 0.2000
33.8598 12.4296 0.2000
33.7216 12.0559 0.2000
33.5669 11.6881 0.2000
33.4018 11.3246 0.2000
33.2126 10.9760 0.2000
33.0125 10.6390 0.2000
32.7972 10.3109 0.2000
32.5834 9.9810 0.2000
32.3372 9.6682 0.2000
32.0714 9.3714 0.2000
31.7885 9.0885 0.2000
31.5057 8.8057 0.2000
31.2202 8.5259 0.2000
30.9224 8.2603 0.2000
30.6240 7.9953 0.2000
30.3146 7.7463 0.2000
29.9927 7.5176 0.2000
29.6439 7.3285 0.2000
29.2935 7.1454 0.2000
28.9476 6.9558 0.2000
28.5970 6.7798 0.2000
28.2268 6.6408 0.2000
27.8436 6.5292 0.2000
27.4578 6.4244 0.2000
27.0742 6.3126 0.2000
26.6849 6.2386 0.2000
26.2951 6.1662 0.2000
25.8992 6.1329 0.2000
25.5032 6.1003 0.2000
25.1086 6.1333 0.2000
24.7141 6.1667 0.2000
24.4283 6.0712 0.2000
24.4032 5.9378 0.2000
24.6394 5.7712 0.2000
25.0334 5.7333 0.2000
25.4280 5.7000 0.2000
25.8247 5.7265 0.2000
26.2206 5.7598 0.2000
26.6145 5.8054 0.2000
27.0063 5.8617 0.2000
27.3936 5.9480 0.2000
27.7779 6.0578 0.2000
28.1637 6.1625 0.2000
28.5447 6.2795 0.2000
28.9040 6.4379 0.2000
29.2537 6.6170 0.2000
29.4976 6.7556 0.2000
29.7540 6.8770 0.2000
29.9193 6.9250 0.2000
29.9934 6.8534 0.2000
29.8741 6.6112 0.2000
29.6510 6.2809 0.2000
29.4421 5.9422 0.2000
29.2507 5.5940 0.2000
29.0856 5.2305 0.2000
28.9252 4.8651 0.2000
28.7791 4.4937 0.2000
28.6466 4.1176 0.2000
28.5366 3.7333 0.2000
28.4304 3.3479 0.2000
28.3526 2.9588 0.2000
28.1960 2.6767 0.2000
27.9445 2.5223 0.2000
27.5668 2.5000 0.2000
27.1668 2.5000 0.2000
26.7668 2.5000 0.2000
26.3668 2.5000 0.2000
25.9668 2.5000 0.2000
25.5668 2.5000 0.2000
25.1668 2.5000 0.2000
24.7668 2.5000 0.2000
24.3668 2.5000 0.2000
23.9668 2.5000 0.2000
23.5668 2.5000 0.2000
23.1668 2.5000 0.2000
22.7668 2.5000 0.2000
22.4112 2.5444 0.2000
22.1889 2.7221 0.2000
22.0965 3.0326 0.2000
22.0537 3.4260 0.2000
21.9760 3.8147 0.2000
21.8514 4.1937 0.2000
21.7127 4.5672 0.2000
21.5722 4.9402 0.2000
21.4276 5.3097 0.2000
21.2716 5.6736 0.2000
21.0748 6.0158 0.2000
20.8382 6.3327 0.2000
20.5723 6.6277 0.2000
20.4377 6.8102 0.2000
20.5200 6.8458 0.2000
20.8221 6.7428 0.2000
21.1896 6.5864 0.2000
21.5539 6.4228 0.2000
21.7803 6.1599 0.2000
21.8594 5.9246 0.2000
21.8529 5.6202 0.2000
21.9023 5.3338 0.2000
22.0390 4.9599 0.2000
22.1821 4.5876 0.2000
22.3157 4.2123 0.2000
22.4152 3.8272 0.2000
22.4747 3.4358 0.2000
22.5867 3.1266 0.2000
22.8067 2.9466 0.2000
23.1601 2.9000 0.2000
23.5601 2.9000 0.2000
23.9601 2.9000 0.2000
24.3601 2.9000 0.2000
24.7601 2.9000 0.2000
25.1601 2.9000 0.2000
25.5601 2.9000 0.2000
25.9601 2.9000 0.2000
26.3601 2.9000 0.2000
26.8325 3.2957 0.2000
27.1792 3.7290 0.2000
27.4167 4.2927 0.2000
27.3696 4.4637 0.2000
27.1815 4.5970 0.2000
26.8359 4.6000 0.2000
26.4395 4.5706 0.2000
26.0436 4.5372 0.2000
25.6477 4.5039 0.2000
25.2482 4.5000 0.2000
24.8525 4.5265 0.2000
24.4603 4.5789 0.2000
24.0698 4.6456 0.2000
23.6750 4.6857 0.2000
23.3692 4.6278 0.2000
23.2325 4.4278 0.2000
23.2403 4.0962 0.2000
23.4205 3.8351 0.2000
23.6965 3.7018 0.2000
24.0947 3.7000 0.2000
24.4947 3.7000 0.2000
24.8947 3.7000 0.2000
25.2947 3.7000 0.2000
25.6947 3.7000 0.2000
26.0947 3.7000 0.2000
26.0750 3.8333 0.2000
25.7886 3.9667 0.2000
25.2355 4.1000 0.2000
24.8355 4.1000 0.2000
24.4355 4.1000 0.2000
24.0474 4.1192 0.2000
23.8492 4.1859 0.2000
23.9142 4.2250 0.2000
24.2279 4.2058 0.2000
24.6184 4.1391 0.2000
25.0123 4.1000 0.2000
25.4123 4.1000 0.2000
25.8102 4.1172 0.2000
26.2061 4.1505 0.2000
26.4693 3.8838 0.2000
26.4679 3.6000 0.2000
26.2019 3.3000 0.2000
25.8019 3.3000 0.2000
25.4019 3.3000 0.2000
25.0019 3.3000 0.2000
24.6019 3.3000 0.2000
24.2019 3.3000 0.2000
23.8019 3.3000 0.2000
23.4019 3.3000 0.2000
23.1013 3.3994 0.2000
22.9131 3.6287 0.2000
22.8230 3.9865 0.2000
22.7279 4.3724 0.2000
22.5961 4.7484 0.2000
22.5841 5.0022 0.2000
22.7425 5.1170 0.2000
23.0918 5.1116 0.2000
23.4899 5.1000 0.2000
23.8860 5.0685 0.2000
24.2789 5.0164 0.2000
24.6694 4.9498 0.2000
25.0637 4.9146 0.2000
25.4614 4.9000 0.2000
25.8588 4.9211 0.2000
26.2547 4.9545 0.2000
26.6506 4.9878 0.2000
27.0448 5.0263 0.2000
27.4361 5.0865 0.2000
27.8197 5.1851 0.2000
28.0289 5.1348 0.2000
28.0609 4.9266 0.2000
27.9256 4.5534 0.2000
27.8032 4.1734 0.2000
27.6970 3.7881 0.2000
27.6190 3.3627 0.2000
27.6867 3.1000 0.2000
27.8268 3.0938 0.2000
28.0125 3.3835 0.2000
28.1188 3.7689 0.2000
28.2271 4.1537 0.2000
28.3551 4.5315 0.2000
28.5011 4.9029 0.2000
28.6645 5.2663 0.2000
28.8047 5.5929 0.2000
28.7628 5.7681 0.2000
28.5313 5.7958 0.2000
28.1438 5.6982 0.2000
27.7573 5.5965 0.2000
27.3726 5.4935 0.2000
26.9817 5.4302 0.2000
26.5877 5.3908 0.2000
26.1918 5.3575 0.2000
25.7959 5.3242 0.2000
25.3989 5.3000 0.2000
25.0040 5.3317 0.2000
24.6103 5.3719 0.2000
24.2198 5.4386 0.2000
23.8242 5.4735 0.2000
23.4274 5.5000 0.2000
23.0321 5.5287 0.2000
22.7808 5.6976 0.2000
22.7905 5.8309 0.2000
23.0622 5.9355 0.2000
23.3483 6.0333 0.2000
23.3734 6.1667 0.2000
23.1377 6.3375 0.2000
22.7479 6.4084 0.2000
22.3672 6.5268 0.2000
21.9946 6.6673 0.2000
21.6313 6.8328 0.2000
21.2678 6.9979 0.2000
20.9043 7.1630 0.2000
20.5425 7.3309 0.2000
20.2052 7.5392 0.2000
19.8835 7.7706 0.2000
19.5766 8.0247 0.2000
19.2689 8.2783 0.2000
18.9706 8.5433 0.2000
18.6813 8.8187 0.2000
18.4045 9.1065 0.2000
18.1481 9.4110 0.2000
17.9119 9.7321 0.2000
17.6864 10.0624 0.2000
17.4500 10.3841 0.2000
17.2031 10.6963 0.2000
16.9868 11.0246 0.2000
16.8107 11.3759 0.2000
16.6598 11.7453 0.2000
16.5161 12.1173 0.2000
16.3847 12.4933 0.2000
16.2858 12.8799 0.2000
16.2267 13.2726 0.2000
16.2000 13.6693 0.2000
16.2000 14.0693 0.2000
16.1701 14.4656 0.2000
16.1368 14.8615 0.2000
16.1081 15.2568 0.2000
15.9810 15.5429 0.2000
15.7143 15.6531 0.2000
15.4744 15.7601 0.2000
15.3647 15.9797 0.2000
15.4284 16.3719 0.2000
15.4930 16.7639 0.2000
15.5597 17.1557 0.2000
15.6119 17.5487 0.2000
15.6739 17.9388 0.2000
15.7881 18.3167 0.2000
15.8276 18.5579 0.2000
15.7102 18.6083 0.2000
15.4102 18.4959 0.2000
15.0468 18.3365 0.2000
14.6754 18.1905 0.2000
14.3020 18.0515 0.2000
13.9231 17.9265 0.2000
13.5346 17.8479 0.2000
13.1413 17.8044 0.2000
12.7420 17.8000 0.2000
12.3436 17.7872 0.2000
11.9477 17.7539 0.2000
11.5532 17.7088 0.2000
11.1598 17.6549 0.2000
10.7639 17.6216 0.2000
10.3666 17.6000 0.2000
9.9666 17.6000 0.2000
9.5666 17.6000 0.2000
9.1666 17.6000 0.2000
8.7666 17.6000 0.2000
8.3666 17.6000 0.2000
7.9666 17.6000 0.2000
7.5666 17.6000 0.2000
7.1666 17.6000 0.2000
6.7666 17.6000 0.2000
6.3666 17.6000 0.2000
5.9666 17.6000 0.2000
5.5666 17.6000 0.2000
5.1666 17.6000 0.2000
4.7666 17.6000 0.2000
4.3666 17.6000 0.2000
3.9666 17.6000 0.2000
3.5666 17.6000 0.2000
3.2111 17.5555 0.2000
2.9889 17.3777 0.2000
2.9000 17.0666 0.2000
2.9000 16.6666 0.2000
2.9000 16.2666 0.2000
2.9000 15.8666 0.2000
2.9000 15.4666 0.2000
2.9000 15.0666 0.2000
2.9000 14.6666 0.2000
2.9000 14.2666 0.2000
2.9000 13.8666 0.2000
2.9000 13.4666 0.2000
2.9111 13.0777 0.2000
3.0556 12.8222 0.2000
3.3334 12.7000 0.2000
3.7334 12.7000 0.2000
4.1334 12.7000 0.2000
4.5334 12.7000 0.2000
4.9334 12.7000 0.2000
5.3334 12.7000 0.2000
5.7334 12.7000 0.2000
6.1334 12.7000 0.2000
6.5334 12.7000 0.2000
6.9334 12.7000 0.2000
7.3334 12.7000 0.2000
7.7334 12.7000 0.2000
8.1334 12.7000 0.2000
8.5334 12.7000 0.2000
8.9334 12.7000 0.2000
9.3334 12.7000 0.2000
9.7334 12.7000 0.2000
10.1334 12.7000 0.2000
10.5311 12.6811 0.2000
10.9270 12.6478 0.2000
11.3229 12.6145 0.2000
11.7179 12.5740 0.2000
12.1138 12.5407 0.2000
12.5078 12.4959 0.2000
12.8996 12.4396 0.2000
13.2883 12.3584 0.2000
13.6737 12.2522 0.2000
14.0531 12.1302 0.2000
14.4261 11.9899 0.2000
14.7923 11.8313 0.2000
15.1619 11.6827 0.2000
15.4880 11.5652 0.2000
15.6507 11.6289 0.2000
15.3394 12.1368 0.2000
14.9486 12.7976 0.2000
14.6000 13.4653 0.2000
14.6000 13.8653 0.2000
14.6000 14.1435 0.2000
14.5677 14.4178 0.2000
14.5343 14.6919 0.2000
14.5010 15.0878 0.2000
14.5071 15.4868 0.2000
14.5404 15.8827 0.2000
14.5807 16.2776 0.2000
14.6504 16.6683 0.2000
14.6732 16.9879 0.2000
14.5616 17.1376 0.2000
14.2862 17.1190 0.2000
13.8984 17.0410 0.2000
13.5047 17.0005 0.2000
13.1048 17.0000 0.2000
12.7048 17.0000 0.2000
12.3067 16.9842 0.2000
11.9108 16.9509 0.2000
11.5167 16.9028 0.2000
11.1230 16.8519 0.2000
10.7271 16.8185 0.2000
10.3294 16.8000 0.2000
9.9294 16.8000 0.2000
9.5294 16.8000 0.2000
9.1294 16.8000 0.2000
8.7294 16.8000 0.2000
8.3294 16.8000 0.2000
7.9294 16.8000 0.2000
7.5294 16.8000 0.2000
7.1294 16.8000 0.2000
6.7294 16.8000 0.2000
6.3294 16.8000 0.2000
5.9294 16.8000 0.2000
5.5294 16.8000 0.2000
5.1294 16.8000 0.2000
4.7294 16.8000 0.2000
4.3294 16.8000 0.2000
3.9863 16.7431 0.2000
3.7765 16.5529 0.2000
3.7000 16.2294 0.2000
3.7000 15.8294 0.2000
3.7000 15.4294 0.2000
3.7000 15.0294 0.2000
3.7000 14.6294 0.2000
3.7000 14.2294 0.2000
3.7235 13.8529 0.2000
3.8804 13.6098 0.2000
4.1706 13.5000 0.2000
4.5706 13.5000 0.2000
4.9706 13.5000 0.2000
5.3706 13.5000 0.2000
5.7706 13.5000 0.2000
6.1706 13.5000 0.2000
6.5706 13.5000 0.2000
6.9706 13.5000 0.2000
7.3706 13.5000 0.2000
7.7706 13.5000 0.2000
8.1706 13.5000 0.2000
8.5706 13.5000 0.2000
8.9706 13.5000 0.2000
9.3706 13.5000 0.2000
9.7706 13.5000 0.2000
10.1706 13.5000 0.2000
10.5679 13.4781 0.2000
10.9638 13.4448 0.2000
11.3597 13.4115 0.2000
11.7547 13.3710 0.2000
12.1506 13.3377 0.2000
12.5465 13.3044 0.2000
12.9403 13.2643 0.2000
13.3306 13.1962 0.2000
13.6153 13.4261 0.2000
13.7723 13.7952 0.2000
13.7677 14.3259 0.2000
13.7343 14.6919 0.2000
13.7010 15.0878 0.2000
13.7071 15.4868 0.2000
13.7153 15.8576 0.2000
13.5902 16.0950 0.2000
13.3246 16.2000 0.2000
12.9246 16.2000 0.2000
12.5246 16.2000 0.2000
12.1300 16.1667 0.2000
11.7360 16.1286 0.2000
11.3455 16.0619 0.2000
10.9496 16.0286 0.2000
10.5532 16.0000 0.2000
10.1532 16.0000 0.2000
9.7532 16.0000 0.2000
9.3532 16.0000 0.2000
8.9532 16.0000 0.2000
8.5532 16.0000 0.2000
8.1532 16.0000 0.2000
7.7532 16.0000 0.2000
7.3532 16.0000 0.2000
6.9532 16.0000 0.2000
6.5532 16.0000 0.2000
6.1532 16.0000 0.2000
5.7532 16.0000 0.2000
5.3532 16.0000 0.2000
4.9532 16.0000 0.2000
4.6688 15.8844 0.2000
4.5177 15.6354 0.2000
4.5000 15.2532 0.2000
4.5000 14.8532 0.2000
4.5823 14.5354 0.2000
4.7979 14.3511 0.2000
5.1468 14.3000 0.2000
5.5468 14.3000 0.2000
5.9468 14.3000 0.2000
6.3468 14.3000 0.2000
6.7468 14.3000 0.2000
7.1468 14.3000 0.2000
7.5468 14.3000 0.2000
7.9468 14.3000 0.2000
8.3468 14.3000 0.2000
8.7468 14.3000 0.2000
9.1468 14.3000 0.2000
9.5468 14.3000 0.2000
9.9468 14.3000 0.2000
10.3464 14.2962 0.2000
10.7423 14.2629 0.2000
11.1382 14.2295 0.2000
11.5332 14.1891 0.2000
11.9291 14.1558 0.2000
12.3250 14.1225 0.2000
12.6481 14.4489 0.2000
12.8407 14.8823 0.2000
12.7667 15.3156 0.2000
12.5034 15.3789 0.2000
12.1088 15.3456 0.2000
11.7151 15.3055 0.2000
11.3212 15.2599 0.2000
10.9253 15.2266 0.2000
10.5285 15.2000 0.2000
10.1285 15.2000 0.2000
9.7285 15.2000 0.2000
9.3285 15.2000 0.2000
8.9285 15.2000 0.2000
8.5285 15.2000 0.2000
8.1285 15.2000 0.2000
7.7285 15.2000 0.2000
7.3285 15.2000 0.2000
6.9285 15.2000 0.2000
6.5285 15.2000 0.2000
6.1285 15.2000 0.2000
5.7285 15.2000 0.2000
5.5428 15.1667 0.2000
5.6238 15.1333 0.2000
5.9715 15.1000 0.2000
6.3715 15.1000 0.2000
6.7715 15.1000 0.2000
7.1715 15.1000 0.2000
7.5715 15.1000 0.2000
7.9715 15.1000 0.2000
8.3715 15.1000 0.2000
8.7715 15.1000 0.2000
9.1715 15.1000 0.2000
9.5715 15.1000 0.2000
9.9715 15.1000 0.2000
10.3708 15.0942 0.2000
10.7666 15.0609 0.2000
11.1625 15.0276 0.2000
11.5576 14.9871 0.2000
12.1201 14.8205 0.2000
12.4160 14.6538 0.2000
12.4484 14.5124 0.2000
12.0525 14.5457 0.2000
11.6566 14.5790 0.2000
11.2615 14.6195 0.2000
10.8657 14.6528 0.2000
10.4698 14.6861 0.2000
10.0715 14.7000 0.2000
9.6715 14.7000 0.2000
9.2715 14.7000 0.2000
8.8715 14.7000 0.2000
8.4715 14.7000 0.2000
8.0715 14.7000 0.2000
7.6715 14.7000 0.2000
7.2715 14.7000 0.2000
6.8715 14.7000 0.2000
6.4715 14.7000 0.2000
6.0715 14.7000 0.2000
5.6715 14.7000 0.2000
5.2810 14.7095 0.2000
5.0238 14.8524 0.2000
4.9000 15.1285 0.2000
5.0095 15.4190 0.2000
5.2524 15.5762 0.2000
5.6285 15.6000 0.2000
6.0285 15.6000 0.2000
6.4285 15.6000 0.2000
6.8285 15.6000 0.2000
7.2285 15.6000 0.2000
7.6285 15.6000 0.2000
8.0285 15.6000 0.2000
8.4285 15.6000 0.2000
8.8285 15.6000 0.2000
9.2285 15.6000 0.2000
9.6285 15.6000 0.2000
10.0285 15.6000 0.2000
10.4285 15.6000 0.2000
10.8263 15.6185 0.2000
11.2222 15.6518 0.2000
11.6161 15.6974 0.2000
12.0088 15.7456 0.2000
12.4034 15.7789 0.2000
12.8000 15.8000 0.2000
13.1000 15.7000 0.2000
13.2667 15.4667 0.2000
13.3808 14.7215 0.2000
13.3341 14.1148 0.2000
13.1551 13.6481 0.2000
12.7620 13.6934 0.2000
12.3654 13.7192 0.2000
11.9695 13.7525 0.2000
11.5736 13.7858 0.2000
11.1786 13.8262 0.2000
10.7827 13.8596 0.2000
10.3868 13.8929 0.2000
9.9877 13.9000 0.2000
9.5877 13.9000 0.2000
9.1877 13.9000 0.2000
8.7877 13.9000 0.2000
8.3877 13.9000 0.2000
7.9877 13.9000 0.2000
7.5877 13.9000 0.2000
7.1877 13.9000 0.2000
6.7877 13.9000 0.2000
6.3877 13.9000 0.2000
5.9877 13.9000 0.2000
5.5877 13.9000 0.2000
5.1877 13.9000 0.2000
4.7877 13.9000 0.2000
4.4251 13.9374 0.2000
4.1959 14.1082 0.2000
4.1000 14.4123 0.2000
4.1000 14.8123 0.2000
4.1000 15.2123 0.2000
4.1000 15.6123 0.2000
4.1041 16.0082 0.2000
4.2415 16.2708 0.2000
4.5123 16.4000 0.2000
4.9123 16.4000 0.2000
5.3123 16.4000 0.2000
5.7123 16.4000 0.2000
6.1123 16.4000 0.2000
6.5123 16.4000 0.2000
6.9123 16.4000 0.2000
7.3123 16.4000 0.2000
7.7123 16.4000 0.2000
8.1123 16.4000 0.2000
8.5123 16.4000 0.2000
8.9123 16.4000 0.2000
9.3123 16.4000 0.2000
9.7123 16.4000 0.2000
10.1123 16.4000 0.2000
10.5122 16.4010 0.2000
10.9081 16.4343 0.2000
11.3040 16.4677 0.2000
11.5714 16.5012 0.2000
11.8389 16.5345 0.2000
12.1064 16.5679 0.2000
12.5024 16.6000 0.2000
12.9024 16.6000 0.2000
13.3024 16.6000 0.2000
13.7024 16.6000 0.2000
14.0016 16.4992 0.2000
14.1430 16.2681 0.2000
14.1422 15.9047 0.2000
14.1089 15.5088 0.2000
14.1000 15.1099 0.2000
14.1315 14.7138 0.2000
14.1649 14.3179 0.2000
14.3366 13.5287 0.2000
14.3567 12.9265 0.2000
14.2476 12.4964 0.2000
13.8707 12.6252 0.2000
13.4853 12.7315 0.2000
13.0976 12.8209 0.2000
12.7060 12.8779 0.2000
12.3124 12.9235 0.2000
11.9165 12.9568 0.2000
11.5206 12.9901 0.2000
11.1256 13.0306 0.2000
10.7297 13.0639 0.2000
10.3338 13.0972 0.2000
9.9342 13.1000 0.2000
9.5342 13.1000 0.2000
9.1342 13.1000 0.2000
8.7342 13.1000 0.2000
8.3342 13.1000 0.2000
7.9342 13.1000 0.2000
7.5342 13.1000 0.2000
7.1342 13.1000 0.2000
6.7342 13.1000 0.2000
6.3342 13.1000 0.2000
5.9342 13.1000 0.2000
5.5342 13.1000 0.2000
5.1342 13.1000 0.2000
4.7342 13.1000 0.2000
4.3342 13.1000 0.2000
3.9342 13.1000 0.2000
3.5894 13.1553 0.2000
3.3781 13.3439 0.2000
3.3000 13.6658 0.2000
3.3000 14.0658 0.2000
3.3000 14.4658 0.2000
3.3000 14.8658 0.2000
3.3000 15.2658 0.2000
3.3000 15.6658 0.2000
3.3000 16.0658 0.2000
3.3000 16.4658 0.2000
3.3219 16.8439 0.2000
3.4772 17.0886 0.2000
3.7658 17.2000 0.2000
4.1658 17.2000 0.2000
4.5658 17.2000 0.2000
4.9658 17.2000 0.2000
5.3658 17.2000 0.2000
5.7658 17.2000 0.2000
6.1658 17.2000 0.2000
6.5658 17.2000 0.2000
6.9658 17.2000 0.2000
7.3658 17.2000 0.2000
7.7658 17.2000 0.2000
8.1658 17.2000 0.2000
8.5658 17.2000 0.2000
8.9658 17.2000 0.2000
9.3658 17.2000 0.2000
9.7658 17.2000 0.2000
10.1658 17.2000 0.2000
10.5652 17.2053 0.2000
10.9611 17.2387 0.2000
11.3564 17.2763 0.2000
11.7489 17.3377 0.2000
12.1448 17.3710 0.2000
12.5412 17.4000 0.2000
12.9412 17.4000 0.2000
13.3405 17.4043 0.2000
13.7339 17.4478 0.2000
14.1224 17.5263 0.2000
14.5013 17.6513 0.2000
14.8609 17.7581 0.2000
15.0919 17.6965 0.2000
15.1798 17.4532 0.2000
15.1274 17.0597 0.2000
15.0607 16.6679 0.2000
14.9960 16.2759 0.2000
14.9485 15.8817 0.2000
14.9152 15.4858 0.2000
14.9091 15.0888 0.2000
14.9424 14.6929 0.2000
14.9757 14.2970 0.2000
15.0000 13.9000 0.2000
15.0000 13.5000 0.2000
15.0000 13.1000 0.2000
15.1794 12.6824 0.2000
15.3127 12.5824 0.2000
15.4461 12.7491 0.2000
15.4000 13.2000 0.2000
15.4000 13.6000 0.2000
15.4000 14.0000 0.2000
15.3757 14.3970 0.2000
15.4757 14.7037 0.2000
15.6065 14.7475 0.2000
15.7641 14.5279 0.2000
15.7974 14.1320 0.2000
15.8000 13.7323 0.2000
15.8055 13.3330 0.2000
15.8433 12.9376 0.2000
15.9145 12.5466 0.2000
16.0279 12.1640 0.2000
16.1652 11.7901 0.2000
16.3112 11.4187 0.2000
16.4645 11.0509 0.2000
16.5053 10.8182 0.2000
16.3805 10.7613 0.2000
16.0799 10.8810 0.2000
15.7096 11.0276 0.2000
15.3399 11.1748 0.2000
14.9679 11.3163 0.2000
14.6009 11.4717 0.2000
14.2329 11.6260 0.2000
13.8591 11.7638 0.2000
13.4771 11.8789 0.2000
13.0918 11.9852 0.2000
12.7021 12.0583 0.2000
12.3113 12.1227 0.2000
11.9156 12.1569 0.2000
11.5197 12.1902 0.2000
11.1246 12.2307 0.2000
10.7287 12.2640 0.2000
10.3329 12.2973 0.2000
9.9332 12.3000 0.2000
9.5332 12.3000 0.2000
9.1332 12.3000 0.2000
8.7332 12.3000 0.2000
8.3332 12.3000 0.2000
7.9332 12.3000 0.2000
7.5332 12.3000 0.2000
7.1332 12.3000 0.2000
6.7332 12.3000 0.2000
6.3332 12.3000 0.2000
5.9332 12.3000 0.2000
5.5332 12.3000 0.2000
5.1332 12.3000 0.2000
4.7332 12.3000 0.2000
4.3332 12.3000 0.2000
3.9332 12.3000 0.2000
3.5332 12.3000 0.2000
3.1332 12.3000 0.2000
2.7888 12.3556 0.2000
2.5777 12.5445 0.2000
2.5000 12.8668 0.2000
2.5000 13.2668 0.2000
2.5000 13.6668 0.2000
2.5000 14.0668 0.2000
2.5000 14.4668 0.2000
2.5000 14.8668 0.2000
2.5000 15.2668 0.2000
2.5000 15.6668 0.2000
2.5000 16.0668 0.2000
2.5000 16.4668 0.2000
2.5000 16.8668 0.2000
2.5000 17.2668 0.2000
2.5223 17.6445 0.2000
2.6779 17.8889 0.2000
2.9668 18.0000 0.2000
3.3668 18.0000 0.2000
3.7668 18.0000 0.2000
4.1668 18.0000 0.2000
4.5668 18.0000 0.2000
4.9668 18.0000 0.2000
5.3668 18.0000 0.2000
5.7668 18.0000 0.2000
6.1668 18.0000 0.2000
6.5668 18.0000 0.2000
6.9668 18.0000 0.2000
7.3668 18.0000 0.2000
7.7668 18.0000 0.2000
8.1668 18.0000 0.2000
8.5668 18.0000 0.2000
8.9668 18.0000 0.2000
9.3668 18.0000 0.2000
9.7668 18.0000 0.2000
10.1668 18.0000 0.2000
10.5662 18.0054 0.2000
10.9620 18.0387 0.2000
11.3574 18.0765 0.2000
11.7499 18.1377 0.2000
12.1458 18.1711 0.2000
12.5422 18.2000 0.2000
12.9415 18.2044 0.2000
13.3348 18.2480 0.2000
13.7234 18.3266 0.2000
14.1022 18.4516 0.2000
14.4756 18.5906 0.2000
14.8470 18.7366 0.2000
15.2104 18.8960 0.2000
15.5680 19.0661 0.2000
15.9240 19.2403 0.2000
16.2742 19.4238 0.2000
16.6023 19.6379 0.2000
16.8098 19.8078 0.2000
16.9259 19.8906 0.2000
16.8801 19.7656 0.2000
16.7706 19.5194 0.2000
16.5930 19.1636 0.2000
16.4279 18.8001 0.2000
16.2737 18.4321 0.2000
16.1295 18.0604 0.2000
16.0404 17.6765 0.2000
15.9744 17.2862 0.2000
15.9164 16.8934 0.2000
15.9867 16.6135 0.2000
16.1149 16.5931 0.2000
16.3062 16.8316 0.2000
16.3714 17.2235 0.2000
16.4464 17.6125 0.2000
16.5410 17.9951 0.2000
16.6870 18.3665 0.2000
16.8428 18.7338 0.2000
17.0079 19.0973 0.2000
17.1990 19.4450 0.2000
17.4120 19.7812 0.2000
17.6438 20.1060 0.2000
17.8732 20.4335 0.2000
18.1144 20.7514 0.2000
18.3714 21.0557 0.2000
18.6457 21.3457 0.2000
18.9285 21.6285 0.2000
19.2169 21.9046 0.2000
19.5219 22.1603 0.2000
19.8348 22.4065 0.2000
20.1539 22.6432 0.2000
20.4783 22.8707 0.2000
20.8116 23.0873 0.2000
21.1544 23.2920 0.2000
21.5058 23.4779 0.2000
21.8667 23.6446 0.2000
22.2337 23.7948 0.2000
22.6050 23.9162 0.2000
22.9893 23.9829 0.2000
23.3852 24.0000 0.2000
23.6902 24.0000 0.2000
23.8617 24.1333 0.2000
23.8208 24.2667 0.2000
23.6082 24.4000 0.2000
23.2623 24.4000 0.2000
22.8637 24.3944 0.2000
22.4791 24.3291 0.2000
22.1050 24.2192 0.2000
21.7393 24.0658 0.2000
21.3745 23.9119 0.2000
21.0215 23.7288 0.2000
20.6774 23.5273 0.2000
20.5057 23.4792 0.2000
20.5189 23.6161 0.2000
20.7247 23.9280 0.2000
21.0998 24.2424 0.2000
21.5271 24.4824 0.2000
21.9981 24.6642 0.2000
22.3792 24.7504 0.2000
22.5898 24.9333 0.2000
22.5673 25.0886 0.2000
22.4488 25.3712 0.2000
22.4079 25.6496 0.2000
22.5259 26.0304 0.2000
22.6630 26.4044 0.2000
22.8449 26.7260 0.2000
23.1127 26.9233 0.2000
23.4574 27.0000 0.2000
23.8574 27.0000 0.2000
24.2574 27.0000 0.2000
24.6574 27.0000 0.2000
25.0574 27.0000 0.2000
25.4574 27.0000 0.2000
25.8574 27.0000 0.2000
26.2574 27.0000 0.2000
26.6574 27.0000 0.2000
27.0574 27.0000 0.2000
27.3549 26.8835 0.2000
27.5552 26.6389 0.2000
27.6602 26.2665 0.2000
27.7902 25.8897 0.2000
27.9255 25.5152 0.2000
27.9519 25.2333 0.2000
27.7931 25.1046 0.2000
27.4643 25.1373 0.2000
27.0764 25.2249 0.2000
26.6845 25.2802 0.2000
26.2877 25.3000 0.2000
26.0435 25.4333 0.2000
25.9432 25.7000 0.2000
25.6855 26.0000 0.2000
25.7097 26.1667 0.2000
26.0142 26.1667 0.2000
26.5611 26.0000 0.2000
26.9342 25.8170 0.2000
27.1250 25.6595 0.2000
27.3085 25.7536 0.2000
27.3286 25.9933 0.2000
27.1560 26.3174 0.2000
26.9055 26.5233 0.2000
26.5546 26.6000 0.2000
26.1546 26.6000 0.2000
25.7546 26.6000 0.2000
25.3546 26.6000 0.2000
24.9546 26.6000 0.2000
24.5546 26.6000 0.2000
24.1546 26.6000 0.2000
23.7546 26.6000 0.2000
23.3998 26.5268 0.2000
23.1274 26.3308 0.2000
22.9461 26.0083 0.2000
22.9713 25.7481 0.2000
23.1808 25.6108 0.2000
23.4438 25.6000 0.2000
23.7151 25.6422 0.2000
23.8369 25.8234 0.2000
23.9332 26.0234 0.2000
23.7734 26.1812 0.2000
24.0522 26.0667 0.2000
24.4777 25.9279 0.2000
25.0110 25.6612 0.2000
25.0891 25.5279 0.2000
24.9013 25.4000 0.2000
24.6036 25.3897 0.2000
24.2121 25.3372 0.2000
23.8673 25.1372 0.2000
23.7316 24.9475 0.2000
23.8490 24.8422 0.2000
24.1823 24.9088 0.2000
24.5715 24.9755 0.2000
24.9649 24.9784 0.2000
25.3608 24.9450 0.2000
25.7567 24.9117 0.2000
26.1552 24.9000 0.2000
26.5526 24.8836 0.2000
26.9448 24.8310 0.2000
27.3330 24.7460 0.2000
27.7184 24.6398 0.2000
28.0967 24.5146 0.2000
28.4694 24.3732 0.2000
28.6988 24.3679 0.2000
28.7475 24.5372 0.2000
28.6291 24.8810 0.2000
28.4778 25.2502 0.2000
28.3305 25.6211 0.2000
28.1888 25.9937 0.2000
28.0590 26.3706 0.2000
27.9487 26.7548 0.2000
27.8180 27.0981 0.2000
27.5904 27.3132 0.2000
27.2655 27.4000 0.2000
26.8655 27.4000 0.2000
26.4655 27.4000 0.2000
26.0655 27.4000 0.2000
25.6655 27.4000 0.2000
25.2655 27.4000 0.2000
24.8655 27.4000 0.2000
24.4655 27.4000 0.2000
24.0655 27.4000 0.2000
23.6655 27.4000 0.2000
23.2655 27.4000 0.2000
22.8770 27.3885 0.2000
22.6076 27.2459 0.2000
22.4199 26.9809 0.2000
22.3019 26.6049 0.2000
22.1622 26.2317 0.2000
22.0358 25.8534 0.2000
21.9274 25.4687 0.2000
21.7942 25.0947 0.2000
21.5961 24.9240 0.2000
21.4753 25.0075 0.2000
21.4533 25.3363 0.2000
21.5689 25.7181 0.2000
21.6811 26.1018 0.2000
21.8142 26.4772 0.2000
21.9556 26.8497 0.2000
22.0573 27.2283 0.2000
22.1735 27.5471 0.2000
22.3804 27.7402 0.2000
22.7206 27.8000 0.2000
23.1206 27.8000 0.2000
23.5206 27.8000 0.2000
23.9206 27.8000 0.2000
24.3206 27.8000 0.2000
24.7206 27.8000 0.2000
25.1206 27.8000 0.2000
25.5206 27.8000 0.2000
25.9206 27.8000 0.2000
26.3206 27.8000 0.2000
26.7206 27.8000 0.2000
27.1206 27.8000 0.2000
27.5206 27.8000 0.2000
27.8804 27.7598 0.2000
28.1247 27.5884 0.2000
28.2731 27.2892 0.2000
28.3634 26.9016 0.2000
28.4751 26.5178 0.2000
28.6073 26.1420 0.2000
28.7504 25.7698 0.2000
28.9000 25.3999 0.2000
29.0497 25.0300 0.2000
29.2010 24.6608 0.2000
29.3885 24.3145 0.2000
29.5911 23.9846 0.2000
29.8296 23.6750 0.2000
29.9693 23.4331 0.2000
29.9111 23.3419 0.2000
29.6474 23.4077 0.2000
29.2813 23.5675 0.2000
28.9157 23.7282 0.2000
28.5522 23.8932 0.2000
28.1833 24.0451 0.2000
27.8091 24.1817 0.2000
27.4258 24.2932 0.2000
27.0397 24.3947 0.2000
26.6494 24.4635 0.2000
26.2552 24.5000 0.2000
25.8557 24.5036 0.2000
25.4598 24.5370 0.2000
25.0639 24.5703 0.2000
24.8022 24.4667 0.2000
24.8035 24.3333 0.2000
25.0678 24.1700 0.2000
25.4637 24.1366 0.2000
25.8596 24.1033 0.2000
26.2581 24.0938 0.2000
26.6513 24.0489 0.2000
27.0405 23.9717 0.2000
27.4259 23.8654 0.2000
27.8066 23.7468 0.2000
28.1800 23.6077 0.2000
28.5470 23.4513 0.2000
28.9105 23.2862 0.2000
29.2754 23.1237 0.2000
29.6393 22.9584 0.2000
29.9918 22.7774 0.2000
30.3276 22.5676 0.2000
30.6391 22.3219 0.2000
30.9369 22.0574 0.2000
31.2223 21.7777 0.2000
31.5052 21.4948 0.2000
31.7880 21.2120 0.2000
32.0598 20.9201 0.2000
32.3152 20.6143 0.2000
32.5618 20.3009 0.2000
32.8081 19.9884 0.2000
33.0226 19.6592 0.2000
33.2197 19.3172 0.2000
33.3978 18.9609 0.2000
33.6008 18.6186 0.2000
33.7753 18.2637 0.2000
33.9107 17.8953 0.2000
33.9751 17.5045 0.2000
34.0000 17.1076 0.2000
34.0317 16.7115 0.2000
34.1880 16.4839 0.2000
34.3213 16.5202 0.2000
34.4229 16.8193 0.2000
34.4000 17.2165 0.2000
34.3825 17.6143 0.2000
34.3276 18.0067 0.2000
34.2125 18.3831 0.2000
34.0463 18.7415 0.2000
33.8488 19.0863 0.2000
33.6640 19.4378 0.2000
33.5477 19.6962 0.2000
33.6000 19.7868 0.2000
33.8143 19.6849 0.2000
34.1367 19.4869 0.2000
34.4785 19.2827 0.2000
34.8252 19.0874 0.2000
35.1829 18.9085 0.2000
35.5470 18.7461 0.2000
35.9241 18.6337 0.2000
36.3112 18.5487 0.2000
36.4938 18.3849 0.2000
36.4147 18.2610 0.2000
36.0750 18.1826 0.2000
35.6929 18.2799 0.2000
35.3237 18.4115 0.2000
34.9693 18.5948 0.2000
34.7589 18.6069 0.2000
34.6983 18.4251 0.2000
34.7585 18.0457 0.2000
34.7959 17.6505 0.2000
34.8000 17.2510 0.2000
34.8201 16.8535 0.2000
34.8726 16.4599 0.2000
34.9393 16.0681 0.2000
35.0039 15.6761 0.2000
35.0515 15.2819 0.2000
35.0848 14.8860 0.2000
35.1000 14.4879 0.2000
35.1000 14.0879 0.2000
35.0535 13.6989 0.2000
34.9800 13.3157 0.2000
34.8680 12.9384 0.2000
35.3772 12.8971 0.2000
36.0412 13.0176 0.2000
36.8770 13.2657 0.2000
37.2715 13.3000 0.2000
37.6715 13.3000 0.2000
38.0688 13.3219 0.2000
38.4621 13.3762 0.2000
38.8539 13.4429 0.2000
39.2484 13.4876 0.2000
39.6468 13.5000 0.2000
40.0468 13.5000 0.2000
40.4468 13.5000 0.2000
40.8468 13.5000 0.2000
41.2468 13.5000 0.2000
41.6468 13.5000 0.2000
42.0468 13.5000 0.2000
42.4468 13.5000 0.2000
42.8468 13.5000 0.2000
43.2468 13.5000 0.2000
43.6468 13.5000 0.2000
44.0468 13.5000 0.2000
44.4468 13.5000 0.2000
44.8468 13.5000 0.2000
45.2468 13.5000 0.2000
45.6468 13.5000 0.2000
46.0468 13.5000 0.2000
46.3979 13.5489 0.2000
46.6156 13.7312 0.2000
46.7000 14.0468 0.2000
46.7000 14.4468 0.2000
46.7000 14.8468 0.2000
46.7000 15.2468 0.2000
46.7000 15.6468 0.2000
46.7000 16.0468 0.2000
46.6844 16.4312 0.2000
46.5354 16.6823 0.2000
46.2532 16.8000 0.2000
45.8532 16.8000 0.2000
45.4532 16.8000 0.2000
45.0532 16.8000 0.2000
44.6532 16.8000 0.2000
44.2532 16.8000 0.2000
43.8532 16.8000 0.2000
43.4532 16.8000 0.2000
43.0532 16.8000 0.2000
42.6532 16.8000 0.2000
42.2532 16.8000 0.2000
41.8532 16.8000 0.2000
41.4532 16.8000 0.2000
41.0532 16.8000 0.2000
40.6532 16.8000 0.2000
40.2532 16.8000 0.2000
39.8532 16.8000 0.2000
39.4532 16.8000 0.2000
39.0566 16.8280 0.2000
38.6640 16.8884 0.2000
38.2723 16.9551 0.2000
37.8770 16.9937 0.2000
37.4832 17.0338 0.2000
37.0927 17.1000 0.2000
36.7061 17.1985 0.2000
36.3181 17.2955 0.2000
35.9494 17.3396 0.2000
35.7100 17.2181 0.2000
35.6137 16.9326 0.2000
35.6597 16.5383 0.2000
35.7263 16.1465 0.2000
35.7910 15.7545 0.2000
35.8450 15.3611 0.2000
35.8783 14.9652 0.2000
35.9000 14.5679 0.2000
35.9000 14.1679 0.2000
35.9000 13.7679 0.2000
36.3000 13.7452 0.2000
36.8333 13.8560 0.2000
37.5000 14.1000 0.2000
37.8667 14.1000 0.2000
38.2294 14.1323 0.2000
38.5881 14.1970 0.2000
38.9798 14.2637 0.2000
39.3756 14.2980 0.2000
39.7754 14.3000 0.2000
40.1754 14.3000 0.2000
40.5754 14.3000 0.2000
40.9754 14.3000 0.2000
41.3754 14.3000 0.2000
41.7754 14.3000 0.2000
42.1754 14.3000 0.2000
42.5754 14.3000 0.2000
42.9754 14.3000 0.2000
43.3754 14.3000 0.2000
43.7754 14.3000 0.2000
44.1754 14.3000 0.2000
44.5754 14.3000 0.2000
44.9754 14.3000 0.2000
45.3754 14.3000 0.2000
45.6836 14.3918 0.2000
45.8585 14.6169 0.2000
45.9000 14.9754 0.2000
45.9000 15.3754 0.2000
45.8415 15.7169 0.2000
45.6497 15.9251 0.2000
45.3246 16.0000 0.2000
44.9246 16.0000 0.2000
44.5246 16.0000 0.2000
44.1246 16.0000 0.2000
43.7246 16.0000 0.2000
43.3246 16.0000 0.2000
42.9246 16.0000 0.2000
42.5246 16.0000 0.2000
42.1246 16.0000 0.2000
41.7246 16.0000 0.2000
41.3246 16.0000 0.2000
40.9246 16.0000 0.2000
40.5246 16.0000 0.2000
40.1246 16.0000 0.2000
39.7246 16.0000 0.2000
39.3254 16.0061 0.2000
38.9301 16.0445 0.2000
38.5383 16.1112 0.2000
38.1458 16.1718 0.2000
37.7492 16.2000 0.2000
37.3535 16.2264 0.2000
36.9623 16.2868 0.2000
36.7003 16.2482 0.2000
36.5796 16.0510 0.2000
36.6049 15.6886 0.2000
36.6505 15.2939 0.2000
37.1008 15.0313 0.2000
37.6169 14.9000 0.2000
38.2463 14.9323 0.2000
38.5881 14.9970 0.2000
38.9798 15.0637 0.2000
39.3756 15.0980 0.2000
39.7754 15.1000 0.2000
40.1754 15.1000 0.2000
40.5754 15.1000 0.2000
40.9754 15.1000 0.2000
41.3754 15.1000 0.2000
41.7754 15.1000 0.2000
42.1754 15.1000 0.2000
42.5754 15.1000 0.2000
42.9754 15.1000 0.2000
43.3754 15.1000 0.2000
43.7754 15.1000 0.2000
44.1754 15.1000 0.2000
44.5754 15.1000 0.2000
44.8251 15.1333 0.2000
44.8082 15.1667 0.2000
44.5246 15.2000 0.2000
44.1246 15.2000 0.2000
43.7246 15.2000 0.2000
43.3246 15.2000 0.2000
42.9246 15.2000 0.2000
42.5246 15.2000 0.2000
42.1246 15.2000 0.2000
41.7246 15.2000 0.2000
41.3246 15.2000 0.2000
40.9246 15.2000 0.2000
40.5246 15.2000 0.2000
40.1246 15.2000 0.2000
39.7246 15.2000 0.2000
39.3254 15.2061 0.2000
38.9301 15.2445 0.2000
38.5383 15.3112 0.2000
38.1458 15.3718 0.2000
37.6652 15.3373 0.2000
37.2821 15.4040 0.2000
37.0862 15.5373 0.2000
37.2410 15.7333 0.2000
37.5616 15.8000 0.2000
37.9599 15.7869 0.2000
38.3544 15.7415 0.2000
38.7461 15.6749 0.2000
39.1395 15.6213 0.2000
39.5369 15.6000 0.2000
39.9369 15.6000 0.2000
40.3369 15.6000 0.2000
40.7369 15.6000 0.2000
41.1369 15.6000 0.2000
41.5369 15.6000 0.2000
41.9369 15.6000 0.2000
42.3369 15.6000 0.2000
42.7369 15.6000 0.2000
43.1369 15.6000 0.2000
43.5369 15.6000 0.2000
43.9369 15.6000 0.2000
44.3369 15.6000 0.2000
44.7369 15.6000 0.2000
45.1246 15.5877 0.2000
45.3790 15.4420 0.2000
45.5000 15.1631 0.2000
45.3877 14.8754 0.2000
45.1420 14.7210 0.2000
44.7631 14.7000 0.2000
44.3631 14.7000 0.2000
43.9631 14.7000 0.2000
43.5631 14.7000 0.2000
43.1631 14.7000 0.2000
42.7631 14.7000 0.2000
42.3631 14.7000 0.2000
41.9631 14.7000 0.2000
41.5631 14.7000 0.2000
41.1631 14.7000 0.2000
40.7631 14.7000 0.2000
40.3631 14.7000 0.2000
39.9631 14.7000 0.2000
39.5631 14.7000 0.2000
39.1654 14.6808 0.2000
38.7718 14.6294 0.2000
38.3800 14.5627 0.2000
37.9858 14.5152 0.2000
37.2918 14.4209 0.2000
36.7292 14.4751 0.2000
36.3000 14.6627 0.2000
36.2707 15.0591 0.2000
36.2373 15.4549 0.2000
36.1757 15.8474 0.2000
36.1110 16.2394 0.2000
36.0526 16.6201 0.2000
36.1501 16.8327 0.2000
36.4078 16.8777 0.2000
36.7904 16.7610 0.2000
37.1762 16.6684 0.2000
37.5678 16.6142 0.2000
37.9638 16.5866 0.2000
38.3582 16.5409 0.2000
38.7500 16.4742 0.2000
39.1434 16.4210 0.2000
39.5408 16.4000 0.2000
39.9408 16.4000 0.2000
40.3408 16.4000 0.2000
40.7408 16.4000 0.2000
41.1408 16.4000 0.2000
41.5408 16.4000 0.2000
41.9408 16.4000 0.2000
42.3408 16.4000 0.2000
42.7408 16.4000 0.2000
43.1408 16.4000 0.2000
43.5408 16.4000 0.2000
43.9408 16.4000 0.2000
44.3408 16.4000 0.2000
44.7408 16.4000 0.2000
45.1408 16.4000 0.2000
45.5408 16.4000 0.2000
45.9272 16.3864 0.2000
46.1803 16.2394 0.2000
46.3000 15.9592 0.2000
46.3000 15.5592 0.2000
46.3000 15.1592 0.2000
46.3000 14.7592 0.2000
46.3000 14.3592 0.2000
46.1864 14.0728 0.2000
45.9394 13.9197 0.2000
45.5592 13.9000 0.2000
45.1592 13.9000 0.2000
44.7592 13.9000 0.2000
44.3592 13.9000 0.2000
43.9592 13.9000 0.2000
43.5592 13.9000 0.2000
43.1592 13.9000 0.2000
42.7592 13.9000 0.2000
42.3592 13.9000 0.2000
41.9592 13.9000 0.2000
41.5592 13.9000 0.2000
41.1592 13.9000 0.2000
40.7592 13.9000 0.2000
40.3592 13.9000 0.2000
39.9592 13.9000 0.2000
39.5592 13.9000 0.2000
39.1615 13.8805 0.2000
38.7679 13.8287 0.2000
38.3761 13.7621 0.2000
37.9819 13.7149 0.2000
37.5838 13.7000 0.2000
37.1838 13.7000 0.2000
36.4892 13.6162 0.2000
35.9279 13.6657 0.2000
35.5000 13.8486 0.2000
35.5000 14.2486 0.2000
35.5000 14.6486 0.2000
35.4718 15.0451 0.2000
35.4385 15.4410 0.2000
35.3780 15.8335 0.2000
35.3133 16.2256 0.2000
35.2466 16.6174 0.2000
35.2071 17.0125 0.2000
35.2000 17.4116 0.2000
35.2631 17.7095 0.2000
35.4537 17.8390 0.2000
35.7759 17.8212 0.2000
36.1644 17.7399 0.2000
36.5547 17.6613 0.2000
36.9418 17.5610 0.2000
37.3298 17.4739 0.2000
37.7217 17.4191 0.2000
38.1155 17.3742 0.2000
38.5083 17.3161 0.2000
38.9001 17.2495 0.2000
39.2951 17.2086 0.2000
39.6940 17.2000 0.2000
40.0940 17.2000 0.2000
40.4940 17.2000 0.2000
40.8940 17.2000 0.2000
41.2940 17.2000 0.2000
41.6940 17.2000 0.2000
42.0940 17.2000 0.2000
42.4940 17.2000 0.2000
42.8940 17.2000 0.2000
43.2940 17.2000 0.2000
43.6940 17.2000 0.2000
44.0940 17.2000 0.2000
44.4940 17.2000 0.2000
44.8940 17.2000 0.2000
45.2940 17.2000 0.2000
45.6940 17.2000 0.2000
46.0940 17.2000 0.2000
46.4940 17.2000 0.2000
46.8293 17.1353 0.2000
47.0313 16.9373 0.2000
47.1000 16.6060 0.2000
47.1000 16.2060 0.2000
47.1000 15.8060 0.2000
47.1000 15.4060 0.2000
47.1000 15.0060 0.2000
47.1000 14.6060 0.2000
47.1000 14.2060 0.2000
47.1000 13.8060 0.2000
47.0687 13.4373 0.2000
46.9040 13.2020 0.2000
46.6060 13.1000 0.2000
46.2060 13.1000 0.2000
45.8060 13.1000 0.2000
45.4060 13.1000 0.2000
45.0060 13.1000 0.2000
44.6060 13.1000 0.2000
44.2060 13.1000 0.2000
43.8060 13.1000 0.2000
43.4060 13.1000 0.2000
43.0060 13.1000 0.2000
42.6060 13.1000 0.2000
42.2060 13.1000 0.2000
41.8060 13.1000 0.2000
41.4060 13.1000 0.2000
41.0060 13.1000 0.2000
40.6060 13.1000 0.2000
40.2060 13.1000 0.2000
39.8060 13.1000 0.2000
39.4069 13.0924 0.2000
39.0118 13.0525 0.2000
38.6201 12.9858 0.2000
38.2273 12.9267 0.2000
37.8306 12.9000 0.2000
37.4306 12.9000 0.2000
37.0352 12.8716 0.2000
36.6441 12.8097 0.2000
36.2593 12.7077 0.2000
35.8739 12.6018 0.2000
35.4881 12.4970 0.2000
35.0299 12.2334 0.2000
34.7005 11.9344 0.2000
34.6230 11.7196 0.2000
34.8578 11.7696 0.2000
35.2200 11.9268 0.2000
35.5890 12.0644 0.2000
35.9724 12.1752 0.2000
36.3582 12.2800 0.2000
36.7420 12.3905 0.2000
37.1317 12.4620 0.2000
37.5258 12.5000 0.2000
37.9255 12.5021 0.2000
38.3213 12.5365 0.2000
38.7130 12.6032 0.2000
39.1051 12.6678 0.2000
39.5011 12.7000 0.2000
39.9011 12.7000 0.2000
40.3011 12.7000 0.2000
40.7011 12.7000 0.2000
41.1011 12.7000 0.2000
41.5011 12.7000 0.2000
41.9011 12.7000 0.2000
42.3011 12.7000 0.2000
42.7011 12.7000 0.2000
43.1011 12.7000 0.2000
43.5011 12.7000 0.2000
43.9011 12.7000 0.2000
44.3011 12.7000 0.2000
44.7011 12.7000 0.2000
45.1011 12.7000 0.2000
45.5011 12.7000 0.2000
45.9011 12.7000 0.2000
46.3011 12.7000 0.2000
46.7011 12.7000 0.2000
47.1008 12.7004 0.2000
47.3670 12.8341 0.2000
47.5000 13.1011 0.2000
47.5000 13.5011 0.2000
47.5000 13.9011 0.2000
47.5000 14.3011 0.2000
47.5000 14.7011 0.2000
47.5000 15.1011 0.2000
47.5000 15.5011 0.2000
47.5000 15.9011 0.2000
47.5000 16.3011 0.2000
47.5000 16.7011 0.2000
47.5000 17.1011 0.2000
47.3996 17.4008 0.2000
47.1659 17.5670 0.2000
46.7989 17.6000 0.2000
46.3989 17.6000 0.2000
45.9989 17.6000 0.2000
45.5989 17.6000 0.2000
45.1989 17.6000 0.2000
44.7989 17.6000 0.2000
44.3989 17.6000 0.2000
43.9989 17.6000 0.2000
43.5989 17.6000 0.2000
43.1989 17.6000 0.2000
42.7989 17.6000 0.2000
42.3989 17.6000 0.2000
41.9989 17.6000 0.2000
41.5989 17.6000 0.2000
41.1989 17.6000 0.2000
40.7989 17.6000 0.2000
40.3989 17.6000 0.2000
39.9989 17.6000 0.2000
39.5989 17.6000 0.2000
39.2009 17.6163 0.2000
38.8069 17.6649 0.2000
38.4151 17.7315 0.2000
38.0213 17.7819 0.2000
37.6295 17.8382 0.2000
37.4471 17.9964 0.2000
37.5274 18.1297 0.2000
37.8677 18.2196 0.2000
38.2591 18.1573 0.2000
38.6509 18.0906 0.2000
39.0433 18.0291 0.2000
39.4397 18.0000 0.2000
39.6859 18.1333 0.2000
39.6654 18.2667 0.2000
39.3784 18.4018 0.2000
38.9826 18.4359 0.2000
38.5908 18.5023 0.2000
38.1988 18.5672 0.2000
37.8090 18.6396 0.2000
37.4192 18.7121 0.2000
37.0334 18.8166 0.2000
36.6449 18.9101 0.2000
36.2549 18.9864 0.2000
35.8719 19.0825 0.2000
35.4994 19.2094 0.2000
35.1385 19.3807 0.2000
34.7931 19.5779 0.2000
34.4559 19.7894 0.2000
34.1220 20.0064 0.2000
33.7841 20.2179 0.2000
33.4548 20.4409 0.2000
33.1338 20.6654 0.2000
32.8293 20.9117 0.2000
32.5309 21.1645 0.2000
32.2334 21.4305 0.2000
31.9351 21.6955 0.2000
31.6494 21.9715 0.2000
31.3927 22.2759 0.2000
31.1460 22.5892 0.2000
30.8982 22.9021 0.2000
30.6506 23.2151 0.2000
30.4141 23.5368 0.2000
30.1764 23.8571 0.2000
29.9556 24.1802 0.2000
29.7619 24.5170 0.2000
29.5958 24.8725 0.2000
29.4451 25.2420 0.2000
29.2949 25.6116 0.2000
29.1458 25.9817 0.2000
29.0030 26.3540 0.2000
28.8713 26.7301 0.2000
28.7600 27.1140 0.2000
28.6707 27.5017 0.2000
28.5861 27.8635 0.2000
28.4052 28.0974 0.2000
28.1078 28.2000 0.2000
27.7078 28.2000 0.2000
27.3078 28.2000 0.2000
26.9078 28.2000 0.2000
26.5078 28.2000 0.2000
26.1078 28.2000 0.2000
25.7078 28.2000 0.2000
25.3078 28.2000 0.2000
24.9078 28.2000 0.2000
24.5078 28.2000 0.2000
24.1078 28.2000 0.2000
23.7078 28.2000 0.2000
23.3078 28.2000 0.2000
22.9078 28.2000 0.2000
22.5078 28.2000 0.2000
22.1078 28.2000 0.2000
21.8385 28.0693 0.2000
21.7026 27.8052 0.2000
21.6692 27.4128 0.2000
21.6359 27.1435 0.2000
21.5429 26.8883 0.2000
21.4374 26.6356 0.2000
21.3015 26.2613 0.2000
21.1858 25.8789 0.2000
21.0744 25.4955 0.2000
20.9364 25.1221 0.2000
20.7631 24.7672 0.2000
20.5546 24.4283 0.2000
20.3318 24.0977 0.2000
20.1069 23.7671 0.2000
19.8775 23.4396 0.2000
19.6480 23.1121 0.2000
19.4216 22.7825 0.2000
19.1886 22.4588 0.2000
18.9352 22.1518 0.2000
18.6602 21.8630 0.2000
18.3624 21.5985 0.2000
18.0587 21.3406 0.2000
17.7467 21.0924 0.2000
17.4420 20.8347 0.2000
17.1297 20.5862 0.2000
16.8163 20.3395 0.2000
16.5019 20.0959 0.2000
16.1706 19.8840 0.2000
15.8246 19.6945 0.2000
15.4700 19.5172 0.2000
15.1140 19.3430 0.2000
14.7536 19.1795 0.2000
14.3828 19.0320 0.2000
14.0102 18.8902 0.2000
13.6335 18.7602 0.2000
13.2469 18.6694 0.2000
12.8547 18.6166 0.2000
12.4578 18.5966 0.2000
12.0619 18.5632 0.2000
11.6663 18.5274 0.2000
11.2741 18.4642 0.2000
10.8782 18.4309 0.2000
10.4820 18.4000 0.2000
10.0820 18.4000 0.2000
9.6820 18.4000 0.2000
9.2820 18.4000 0.2000
8.8820 18.4000 0.2000
8.4820 18.4000 0.2000
8.0820 18.4000 0.2000
7.6820 18.4000 0.2000
7.2820 18.4000 0.2000
6.8820 18.4000 0.2000
6.4820 18.4000 0.2000
6.0820 18.4000 0.2000
5.6820 18.4000 0.2000
5.2820 18.4000 0.2000
4.8820 18.4000 0.2000
4.4820 18.4000 0.2000
4.0820 18.4000 0.2000
3.6820 18.4000 0.2000
3.2820 18.4000 0.2000
2.8820 18.4000 0.2000
2.4880 18.3940 0.2000
2.2273 18.2547 0.2000
2.1000 17.9820 0.2000
2.1000 17.5820 0.2000
2.1000 17.1820 0.2000
2.1000 16.7820 0.2000
2.1000 16.3820 0.2000
2.1000 15.9820 0.2000
2.1000 15.5820 0.2000
2.1000 15.1820 0.2000
2.1000 14.7820 0.2000
2.1000 14.3820 0.2000
2.1000 13.9820 0.2000
2.1000 13.5820 0.2000
2.1000 13.1820 0.2000
2.1000 12.7820 0.2000
2.1000 12.3820 0.2000
2.2060 12.0880 0.2000
2.4453 11.9273 0.2000
2.8180 11.9000 0.2000
3.2180 11.9000 0.2000
3.6180 11.9000 0.2000
4.0180 11.9000 0.2000
4.4180 11.9000 0.2000
4.8180 11.9000 0.2000
5.2180 11.9000 0.2000
5.6180 11.9000 0.2000
5.8729 11.7667 0.2000
5.8611 11.6333 0.2000
5.5826 11.5000 0.2000
5.1826 11.5000 0.2000
4.7826 11.5000 0.2000
4.3826 11.5000 0.2000
3.9826 11.5000 0.2000
3.5826 11.5000 0.2000
3.1826 11.5000 0.2000
2.7826 11.5000 0.2000
2.3826 11.5000 0.2000
2.0217 11.5391 0.2000
1.7942 11.7116 0.2000
1.7000 12.0174 0.2000
1.7000 12.4174 0.2000
1.7000 12.8174 0.2000
1.7000 13.2174 0.2000
1.7000 13.6174 0.2000
1.7000 14.0174 0.2000
1.7000 14.4174 0.2000
1.7000 14.8174 0.2000
1.7000 15.2174 0.2000
1.7000 15.6174 0.2000
1.7000 16.0174 0.2000
1.7000 16.4174 0.2000
1.7000 16.8174 0.2000
1.7000 17.2174 0.2000
1.7000 17.6174 0.2000
1.7000 18.0174 0.2000
1.7058 18.4116 0.2000
1.8449 18.6725 0.2000
2.1174 18.8000 0.2000
2.5174 18.8000 0.2000
2.9174 18.8000 0.2000
3.3174 18.8000 0.2000
3.7174 18.8000 0.2000
4.1174 18.8000 0.2000
4.5174 18.8000 0.2000
4.9174 18.8000 0.2000
5.3174 18.8000 0.2000
5.7174 18.8000 0.2000
6.1174 18.8000 0.2000
6.5174 18.8000 0.2000
6.9174 18.8000 0.2000
7.3174 18.8000 0.2000
7.7174 18.8000 0.2000
8.1174 18.8000 0.2000
8.5174 18.8000 0.2000
8.9174 18.8000 0.2000
9.3174 18.8000 0.2000
9.7174 18.8000 0.2000
10.1174 18.8000 0.2000
10.5172 18.8014 0.2000
10.9131 18.8347 0.2000
11.3090 18.8685 0.2000
11.7010 18.9332 0.2000
12.0969 18.9665 0.2000
12.4929 18.9994 0.2000
12.8866 19.0395 0.2000
13.2760 19.1130 0.2000
13.6559 19.2350 0.2000
14.0297 19.3728 0.2000
14.4011 19.5188 0.2000
14.7675 19.6740 0.2000
15.1260 19.8419 0.2000
15.4820 20.0161 0.2000
15.8322 20.1996 0.2000
16.1731 20.3976 0.2000
16.4983 20.6251 0.2000
16.8116 20.8718 0.2000
17.1242 21.1200 0.2000
17.4296 21.3769 0.2000
17.7407 21.6263 0.2000
18.0450 21.8833 0.2000
18.3429 22.1478 0.2000
18.6200 22.4345 0.2000
18.8746 22.7405 0.2000
19.1088 23.0632 0.2000
19.3348 23.3931 0.2000
19.5643 23.7206 0.2000
19.7937 24.0480 0.2000
20.0190 24.3785 0.2000
20.2426 24.7085 0.2000
20.4447 25.0496 0.2000
20.6075 25.4084 0.2000
20.7325 25.7867 0.2000
20.8413 26.1714 0.2000
20.9684 26.5493 0.2000
21.1087 26.9224 0.2000
21.2247 27.2986 0.2000
21.2878 27.6862 0.2000
21.3311 28.0804 0.2000
21.4550 28.3856 0.2000
21.7123 28.5576 0.2000
22.0719 28.6000 0.2000
22.4719 28.6000 0.2000
22.8719 28.6000 0.2000
23.2719 28.6000 0.2000
23.6719 28.6000 0.2000
24.0719 28.6000 0.2000
24.4719 28.6000 0.2000
24.8719 28.6000 0.2000
25.2719 28.6000 0.2000
25.6719 28.6000 0.2000
26.0719 28.6000 0.2000
26.4719 28.6000 0.2000
26.8719 28.6000 0.2000
27.2719 28.6000 0.2000
27.6719 28.6000 0.2000
28.0719 28.6000 0.2000
28.4719 28.6000 0.2000
28.7813 28.5094 0.2000
28.9573 28.2854 0.2000
29.0220 27.9308 0.2000
29.0827 27.5394 0.2000
29.1771 27.1523 0.2000
29.2907 26.7691 0.2000
29.4251 26.3942 0.2000
29.5695 26.0223 0.2000
29.7207 25.6531 0.2000
29.8682 25.2823 0.2000
30.0339 24.9229 0.2000
30.2259 24.5784 0.2000
30.4359 24.2438 0.2000
30.6603 23.9144 0.2000
30.8919 23.5888 0.2000
31.1382 23.2748 0.2000
31.3873 22.9629 0.2000
31.6340 22.6496 0.2000
31.8864 22.3412 0.2000
32.1645 22.0579 0.2000
32.4628 21.7929 0.2000
32.7611 21.5279 0.2000
33.0529 21.2551 0.2000
33.3477 20.9853 0.2000
33.6592 20.7377 0.2000
33.9906 20.5180 0.2000
34.3353 20.3175 0.2000
34.6772 20.1132 0.2000
35.0205 19.9115 0.2000
35.3673 19.7163 0.2000
35.7308 19.5513 0.2000
36.0988 19.4399 0.2000
36.4770 19.3558 0.2000
36.8595 19.2851 0.2000
37.2473 19.1872 0.2000
37.6343 19.0922 0.2000
38.0231 19.0116 0.2000
38.4121 18.9320 0.2000
38.8039 18.8653 0.2000
39.1979 18.8165 0.2000
39.5959 18.8000 0.2000
39.9959 18.8000 0.2000
40.3959 18.8000 0.2000
40.7959 18.8000 0.2000
41.1959 18.8000 0.2000
41.5959 18.8000 0.2000
41.9959 18.8000 0.2000
42.3959 18.8000 0.2000
42.7959 18.8000 0.2000
43.1959 18.8000 0.2000
43.5959 18.8000 0.2000
43.9959 18.8000 0.2000
44.3959 18.8000 0.2000
44.7959 18.8000 0.2000
45.1959 18.8000 0.2000
45.5959 18.8000 0.2000
45.9959 18.8000 0.2000
46.3959 18.8000 0.2000
46.7959 18.8000 0.2000
47.1959 18.8000 0.2000
47.5959 18.8000 0.2000
47.9959 18.8000 0.2000
48.3639 18.7680 0.2000
48.5986 18.6027 0.2000
48.7000 18.3041 0.2000
48.7000 17.9041 0.2000
48.7000 17.5041 0.2000
48.7000 17.1041 0.2000
48.7000 16.7041 0.2000
48.7000 16.3041 0.2000
48.7000 15.9041 0.2000
48.7000 15.5041 0.2000
48.7000 15.1041 0.2000
48.7000 14.7041 0.2000
48.7000 14.3041 0.2000
48.7000 13.9041 0.2000
48.7000 13.5041 0.2000
48.7000 13.1041 0.2000
48.7000 12.7041 0.2000
48.7000 12.3041 0.2000
48.7000 11.9041 0.2000
48.5680 11.6361 0.2000
48.3027 11.5014 0.2000
47.9041 11.5000 0.2000
47.5041 11.5000 0.2000
47.1041 11.5000 0.2000
46.7041 11.5000 0.2000
46.3041 11.5000 0.2000
45.9041 11.5000 0.2000
45.5041 11.5000 0.2000
45.1041 11.5000 0.2000
44.7041 11.5000 0.2000
44.3041 11.5000 0.2000
43.9041 11.5000 0.2000
43.5041 11.5000 0.2000
43.1041 11.5000 0.2000
42.7041 11.5000 0.2000
42.3041 11.5000 0.2000
41.9041 11.5000 0.2000
41.5041 11.5000 0.2000
41.1041 11.5000 0.2000
40.7041 11.5000 0.2000
40.3041 11.5000 0.2000
39.9041 11.5000 0.2000
39.5041 11.5000 0.2000
39.1081 11.4680 0.2000
38.7160 11.4037 0.2000
38.3242 11.3370 0.2000
37.9314 11.2843 0.2000
37.5396 11.2280 0.2000
37.1533 11.1357 0.2000
36.7685 11.0274 0.2000
36.3827 10.9226 0.2000
36.0077 10.7964 0.2000
35.6405 10.6531 0.2000
35.2922 10.4702 0.2000
34.9413 10.2878 0.2000
34.5866 10.1104 0.2000
34.2399 9.9221 0.2000
33.9183 9.6987 0.2000
33.6123 9.4456 0.2000
33.3144 9.1811 0.2000
33.0015 8.9349 0.2000
32.7037 8.6703 0.2000
32.3908 8.4241 0.2000
32.0929 8.1596 0.2000
31.8086 7.8840 0.2000
31.5595 7.5734 0.2000
31.3308 7.2462 0.2000
31.1086 6.9137 0.2000
30.8803 6.5854 0.2000
30.6509 6.2579 0.2000
30.4217 5.9302 0.2000
30.2008 5.5987 0.2000
30.0048 5.2542 0.2000
29.8276 4.8994 0.2000
29.6735 4.5314 0.2000
29.5279 4.1599 0.2000
29.4051 3.7801 0.2000
29.2987 3.3948 0.2000
29.2001 3.0082 0.2000
29.1196 2.6194 0.2000
29.0524 2.2290 0.2000
28.9309 1.9213 0.2000
28.6903 1.7452 0.2000
28.3355 1.7000 0.2000
27.9355 1.7000 0.2000
27.5355 1.7000 0.2000
27.1355 1.7000 0.2000
26.7355 1.7000 0.2000
26.3355 1.7000 0.2000
25.9355 1.7000 0.2000
25.5355 1.7000 0.2000
25.1355 1.7000 0.2000
24.7355 1.7000 0.2000
24.3355 1.7000 0.2000
23.9355 1.7000 0.2000
23.5355 1.7000 0.2000
23.1355 1.7000 0.2000
22.7355 1.7000 0.2000
22.3355 1.7000 0.2000
21.9355 1.7000 0.2000
21.3305 1.7726 0.2000
20.8520 1.9778 0.2000
20.4947 2.3143 0.2000
20.4384 2.7060 0.2000
20.3520 3.0933 0.2000
20.2239 3.4709 0.2000
20.0831 3.8438 0.2000
19.9446 4.2174 0.2000
19.7971 4.5851 0.2000
19.6375 4.9475 0.2000
19.4280 5.2825 0.2000
19.2005 5.6069 0.2000
18.9566 5.9212 0.2000
18.7202 6.2430 0.2000
18.4908 6.5704 0.2000
18.2659 6.9011 0.2000
18.0277 7.2206 0.2000
17.7569 7.5084 0.2000
17.4631 7.7762 0.2000
17.1522 8.0249 0.2000
16.8517 8.2862 0.2000
16.5402 8.5341 0.2000
16.2403 8.7961 0.2000
15.9190 9.0259 0.2000
15.5827 9.2289 0.2000
15.2257 9.3951 0.2000
14.8628 9.5496 0.2000
14.5076 9.7135 0.2000
14.1485 9.8788 0.2000
13.7884 10.0431 0.2000
13.4143 10.1798 0.2000
13.0312 10.2917 0.2000
12.6451 10.3938 0.2000
12.2583 10.4905 0.2000
11.8683 10.5608 0.2000
11.4727 10.5963 0.2000
11.0775 10.6355 0.2000
10.6816 10.6688 0.2000
10.2854 10.7000 0.2000
9.8854 10.7000 0.2000
9.4854 10.7000 0.2000
9.0854 10.7000 0.2000
8.6854 10.7000 0.2000
8.2854 10.7000 0.2000
7.8854 10.7000 0.2000
7.4854 10.7000 0.2000
7.0854 10.7000 0.2000
6.6854 10.7000 0.2000
6.2854 10.7000 0.2000
5.8854 10.7000 0.2000
5.4854 10.7000 0.2000
5.0854 10.7000 0.2000
4.6854 10.7000 0.2000
4.2854 10.7000 0.2000
3.8854 10.7000 0.2000
3.4854 10.7000 0.2000
3.0854 10.7000 0.2000
2.6854 10.7000 0.2000
2.2854 10.7000 0.2000
1.8854 10.7000 0.2000
1.4854 10.7000 0.2000
1.1570 10.7715 0.2000
0.9618 10.9764 0.2000
0.9000 11.3146 0.2000
0.9000 11.7146 0.2000
0.9000 12.1146 0.2000
0.9000 12.5146 0.2000
0.9000 12.9146 0.2000
0.9000 13.3146 0.2000
0.9000 13.7146 0.2000
0.9000 14.1146 0.2000
0.9000 14.5146 0.2000
0.9000 14.9146 0.2000
0.9000 15.3146 0.2000
0.9000 15.7146 0.2000
0.9000 16.1146 0.2000
0.9000 16.5146 0.2000
0.9000 16.9146 0.2000
0.9000 17.3146 0.2000
0.9000 17.7146 0.2000
0.9000 18.1146 0.2000
0.9000 18.5146 0.2000
0.9000 18.9146 0.2000
0.9382 19.2764 0.2000
1.1097 19.5049 0.2000
1.4146 19.6000 0.2000
1.8146 19.6000 0.2000
2.2146 19.6000 0.2000
2.6146 19.6000 0.2000
3.0146 19.6000 0.2000
3.4146 19.6000 0.2000
3.8146 19.6000 0.2000
4.2146 19.6000 0.2000
4.6146 19.6000 0.2000
5.0146 19.6000 0.2000
5.4146 19.6000 0.2000
5.8146 19.6000 0.2000
6.2146 19.6000 0.2000
6.6146 19.6000 0.2000
7.0146 19.6000 0.2000
7.4146 19.6000 0.2000
7.8146 19.6000 0.2000
8.2146 19.6000 0.2000
8.6146 19.6000 0.2000
9.0146 19.6000 0.2000
9.4146 19.6000 0.2000
9.8146 19.6000 0.2000
10.2146 19.6000 0.2000
10.6134 19.6093 0.2000
11.0093 19.6426 0.2000
11.4042 19.6842 0.2000
11.7971 19.7416 0.2000
12.1930 19.7749 0.2000
12.5838 19.8393 0.2000
12.9732 19.9124 0.2000
13.3532 20.0341 0.2000
13.7270 20.1718 0.2000
14.0984 20.3178 0.2000
14.4588 20.4813 0.2000
14.8174 20.6491 0.2000
15.1733 20.8233 0.2000
15.5239 21.0077 0.2000
15.8637 21.2099 0.2000
16.1821 21.4484 0.2000
16.4951 21.6960 0.2000
16.8016 21.9515 0.2000
17.1112 22.2028 0.2000
17.4167 22.4585 0.2000
17.7146 22.7230 0.2000
17.9952 23.0062 0.2000
18.2517 23.3106 0.2000
18.4878 23.6317 0.2000
18.7133 23.9620 0.2000
18.9427 24.2895 0.2000
19.1721 24.6170 0.2000
19.3980 24.9470 0.2000
19.6152 25.2792 0.2000
19.7933 25.6290 0.2000
19.9350 25.9958 0.2000
20.0440 26.3803 0.2000
20.1716 26.7581 0.2000
20.3120 27.1311 0.2000
20.4271 27.5075 0.2000
20.5044 27.8935 0.2000
20.5490 28.2876 0.2000
20.6093 28.6771 0.2000
20.6796 29.0478 0.2000
20.8655 29.2874 0.2000
21.1577 29.4000 0.2000
21.5577 29.4000 0.2000
21.9577 29.4000 0.2000
22.3577 29.4000 0.2000
22.7577 29.4000 0.2000
23.1577 29.4000 0.2000
23.5577 29.4000 0.2000
23.9577 29.4000 0.2000
24.3577 29.4000 0.2000
24.7577 29.4000 0.2000
25.1577 29.4000 0.2000
25.5577 29.4000 0.2000
25.9577 29.4000 0.2000
26.3577 29.4000 0.2000
26.7577 29.4000 0.2000
27.1577 29.4000 0.2000
27.5577 29.4000 0.2000
27.9577 29.4000 0.2000
28.3577 29.4000 0.2000
28.7577 29.4000 0.2000
29.1577 29.4000 0.2000
29.4718 29.3141 0.2000
29.6653 29.0964 0.2000
29.7461 28.7480 0.2000
29.7831 28.3525 0.2000
29.8405 27.9597 0.2000
29.9166 27.5704 0.2000
30.0240 27.1854 0.2000
30.1485 26.8063 0.2000
30.2873 26.4328 0.2000
30.4333 26.0615 0.2000
30.5846 25.6923 0.2000
30.7306 25.3209 0.2000
30.9112 24.9688 0.2000
31.1102 24.6267 0.2000
31.3392 24.3006 0.2000
31.5779 23.9808 0.2000
31.8262 23.6683 0.2000
32.0733 23.3549 0.2000
32.3200 23.0416 0.2000
32.5840 22.7452 0.2000
32.8742 22.4735 0.2000
33.1725 22.2085 0.2000
33.4728 21.9464 0.2000
33.7810 21.6944 0.2000
34.1118 21.4731 0.2000
34.4539 21.2672 0.2000
34.7960 21.0614 0.2000
35.1322 20.8452 0.2000
35.4636 20.6239 0.2000
35.8064 20.4243 0.2000
36.1676 20.2708 0.2000
36.5499 20.1698 0.2000
36.9399 20.0934 0.2000
37.3300 20.0126 0.2000
37.7164 19.9126 0.2000
38.1031 19.8159 0.2000
38.4899 19.7192 0.2000
38.8817 19.6525 0.2000
39.2765 19.6101 0.2000
39.6753 19.6000 0.2000
40.0753 19.6000 0.2000
40.4753 19.6000 0.2000
40.8753 19.6000 0.2000
41.2753 19.6000 0.2000
41.6753 19.6000 0.2000
42.0753 19.6000 0.2000
42.4753 19.6000 0.2000
42.8753 19.6000 0.2000
43.2753 19.6000 0.2000
43.6753 19.6000 0.2000
44.0753 19.6000 0.2000
44.4753 19.6000 0.2000
44.8753 19.6000 0.2000
45.2753 19.6000 0.2000
45.6753 19.6000 0.2000
46.0753 19.6000 0.2000
46.4753 19.6000 0.2000
46.8753 19.6000 0.2000
47.2753 19.6000 0.2000
47.6753 19.6000 0.2000
48.0753 19.6000 0.2000
48.4753 19.6000 0.2000
48.8753 19.6000 0.2000
49.2168 19.5416 0.2000
49.4251 19.3498 0.2000
49.5000 19.0247 0.2000
49.5000 18.6247 0.2000
49.5000 18.2247 0.2000
49.5000 17.8247 0.2000
49.5000 17.4247 0.2000
49.5000 17.0247 0.2000
49.5000 16.6247 0.2000
49.5000 16.2247 0.2000
49.5000 15.8247 0.2000
49.5000 15.4247 0.2000
49.5000 15.0247 0.2000
49.5000 14.6247 0.2000
49.5000 14.2247 0.2000
49.5000 13.8247 0.2000
49.5000 13.4247 0.2000
49.5000 13.0247 0.2000
49.5000 12.6247 0.2000
49.5000 12.2247 0.2000
49.5000 11.8247 0.2000
49.5000 11.4247 0.2000
49.4749 11.0498 0.2000
49.3165 10.8082 0.2000
49.0247 10.7000 0.2000
48.6247 10.7000 0.2000
48.2247 10.7000 0.2000
47.8247 10.7000 0.2000
47.4247 10.7000 0.2000
47.0247 10.7000 0.2000
46.6247 10.7000 0.2000
46.2247 10.7000 0.2000
45.8247 10.7000 0.2000
45.4247 10.7000 0.2000
45.0247 10.7000 0.2000
44.6247 10.7000 0.2000
44.2247 10.7000 0.2000
43.8247 10.7000 0.2000
43.4247 10.7000 0.2000
43.0247 10.7000 0.2000
42.6247 10.7000 0.2000
42.2247 10.7000 0.2000
41.8247 10.7000 0.2000
41.4247 10.7000 0.2000
41.0247 10.7000 0.2000
40.6247 10.7000 0.2000
40.2247 10.7000 0.2000
39.8247 10.7000 0.2000
39.4265 10.6858 0.2000
39.0322 10.6393 0.2000
38.6404 10.5727 0.2000
38.2495 10.5043 0.2000
37.8597 10.4318 0.2000
37.4730 10.3418 0.2000
37.0884 10.2329 0.2000
36.7026 10.1281 0.2000
36.3311 9.9974 0.2000
35.9634 9.8554 0.2000
35.7223 9.7431 0.2000
35.4835 9.6237 0.2000
35.2504 9.4905 0.2000
34.9002 9.3070 0.2000
34.5669 9.1001 0.2000
34.2453 8.8746 0.2000
33.9474 8.6101 0.2000
33.6357 8.3625 0.2000
33.3361 8.1001 0.2000
33.0237 7.8533 0.2000
32.7247 7.5902 0.2000
32.4381 7.3164 0.2000
32.1863 7.0084 0.2000
31.9553 6.6830 0.2000
31.7335 6.3502 0.2000
31.5058 6.0214 0.2000
31.2764 5.6939 0.2000
31.0470 5.3664 0.2000
30.8333 5.0324 0.2000
30.6401 4.6869 0.2000
30.4724 4.3286 0.2000
30.3269 3.9570 0.2000
30.2043 3.5772 0.2000
30.0980 3.1918 0.2000
29.9996 2.8053 0.2000
29.9029 2.4185 0.2000
29.8360 2.0280 0.2000
29.8026 1.6321 0.2000
29.7520 1.2550 0.2000
29.5707 1.0108 0.2000
29.2561 0.9000 0.2000
28.8561 0.9000 0.2000
28.4561 0.9000 0.2000
28.0561 0.9000 0.2000
27.6561 0.9000 0.2000
27.2561 0.9000 0.2000
26.8561 0.9000 0.2000
26.4561 0.9000 0.2000
26.0561 0.9000 0.2000
25.6561 0.9000 0.2000
25.2561 0.9000 0.2000
24.8561 0.9000 0.2000
24.4561 0.9000 0.2000
24.0561 0.9000 0.2000
23.6561 0.9000 0.2000
23.2561 0.9000 0.2000
22.8561 0.9000 0.2000
22.4561 0.9000 0.2000
22.0561 0.9000 0.2000
21.6561 0.9000 0.2000
21.2561 0.9000 0.2000
20.8040 0.7667 0.2000
20.3260 0.5667 0.2000
20.3000 0.5000 0.2000