24.4004    -4.17865    0.0004
24.4004    -3.4933    0.0004
24.4004    -2.80794    0.0004
24.4004    -2.12258    0.0004
24.4004    -1.43723    0.0004
24.4004    -0.751871    0.0004
24.4004    -0.0665146    0.0004
24.4004    0.618842    0.0004
24.4004    1.3042    0.0004
24.4004    1.98956    0.0004
24.4004    2.67491    0.0004
24.4004    3.36027    0.0004
24.4004    4.04563    0.0004
24.0698    4.4004    0.0004
23.3845    4.4004    0.0004
22.6991    4.4004    0.0004
22.0137    4.4004    0.0004
21.3284    4.4004    0.0004
20.643    4.4004    0.0004
19.9577    4.4004    0.0004
19.2723    4.4004    0.0004
18.587    4.4004    0.0004
17.9016    4.4004    0.0004
17.2163    4.4004    0.0004
16.5309    4.4004    0.0004
15.8455    4.4004    0.0004
15.1602    4.4004    0.0004
14.4751    4.41459    0.0004
13.7923    4.47187    0.0004
13.1142    4.57037    0.0004
12.4446    4.71556    0.0004
11.7849    4.90071    0.0004
10.8282    4.13666    0.0004
10.0507    3.44259    0.0004
9.87958    4.56824    0.0004
8.86618    3.39736    0.0004
7.6896    3.54136    0.0004
6.58434    3.527    0.0004
5.46146    4.32867    0.0004
4.11831    4.83699    0.0004
2.69679    5.04131    0.0004
2.19133    6.44877    0.0004
2.57643    7.89381    0.0004
1.70755    8.69582    0.0004
1.99227    9.84348    0.0004
1.34914    10.9621    0.0004
1.45987    12.4752    0.0004
2.15113    13.2656    0.0004
1.43803    14.4004    0.0004
0.752671    14.4004    0.0004
0.0673146    14.4004    0.0004
-0.618042    14.4004    0.0004
-1.3034    14.4004    0.0004
-1.98876    14.4004    0.0004
-2.67411    14.4004    0.0004
-3.35947    14.4004    0.0004
-4.04483    14.4004    0.0004
-3.20677    13.0438    0.0004
-2.33143    11.9961    0.0004
-2.80919    10.7279    0.0004
-2.4756    9.70611    0.0004
-2.89541    8.60273    0.0004
-3.31066    7.49762    0.0004
-3.80479    6.61189    0.0004
-4.81586    6.69186    0.0004
-5.94299    6.42373    0.0004
-7.02093    5.99906    0.0004
-7.94218    5.9123    0.0004
-8.0545    4.99382    0.0004
-8.77624    4.33007    0.0004
-9.72521    4.08327    0.0004
-9.09217    3.11411    0.0004
-8.85096    2.82233    0.0004
-8.76173    2.84834    0.0004
-8.67107    2.86903    0.0004
-8.5804    2.88972    0.0004
-8.48886    2.90573    0.0004
-8.39683    2.91909    0.0004
-8.3048    2.93242    0.0004
-8.21198    2.93819    0.0004
-8.11916    2.94395    0.0004
-8.02629    2.94682    0.0004
-7.93332    2.94468    0.0004
-7.84035    2.94255    0.0004
-7.74771    2.93502    0.0004
-7.65519    2.92561    0.0004
-7.56279    2.91541    0.0004
-7.47137    2.89834    0.0004
-7.37995    2.88128    0.0004
-7.28933    2.86076    0.0004
-7.19955    2.83649    0.0004
-7.10978    2.81223    0.0004
-7.02197    2.78172    0.0004
-6.93454    2.75004    0.0004
-6.84771    2.71688    0.0004
-6.76307    2.67835    0.0004
-6.67843    2.63982    0.0004
-6.59578    2.59736    0.0004
-6.51457    2.55204    0.0004
-6.43337    2.50672    0.0004
-6.35601    2.45513    0.0004
-6.27887    2.40319    0.0004
-6.20314    2.34933    0.0004
-6.1305    2.29128    0.0004
-6.05785    2.23322    0.0004
-5.98847    2.17138    0.0004
-5.92062    2.10779    0.0004
-5.85306    2.0439    0.0004
-5.79073    1.97489    0.0004
-5.72841    1.90587    0.0004
-5.66861    1.83475    0.0004
-5.61228    1.76076    0.0004
-5.55594    1.68676    0.0004
-5.50439    1.60942    0.0004
-5.45407    1.53121    0.0004
-5.40478    1.45241    0.0004
-5.36101    1.37035    0.0004
-5.31725    1.2883    0.0004
-5.27709    1.20451    0.0004
-5.2402    1.11914    0.0004
-5.20331    1.03378    0.0004
-5.17282    0.94595    0.0004
-5.14305    0.857848    0.0004
-5.11521    0.769178    0.0004
-5.09273    0.678941    0.0004
-5.07025    0.588704    0.0004
-5.05238    0.497511    0.0004
-5.03719    0.405763    0.0004
-4.74409    0.407159    0.0004
-4.5662    0.640104    0.0004
-3.36709    0.52436    0.0004
-2.2403    0.0981896    0.0004
-3.26054    -0.675607    0.0004
-2.24064    -1.44986    0.0004
-2.64325    -2.25024    0.0004
-3.23272    -3.42211    0.0004
-4.3308    -3.11417    0.0004
-5.11493    -3.94228    0.0004
-6.31799    -3.12454    0.0004
-6.60665    -3.03822    0.0004
-6.85694    -2.82508    0.0004
-6.94407    -2.85749    0.0004
-7.0315    -2.88917    0.0004
-7.11954    -2.91895    0.0004
-7.20924    -2.9435    0.0004
-7.29894    -2.96804    0.0004
-7.38975    -2.98771    0.0004
-7.48122    -3.00448    0.0004
-7.57269    -3.02123    0.0004
-7.66518    -3.03093    0.0004
-7.75767    -3.04064    0.0004
-7.85034    -3.04747    0.0004
-7.94332    -3.0493    0.0004
-8.0363    -3.05113    0.0004
-8.12915    -3.04733    0.0004
-8.22197    -3.04157    0.0004
-8.31471    -3.03505    0.0004
-8.40679    -3.02198    0.0004
-8.49886    -3.00892    0.0004
-8.59027    -2.99226    0.0004
-8.68094    -2.97157    0.0004
-8.7716    -2.95089    0.0004
-9.05807    -3.39084    0.0004
-8.8    -4.76021    0.0004
-8.29985    -5.58712    0.0004
-7.38967    -5.26231    0.0004
-5.56025    -5.69704    0.0004
-4.26414    -6.34339    0.0004
-3.63821    -6.982    0.0004
-3.33182    -8.39962    0.0004
-2.4235    -8.68213    0.0004
-2.7887    -9.55419    0.0004
-1.92276    -9.93368    0.0004
-1.77991    -11.2741    0.0004
-2.32074    -12.0649    0.0004
-3.27556    -13.1446    0.0004
-2.42689    -13.522    0.0004
-2.80794    -14.3996    0.0004
-2.12258    -14.3996    0.0004
-1.43723    -14.3996    0.0004
-0.751871    -14.3996    0.0004
-0.0665146    -14.3996    0.0004
0.618842    -14.3996    0.0004
1.3042    -14.3996    0.0004
1.98956    -14.3996    0.0004
2.67491    -14.3996    0.0004
2.33223    -12.6987    0.0004
1.64688    -11.1046    0.0004
1.8988    -10.1993    0.0004
2.51352    -9.48858    0.0004
1.89711    -7.87806    0.0004
1.82    -6.52077    0.0004
3.24474    -6.16384    0.0004
2.38651    -5.41015    0.0004
3.58714    -5.07417    0.0004
5.1429    -4.36952    0.0004
6.57493    -3.672    0.0004
7.55135    -2.77829    0.0004
7.40554    -4.42948    0.0004
8.48244    -3.30878    0.0004
9.52404    -3.56059    0.0004
9.60238    -4.67038    0.0004
10.7613    -3.92197    0.0004
11.6581    -4.94289    0.0004
12.3146    -4.74664    0.0004
12.9829    -4.59563    0.0004
13.6592    -4.48553    0.0004
14.3415    -4.42263    0.0004
15.0264    -4.3996    0.0004
15.7117    -4.3996    0.0004
16.3971    -4.3996    0.0004
17.0824    -4.3996    0.0004
17.7678    -4.3996    0.0004
18.4531    -4.3996    0.0004
19.1385    -4.3996    0.0004
19.8238    -4.3996    0.0004
20.5092    -4.3996    0.0004
21.1946    -4.3996    0.0004
21.8799    -4.3996    0.0004
22.5653    -4.3996    0.0004
23.2506    -4.3996    0.0004
23.936    -4.3996    0.0004
24.4004    -4.17865    0.0004
111111111111 111111111111 -0.0000136479
-24.3996    3.4941    0.0004
-24.3996    4.17945    0.0004
-23.9352    4.4004    0.0004
-23.2498    4.4004    0.0004
-22.5645    4.4004    0.0004
-21.8791    4.4004    0.0004
-21.1938    4.4004    0.0004
-20.5084    4.4004    0.0004
-19.823    4.4004    0.0004
-19.1377    4.4004    0.0004
-18.4523    4.4004    0.0004
-17.767    4.4004    0.0004
-17.0816    4.4004    0.0004
-16.3963    4.4004    0.0004
-15.7109    4.4004    0.0004
-15.0256    4.4004    0.0004
-14.3407    4.42343    0.0004
-13.5056    3.48201    0.0004
-12.4972    3.35944    0.0004
-11.8717    2.18722    0.0004
-11.0623    3.68028    0.0004
-10.7217    2.15191    0.0004
-10.3638    1.79281    0.0004
-10.4192    1.71824    0.0004
-10.4728    1.6422    0.0004
-10.526    1.56594    0.0004
-10.5728    1.48562    0.0004
-10.6197    1.40529    0.0004
-10.6638    1.32351    0.0004
-10.7042    1.23973    0.0004
-10.9915    1.32655    0.0004
-11.2673    1.20826    0.0004
-12.4073    1.18822    0.0004
-13.059    0.260712    0.0004
-14.224    -0.907969    0.0004
-14.3383    -2.53459    0.0004
-15.5021    -2.43671    0.0004
-14.9937    -3.35931    0.0004
-15.1594    -4.3996    0.0004
-15.8447    -4.3996    0.0004
-16.5301    -4.3996    0.0004
-17.2155    -4.3996    0.0004
-17.9008    -4.3996    0.0004
-18.5862    -4.3996    0.0004
-19.2715    -4.3996    0.0004
-19.9569    -4.3996    0.0004
-20.6422    -4.3996    0.0004
-21.3276    -4.3996    0.0004
-22.0129    -4.3996    0.0004
-22.6983    -4.3996    0.0004
-23.3837    -4.3996    0.0004
-24.069    -4.3996    0.0004
-24.3996    -4.04483    0.0004
-24.3996    -3.35947    0.0004
-24.3996    -2.67411    0.0004
-24.3996    -1.98876    0.0004
-24.3996    -1.3034    0.0004
-24.3996    -0.618042    0.0004
-24.3996    0.0673146    0.0004
-24.3996    0.752671    0.0004
-24.3996    1.43803    0.0004
-24.3996    2.12338    0.0004
-24.3996    2.80874    0.0004
-24.3996    3.4941    0.0004
111111111111 111111111111 0.00000882746
4.17945    14.4004    0.0004
3.4941    14.4004    0.0004
2.80874    14.4004    0.0004
2.12338    14.4004    0.0004
1.43803    14.4004    0.0004
2.15113    13.2656    0.0004
1.45987    12.4752    0.0004
1.34914    10.9621    0.0004
1.99227    9.84348    0.0004
1.70755    8.69582    0.0004
2.57643    7.89381    0.0004
2.19133    6.44877    0.0004
2.69679    5.04131    0.0004
4.11831    4.83699    0.0004
5.46146    4.32867    0.0004
6.58434    3.527    0.0004
7.6896    3.54136    0.0004
8.86618    3.39736    0.0004
9.87958    4.56824    0.0004
10.0507    3.44259    0.0004
10.8282    4.13666    0.0004
11.7849    4.90071    0.0004
11.1396    5.13126    0.0004
10.5088    5.39898    0.0004
9.899    5.71137    0.0004
9.30836    6.05875    0.0004
8.74363    6.44682    0.0004
8.20247    6.86713    0.0004
7.69275    7.32504    0.0004
7.21082    7.81212    0.0004
6.76373    8.33134    0.0004
6.34925    8.87696    0.0004
5.973    9.44958    0.0004
5.63172    10.0438    0.0004
5.33206    10.6599    0.0004
5.07136    11.2936    0.0004
4.85313    11.9431    0.0004
4.6762    12.605    0.0004
4.54325    13.2771    0.0004
4.45402    13.9565    0.0004
4.17945    14.4004    0.0004
111111111111 111111111111 -0.264675
-4.17865    -14.3996    0.0004
-3.4933    -14.3996    0.0004
-2.80794    -14.3996    0.0004
-2.42689    -13.522    0.0004
-3.27556    -13.1446    0.0004
-2.32074    -12.0649    0.0004
-1.77991    -11.2741    0.0004
-1.92276    -9.93368    0.0004
-2.7887    -9.55419    0.0004
-2.4235    -8.68213    0.0004
-3.33182    -8.39962    0.0004
-3.63821    -6.982    0.0004
-4.26414    -6.34339    0.0004
-5.56025    -5.69704    0.0004
-7.38967    -5.26231    0.0004
-8.29985    -5.58712    0.0004
-8.8    -4.76021    0.0004
-9.05807    -3.39084    0.0004
-8.7716    -2.95089    0.0004
-8.86054    -2.92386    0.0004
-8.94915    -2.89564    0.0004
-9.03726    -2.86603    0.0004
-9.12341    -2.83102    0.0004
-9.20956    -2.79601    0.0004
-9.29382    -2.75685    0.0004
-9.3767    -2.71465    0.0004
-9.45957    -2.67246    0.0004
-9.53898    -2.6241    0.0004
-9.61818    -2.57536    0.0004
-9.69611    -2.52472    0.0004
-9.77127    -2.46995    0.0004
-9.84642    -2.41518    0.0004
-9.91815    -2.3561    0.0004
-9.9883    -2.29506    0.0004
-10.0582    -2.23374    0.0004
-10.1233    -2.16737    0.0004
-10.1885    -2.10101    0.0004
-10.2512    -2.03245    0.0004
-10.5655    -2.11211    0.0004
-10.7546    -1.87098    0.0004
-10.5921    -2.40723    0.0004
-11.8808    -2.51397    0.0004
-12.4698    -3.5357    0.0004
-13.1717    -2.58802    0.0004
-13.5615    -1.66258    0.0004
-14.224    -0.907969    0.0004
-14.3383    -2.53459    0.0004
-15.5021    -2.43671    0.0004
-14.9937    -3.35931    0.0004
-15.1594    -4.3996    0.0004
-14.4743    -4.41379    0.0004
-13.7915    -4.47107    0.0004
-13.1134    -4.56957    0.0004
-12.4438    -4.71476    0.0004
-11.7841    -4.89991    0.0004
-11.1388    -5.13046    0.0004
-10.508    -5.39818    0.0004
-9.8982    -5.71057    0.0004
-9.30756    -6.05795    0.0004
-8.74283    -6.44602    0.0004
-8.20167    -6.86633    0.0004
-7.69195    -7.32424    0.0004
-7.21002    -7.81132    0.0004
-6.76293    -8.33054    0.0004
-6.34845    -8.87616    0.0004
-5.9722    -9.44878    0.0004
-5.63092    -10.043    0.0004
-5.33126    -10.6591    0.0004
-5.07056    -11.2928    0.0004
-4.85233    -11.9423    0.0004
-4.6754    -12.6042    0.0004
-4.54245    -13.2763    0.0004
-4.45322    -13.9557    0.0004
-4.17865    -14.3996    0.0004
111111111111 111111111111 -0.263569
-4.52209    13.4094    0.0004
-4.4393    14.0896    0.0004
-4.04483    14.4004    0.0004
-3.20677    13.0438    0.0004
-2.33143    11.9961    0.0004
-2.80919    10.7279    0.0004
-2.4756    9.70611    0.0004
-2.89541    8.60273    0.0004
-3.31066    7.49762    0.0004
-3.80479    6.61189    0.0004
-4.81586    6.69186    0.0004
-5.94299    6.42373    0.0004
-7.02093    5.99906    0.0004
-7.94218    5.9123    0.0004
-8.0545    4.99382    0.0004
-8.77624    4.33007    0.0004
-9.72521    4.08327    0.0004
-9.09217    3.11411    0.0004
-8.85096    2.82233    0.0004
-8.93965    2.79439    0.0004
-9.02809    2.76572    0.0004
-9.11414    2.73045    0.0004
-9.20019    2.69518    0.0004
-9.28481    2.65678    0.0004
-9.3678    2.61483    0.0004
-9.4508    2.57288    0.0004
-9.53062    2.52525    0.0004
-9.60982    2.47651    0.0004
-9.68814    2.42646    0.0004
-9.76315    2.3715    0.0004
-9.83817    2.31653    0.0004
-9.91047    2.25816    0.0004
-9.98078    2.19729    0.0004
-10.0511    2.13642    0.0004
-10.1164    2.0702    0.0004
-10.1814    2.00369    0.0004
-10.2446    1.93564    0.0004
-10.3042    1.86423    0.0004
-10.3638    1.79281    0.0004
-10.7217    2.15191    0.0004
-11.0623    3.68028    0.0004
-11.8717    2.18722    0.0004
-12.4972    3.35944    0.0004
-13.5056    3.48201    0.0004
-14.3407    4.42343    0.0004
-13.6584    4.48633    0.0004
-12.9821    4.59643    0.0004
-12.3138    4.74744    0.0004
-11.6573    4.94369    0.0004
-11.0141    5.17978    0.0004
-10.388    5.45814    0.0004
-9.78095    5.77588    0.0004
-9.19611    6.13283    0.0004
-8.63483    6.52586    0.0004
-8.10051    6.95472    0.0004
-7.59526    7.41757    0.0004
-7.12051    7.91158    0.0004
-6.67918    8.43572    0.0004
-6.27219    8.9869    0.0004
-5.90273    9.56397    0.0004
-5.56895    10.1623    0.0004
-5.27748    10.7824    0.0004
-5.02398    11.419    0.0004
-4.81482    12.0715    0.0004
-4.64479    12.7353    0.0004
-4.52209    13.4094    0.0004
111111111111 111111111111 0.242853
-5.00681    0.128646    0.0004
-5.00133    0.0358532    0.0004
-4.99969    -0.057125    0.0004
-5.00152    -0.150103    0.0004
-5.0076    -0.242865    0.0004
-5.01522    -0.335548    0.0004
-5.02368    -0.428128    0.0004
-5.03887    -0.519875    0.0004
-5.05406    -0.611622    0.0004
-5.07273    -0.702649    0.0004
-5.09521    -0.792886    0.0004
-5.11769    -0.883124    0.0004
-5.14633    -0.971558    0.0004
-5.1761    -1.05966    0.0004
-5.20735    -1.1472    0.0004
-5.24413    -1.23261    0.0004
-5.28091    -1.31802    0.0004
-5.32173    -1.40149    0.0004
-5.36549    -1.48355    0.0004
-5.40925    -1.5656    0.0004
-5.45935    -1.64393    0.0004
-5.50981    -1.72205    0.0004
-5.56212    -1.79887    0.0004
-5.61845    -1.87286    0.0004
-5.67478    -1.94686    0.0004
-5.73523    -2.01743    0.0004
-5.79756    -2.08645    0.0004
-5.86019    -2.15517    0.0004
-5.92789    -2.21893    0.0004
-5.99559    -2.28268    0.0004
-6.06544    -2.34396    0.0004
-6.13824    -2.40183    0.0004
-6.21103    -2.4597    0.0004
-6.28728    -2.51286    0.0004
-6.36442    -2.56479    0.0004
-6.44222    -2.61567    0.0004
-6.52343    -2.66098    0.0004
-6.60463    -2.7063    0.0004
-6.68766    -2.74802    0.0004
-6.7723    -2.78655    0.0004
-6.85694    -2.82508    0.0004
-6.60665    -3.03822    0.0004
-6.31799    -3.12454    0.0004
-5.11493    -3.94228    0.0004
-4.3308    -3.11417    0.0004
-3.23272    -3.42211    0.0004
-2.64325    -2.25024    0.0004
-2.24064    -1.44986    0.0004
-3.26054    -0.675607    0.0004
-2.2403    0.0981896    0.0004
-3.36709    0.52436    0.0004
-4.5662    0.640104    0.0004
-4.74409    0.407159    0.0004
-5.03719    0.405763    0.0004
-5.022    0.314016    0.0004
-5.0144    0.221331    0.0004
-5.00681    0.128646    0.0004
111111111111 111111111111 0.340231
4.52289    -13.4086    0.0004
4.4401    -14.0888    0.0004
4.04563    -14.3996    0.0004
3.36027    -14.3996    0.0004
2.67491    -14.3996    0.0004
2.33223    -12.6987    0.0004
1.64688    -11.1046    0.0004
1.8988    -10.1993    0.0004
2.51352    -9.48858    0.0004
1.89711    -7.87806    0.0004
1.82    -6.52077    0.0004
3.24474    -6.16384    0.0004
2.38651    -5.41015    0.0004
3.58714    -5.07417    0.0004
5.1429    -4.36952    0.0004
6.57493    -3.672    0.0004
7.55135    -2.77829    0.0004
7.40554    -4.42948    0.0004
8.48244    -3.30878    0.0004
9.52404    -3.56059    0.0004
9.60238    -4.67038    0.0004
10.7613    -3.92197    0.0004
11.6581    -4.94289    0.0004
11.0149    -5.17898    0.0004
10.3888    -5.45734    0.0004
9.78175    -5.77508    0.0004
9.19691    -6.13203    0.0004
8.63563    -6.52506    0.0004
8.10131    -6.95392    0.0004
7.59606    -7.41677    0.0004
7.12131    -7.91078    0.0004
6.67998    -8.43492    0.0004
6.27299    -8.9861    0.0004
5.90353    -9.56317    0.0004
5.56975    -10.1615    0.0004
5.27828    -10.7816    0.0004
5.02478    -11.4182    0.0004
4.81562    -12.0707    0.0004
4.64559    -12.7345    0.0004
4.52289    -13.4086    0.0004
111111111111 111111111111 0.249166
-10.99    -0.2964    0.0004
-10.9937    -0.203476    0.0004
-10.9973    -0.110552    0.0004
-10.9982    -0.0176272    0.0004
-10.9946    0.0752974    0.0004
-10.9909    0.168222    0.0004
-10.9815    0.260668    0.0004
-10.9699    0.352946    0.0004
-10.9576    0.445097    0.0004
-10.9387    0.536156    0.0004
-10.9199    0.627215    0.0004
-10.8975    0.717413    0.0004
-10.8714    0.806669    0.0004
-10.8453    0.895925    0.0004
-10.813    0.983077    0.0004
-10.7795    1.06984    0.0004
-10.7445    1.15595    0.0004
-10.7042    1.23973    0.0004
-10.9915    1.32655    0.0004
-11.2673    1.20826    0.0004
-12.4073    1.18822    0.0004
-13.059    0.260712    0.0004
-14.224    -0.907969    0.0004
-13.5615    -1.66258    0.0004
-13.1717    -2.58802    0.0004
-12.4698    -3.5357    0.0004
-11.8808    -2.51397    0.0004
-10.5921    -2.40723    0.0004
-10.7546    -1.87098    0.0004
-10.5655    -2.11211    0.0004
-10.2512    -2.03245    0.0004
-10.3106    -1.96091    0.0004
-10.37    -1.88937    0.0004
-10.4248    -1.81429    0.0004
-10.4784    -1.73825    0.0004
-10.5309    -1.66154    0.0004
-10.5777    -1.58122    0.0004
-10.6246    -1.50089    0.0004
-10.6681    -1.41878    0.0004
-10.7086    -1.33506    0.0004
-10.7491    -1.25134    0.0004
-10.7832    -1.16485    0.0004
-10.8166    -1.07806    0.0004
-10.848    -0.990616    0.0004
-10.8741    -0.90136    0.0004
-10.9003    -0.812104    0.0004
-10.9218    -0.721718    0.0004
-10.9407    -0.630659    0.0004
-10.99    -0.2964    0.0004
111111111111 111111111111 -0.486356
