-12.093798535947712    4.600501    0.2
12.094598535947712    4.600501    0.2
11.7689    4.6956    0.2
11.7667    4.6963    0.2
11.7562    4.6994999    0.2
11.7521    4.7008    0.2
11.7381    4.7054    0.2
11.7363    4.706    0.2
11.3234999    4.846    0.2
11.3217    4.8465999    0.2
11.3114    4.8502    0.2
11.3076    4.8516    0.2
11.2931    4.857    0.2
11.2904    4.858    0.2
10.8832    5.0164    0.2
10.881195921875    5.017163458333334    0.2
-10.880491277820832    5.017163458333334    0.2
-10.8798999    5.0174    0.2
-10.8663    5.0229    0.2
-10.8623    5.0246    0.2
-10.8523    5.0289    0.2
-10.8509    5.0295    0.2
-10.4517    5.2047    0.2
-10.4492999    5.2057    0.2
-10.435    5.2122    0.2
-10.4313    5.214    0.2
-10.4215    5.2187    0.2
-10.4196    5.2196    0.2
-10.0284    5.4124    0.2
-10.0264    5.4134    0.2
-10.012    5.4207    0.2
-10.0071    5.4231999    0.2
-9.9975    5.4284    0.2
-9.9964    5.4291    0.2
-9.987810691381496    5.433825916666667    0.2
9.988610691381496    5.433825916666667    0.2
9.6148    5.6395    0.2
9.6131    5.6404    0.2
9.6035    5.6458    0.2
9.5993    5.6482    0.2
9.5867    5.6557    0.2
9.5852    5.6567    0.2
9.266044333351745    5.850488375    0.2
-9.265299707597173    5.850488375    0.2
-9.2116    5.8831    0.2
-9.2105    5.8837    0.2
-9.198    5.8914    0.2
-9.1936    5.8942    0.2
-9.1844    5.9002    0.2
-9.1827    5.9013    0.2
-8.8195    6.1437    0.2
-8.8168    6.1456    0.2
-8.8045    6.1541    0.2
-8.8013999    6.1562    0.2
-8.7925    6.1626    0.2
-8.7912    6.1636    0.2
-8.649701966873705    6.267150833333334    0.2
8.650501966873705    6.267150833333334    0.2
8.44    6.4212    0.2
8.4381    6.4226    0.2
8.4293    6.4292    0.2
8.4269    6.4311    0.2
8.4145    6.4407    0.2
8.4117    6.4428    0.2
8.111316865224827    6.6838132916666675    0.2
-8.110516865224827    6.6838132916666675    0.2
-8.0709    6.7156    0.2
-8.0687    6.7174    0.2
-8.0566    6.7274    0.2
-8.054    6.7296    0.2
-8.0457    6.7367    0.2
-8.0437    6.7384    0.2
-7.7157    7.0264    0.2
-7.7132    7.0287    0.2
-7.7023    7.0386    0.2
-7.7    7.0407    0.2
-7.692    7.0482    0.2
-7.6905    7.0496    0.2
-7.637330118037133    7.100475750000001    0.2
7.638130118037133    7.100475750000001    0.2
7.3761    7.3512    0.2
7.3757    7.3516    0.2
7.3678    7.3592    0.2
7.3632    7.3638    0.2
7.3524    7.3749    0.2
7.3512    7.3761    0.2
7.216247196594755    7.517138208333334    0.2
-7.215447196594754    7.517138208333334    0.2
-7.0488    7.6913    0.2
-7.0472    7.693    0.2
-7.0371    7.7038    0.2
-7.0346    7.7065    0.2
-7.0273    7.7146    0.2
-7.0256    7.7165    0.2
-6.834799414634146    7.933800666666667    0.2
6.835599414634147    7.933800666666667    0.2
6.7384    8.0445    0.2
6.7367    8.0465    0.2
6.7296    8.0548    0.2
6.7274    8.0574    0.2
6.7174    8.0695    0.2
6.7156    8.0717    0.2
6.491933586764706    8.350463125    0.2
-6.491133586764707    8.350463125    0.2
-6.442    8.4117    0.2
-6.4399    8.4145    0.2
-6.4303    8.4269    0.2
-6.4284    8.4293    0.2
-6.4218    8.4381    0.2
-6.4204    8.44    0.2
-6.1810035503787875    8.767125583333334    0.2
6.181803550378787    8.767125583333334    0.2
6.1636    8.792    0.2
6.1626    8.7933    0.2
6.1562    8.8021999    0.2
6.1541    8.8053    0.2
6.1456    8.8176    0.2
6.1437    8.8203    0.2
5.9013    9.1835    0.2
5.90111362009804    9.183788041666666    0.2
-5.900312772916668    9.183788041666666    0.2
-5.8992    9.1855    0.2
-5.8912    9.1978    0.2
-5.8879    9.2030999    0.2
-5.8823    9.2124    0.2
-5.6559    9.5852    0.2
-5.6548999    9.5867    0.2
-5.6474    9.5993    0.2
-5.646742544035715    9.6004505    0.2
5.647643855468749    9.6004505    0.2
5.641    9.6121    0.2
5.6395    9.6148    0.2
5.4291    9.9972    0.2
5.4284    9.9983    0.2
5.4231999    10.0079    0.2
5.4207    10.0128    0.2
5.418513569733797    10.017112958333334    0.2
-5.417669261666665    10.017112958333334    0.2
-5.417    10.0184    0.2
-5.4116    10.0292    0.2
-5.2188    10.4204    0.2
-5.2176    10.423    0.2
-5.212479730234494    10.433775416666666    0.2
5.2131849324324335    10.433775416666666    0.2
5.2122    10.4358    0.2
5.2057    10.4501    0.2
5.2047    10.4525    0.2
5.030053874838144    10.850437875    0.2
-5.029253874838144    10.850437875    0.2
-5.0287    10.8516999    0.2
-5.0278    10.8538    0.2
-5.0221    10.8672    0.2
-5.0205    10.8709    0.2
-5.0164    10.8811    0.2
-5.0156    10.8832    0.2
-4.866263524557957    11.267100333333333    0.2
4.867063524557956    11.267100333333333    0.2
4.858    11.2904    0.2
4.8576    11.2914999    0.2
4.8537    11.3017    0.2
4.8517    11.3071    0.2
4.8465999    11.3217    0.2
4.846    11.3234999    0.2
4.723817847347098    11.683762791666666    0.2
-4.723017760074132    11.683762791666666    0.2
-4.7051999    11.7363    0.2
-4.7046    11.7381    0.2
-4.7    11.7521    0.2
-4.6987    11.7562    0.2
-4.6955    11.7667    0.2
-4.6948    11.7689    0.2
-4.597999688454198    12.10042525    0.2
4.598799688454199    12.10042525    0.2
4.5732    12.1881    0.2
4.5723    12.1914    0.2
4.5694    12.202    0.2
4.5687    12.2047    0.2
4.5649    12.2194    0.2
4.5643    12.2219    0.2
4.491895450690751    12.517087708333333    0.2
-4.491095450690752    12.517087708333333    0.2
-4.4595    12.6458999    0.2
-4.459    12.648    0.2
-4.4554    12.6634    0.2
-4.4542    12.6686    0.2
-4.452    12.6793    0.2
-4.4517    12.6807    0.2
-4.40146906803995    12.933750166666666    0.2
4.402269068039951    12.933750166666666    0.2
4.3677    13.1079    0.2
4.3676    13.1083    0.2
4.3655    13.119    0.2
4.3644    13.1255    0.2
4.362    13.1403    0.2
4.3617    13.1419    0.2
4.329591376855287    13.350412625    0.2
-4.328791376855287    13.350412625    0.2
-4.2945    13.5731    0.2
-4.2942    13.5756    0.2
-4.292    13.5912    0.2
-4.2914    13.5954    0.2
-4.2901    13.6063    0.2
-4.2899    13.6084    0.2
-4.27265906092695    13.767075083333333    0.2
4.27345906092695    13.767075083333333    0.2
4.2435    14.0428    0.2
4.2433    14.0443    0.2
4.2422    14.0552    0.2
4.2417999    14.06    0.2
4.2407    14.0743    0.2
4.2405    14.0764    0.2
4.233401872244625    14.183737541666668    0.2
-4.23260178568209    14.183737541666668    0.2
1111    1111    1111
-24.1996    3.547601    0.2
24.2003999    3.547601    0.2
24.2003999    4.074    0.2
-24.1996    4.074    0.2
1111    1111    1111
-24.1996    -2.8515989    0.2
-9.548424462589926    -2.8515989    0.2
-9.5551    -2.8482    0.2
-9.5582    -2.8466    0.2
-9.5638    -2.8436    0.2
-9.5692    -2.8403    0.2
-9.7772    -2.7123    0.2
-9.785    -2.7073    0.2
-9.7902    -2.7035999    0.2
-9.9878    -2.5596    0.2
-9.9915    -2.5569    0.2
-9.9964    -2.553    0.2
-10.0013    -2.5489    0.2
-10.1437089639801    -2.4249857066666665    0.2
-24.1996    -2.4249857066666665    0.2
-24.1996    -1.9983725133333334    0.2
-10.539345439599998    -1.9983725133333334    0.2
-10.5426    -1.9942    0.2
-10.5463    -1.9891    0.2
-10.6870999    -1.7891    0.2
-10.6896    -1.7855    0.2
-10.6931    -1.7802    0.2
-10.6964    -1.7748    0.2
-10.814840396666666    -1.5717593200000002    0.2
-24.1996    -1.5717593200000002    0.2
-24.1996    -1.145146126666667    0.2
-11.005074566666666    -1.145146126666667    0.2
-11.0279    -1.0858    0.2
-11.0292    -1.0822    0.2
-11.0313    -1.0762    0.2
-11.0332    -1.0702    0.2
-11.102    -0.835    0.2
-11.1029    -0.8317    0.2
-11.1045    -0.8256    0.2
-11.1058    -0.8194    0.2
-11.126715579041248    -0.7185329333333335    0.2
-24.1996    -0.7185329333333335    0.2
-24.1996    -0.2919197400000001    0.2
-11.190287092196723    -0.2919197400000001    0.2
-11.1994    -0.0603    0.2
-11.1996    -0.0509    0.2
-11.1994    -0.0446    0.2
-11.192368884183006    0.13469345333333327    0.2
-24.1996    0.13469345333333327    0.2
-24.1996    0.5613066466666666    0.2
-11.137752467915274    0.5613066466666666    0.2
-11.1058    0.7154    0.2
-11.1051    0.7187    0.2
-11.1036    0.7249    0.2
-11.102    0.731    0.2
-11.0332    0.9662    0.2
-11.032    0.9701    0.2
-11.03    0.9761    0.2
-11.0277999    0.982    0.2
-11.025515052070105    0.98791984    0.2
-24.1996    0.98791984    0.2
-24.1996    1.4145330333333335    0.2
-10.841970675966184    1.4145330333333335    0.2
-10.827    1.4456    0.2
-10.8227    1.4541    0.2
-10.8196    1.4596    0.2
-10.6964    1.6708    0.2
-10.6941    1.6746    0.2
-10.6907    1.6799    0.2
-10.6870999    1.6851    0.2
-10.57724343444978    1.841146226666667    0.2
-24.1996    1.841146226666667    0.2
-24.1996    2.26775942    0.2
-10.202920932054795    2.26775942    0.2
-10.1978    2.273    0.2
-10.195    2.2758    0.2
-10.1904    2.2801999    0.2
-10.1857    2.2844    0.2
-10.0009    2.4444    0.2
-9.9982    2.4467    0.2
-9.9933    2.4507    0.2
-9.9882    2.4545    0.2
-9.7906    2.5993    0.2
-9.7878    2.6014    0.2
-9.7826    2.6049    0.2
-9.7772    2.6083    0.2
-9.637332003333334    2.6943726133333334    0.2
-24.1996    2.6943726133333334    0.2
-24.1996    3.120985806666667    0.2
-8.398040922272726    3.120985806666667    0.2
1111    1111    1111
-6.454625545637583    -2.8515989    0.2
24.2003999    -2.8515989    0.2
24.2003999    -2.4249857066666665    0.2
-5.8549962264756195    -2.4249857066666665    0.2
-5.7192999    -2.2972    0.2
-5.7148    -2.2928    0.2
-5.7104    -2.2881999    0.2
-5.708    -2.2856    0.2
-5.5439999    -2.104    0.2
-5.5397999    -2.0993    0.2
-5.5358    -2.0944    0.2
-5.5333    -2.0911    0.2
-5.462704999862825    -1.9983725133333334    0.2
24.2003999    -1.9983725133333334    0.2
24.2003999    -1.5717593200000002    0.2
-5.185851637333334    -1.5717593200000002    0.2
-5.1199    -1.4481    0.2
-5.117    -1.4424999    0.2
-5.1143    -1.4368    0.2
-5.1127    -1.4331    0.2
-5.0159    -1.2083    0.2
-5.0134999    -1.2024999    0.2
-5.0113    -1.1964999    0.2
-5.0101    -1.1932    0.2
-4.993861104873564    -1.145146126666667    0.2
24.2003999    -1.145146126666667    0.2
24.2003999    -0.7185329333333335    0.2
-4.8705243672278336    -0.7185329333333335    0.2
-4.8679    -0.708    0.2
-4.8665    -0.7018    0.2
-4.8653    -0.6956    0.2
-4.8647    -0.6923    0.2
-4.8247    -0.4507    0.2
-4.8238    -0.4444    0.2
-4.823    -0.4381    0.2
-4.8227    -0.4344    0.2
-4.810982873355263    -0.2919197400000001    0.2
24.2003999    -0.2919197400000001    0.2
24.2003999    0.13469345333333327    0.2
-4.806666676502733    0.13469345333333327    0.2
-4.8227    0.3303    0.2
-4.8233    0.3366    0.2
-4.8240999    0.3429    0.2
-4.8247    0.3467    0.2
-4.860230901766005    0.5613066466666666    0.2
24.2003999    0.5613066466666666    0.2
24.2003999    0.98791984    0.2
-4.975874290758621    0.98791984    0.2
-5.0101    1.0892    0.2
-5.0122    1.0952    0.2
-5.0146    1.1011    0.2
-5.016    1.1045    0.2
-5.1128    1.3285    0.2
-5.1154    1.3343    0.2
-5.1182    1.34    0.2
-5.1199    1.3433    0.2
-5.157890951111112    1.4145330333333335    0.2
24.2003999    1.4145330333333335    0.2
24.2003999    1.841146226666667    0.2
-5.422182929766803    1.841146226666667    0.2
-5.5333    1.9871    0.2
-5.5372    1.9921    0.2
-5.5412    1.997    0.2
-5.5439999    2.0    0.2
-5.708    2.1816    0.2
-5.7123    2.1863    0.2
-5.7167    2.1908    0.2
-5.7196    2.1934999    0.2
-5.798833794525242    2.26775942    0.2
24.2003999    2.26775942    0.2
24.2003999    2.6943726133333334    0.2
-6.359246897718121    2.6943726133333334    0.2
-6.5453    2.7982    0.2
-6.5509    2.8012    0.2
-6.5566    2.8041    0.2
-6.5599    2.8056    0.2
-6.7831    2.9072    0.2
-6.7889    2.9098    0.2
-6.7948    2.9121    0.2
-6.7979    2.9131999    0.2
-7.0275    2.9964    0.2
-7.0334    2.9985    0.2
-7.0395    3.0004    0.2
-7.0434    3.0015    0.2
-7.2802    3.0655    0.2
-7.2863    3.067    0.2
-7.2925    3.0684    0.2
-7.2957    3.069    0.2
-7.5357    3.1138    0.2
-7.5419    3.1149    0.2
-7.5482    3.1157    0.2
-7.5522    3.1162    0.2
-7.599286162365593    3.120985806666667    0.2
24.2003999    3.120985806666667    0.2
1111    1111    1111
-4.231500561298387    -14.19959    0.2
4.232300661290323    -14.19959    0.2
4.2405    -14.0756    0.2
4.2406    -14.0742    0.2
4.2413999    -14.0633    0.2
4.2419    -14.0584    0.2
4.2433    -14.0441    0.2
4.2435    -14.042    0.2
4.270412440213102    -13.79431432142857    0.2
-4.269612440213102    -13.79431432142857    0.2
-4.2899    -13.6076    0.2
-4.2901    -13.6052    0.2
-4.292    -13.5895    0.2
-4.2928    -13.5842    0.2
-4.2944    -13.5734    0.2
-4.2945    -13.5723    0.2
-4.322721748873575    -13.389028642857143    0.2
4.323521748873575    -13.389028642857143    0.2
4.3617    -13.1411    0.2
4.3621    -13.1386    0.2
4.3639    -13.1278    0.2
4.3644999    -13.1245999    0.2
4.3672    -13.1099    0.2
4.3677    -13.1071    0.2
4.392186602594971    -12.983742964285714    0.2
-4.391386602594971    -12.983742964285714    0.2
-4.4517    -12.6799    0.2
-4.4523    -12.6771999    0.2
-4.4555999    -12.6617    0.2
-4.4565    -12.6574    0.2
-4.459    -12.6468    0.2
-4.4595    -12.6451    0.2
-4.475846326145553    -12.578457285714286    0.2
4.476646326145552    -12.578457285714286    0.2
4.5643    -12.2211    0.2
4.5647    -12.2193    0.2
4.5674    -12.2087    0.2
4.5682    -12.2056    0.2
4.5721999    -12.1908999    0.2
4.5732    -12.1873    0.2
4.5773252750136315    -12.173171607142857    0.2
-4.5765252750136325    -12.173171607142857    0.2
-4.6948    -11.7681    0.2
-4.694867279591836    -11.76788592857143    0.2
4.695668113636363    -11.76788592857143    0.2
4.6963    -11.7659    0.2
4.6994999    -11.7554    0.2
4.7008    -11.7513    0.2
4.7054    -11.7373    0.2
4.706    -11.7355    0.2
4.832467938468993    -11.36260025    0.2
-4.831667928803234    -11.36260025    0.2
-4.8452    -11.3227    0.2
-4.8458    -11.3209    0.2
-4.8509    -11.3063    0.2
-4.8529    -11.3009    0.2
-4.8568    -11.2907    0.2
-4.8572    -11.2896    0.2
-4.9864583788941905    -10.95731457142857    0.2
4.98725837889419    -10.95731457142857    0.2
5.0164    -10.8824    0.2
5.0172    -10.8803    0.2
5.0213    -10.8701    0.2
5.0229    -10.8664    0.2
5.0286    -10.853    0.2
5.0295    -10.8509    0.2
5.16066788068995    -10.552028892857143    0.2
-5.159867880689951    -10.552028892857143    0.2
-5.2039    -10.4517    0.2
-5.2049    -10.4492999    0.2
-5.2114    -10.435    0.2
-5.2131999    -10.4313    0.2
-5.2179    -10.4215    0.2
-5.2188    -10.4196    0.2
-5.353275430178207    -10.146743214285713    0.2
5.354075430178207    -10.146743214285713    0.2
5.4124    -10.0284    0.2
5.4178    -10.0176    0.2
5.4204    -10.0126    0.2
5.428    -9.9984    0.2
5.4291    -9.9964    0.2
5.569371690600718    -9.741457535714286    0.2
-5.568571690600717    -9.741457535714286    0.2
-5.6387    -9.614    0.2
-5.6402    -9.6113    0.2
-5.6475    -9.5985    0.2
-5.6494    -9.5952    0.2
-5.655    -9.5858    0.2
-5.6559    -9.5844    0.2
-5.806647992335991    -9.336171857142856    0.2
5.807421837211086    -9.336171857142856    0.2
5.883    -9.2117    0.2
5.8887    -9.2023    0.2
5.892    -9.1969999    0.2
5.9    -9.1847    0.2
5.9013    -9.1827    0.2
6.069360766283825    -8.930886178571429    0.2
-6.068560766283826    -8.930886178571429    0.2
-6.1429    -8.8195    0.2
-6.1448    -8.8168    0.2
-6.1533    -8.8045    0.2
-6.1554    -8.8013999    0.2
-6.1618    -8.7925    0.2
-6.1628    -8.7912    0.2
-6.357170543181818    -8.5256005    0.2
6.357970543181818    -8.5256005    0.2
6.4212    -8.4392    0.2
6.4226    -8.4373    0.2
6.4292    -8.4285    0.2
6.4311    -8.4261    0.2
6.4407    -8.4137    0.2
6.4428    -8.4109    0.2
6.675951872689077    -8.12031482142857    0.2
-6.675151872689077    -8.12031482142857    0.2
-6.7148    -8.0709    0.2
-6.7166    -8.0687    0.2
-6.7266    -8.0566    0.2
-6.7288    -8.054    0.2
-6.7359    -8.0457    0.2
-6.7376    -8.0437    0.2
-7.0256    -7.7157    0.2
-7.026217188571429    -7.7150291428571425    0.2
7.027000240601504    -7.7150291428571425    0.2
7.0281    -7.7138    0.2
7.0354    -7.7057    0.2
7.0379    -7.703    0.2
7.048    -7.6922    0.2
7.0496    -7.6905    0.2
7.3512    -7.3753    0.2
7.3516    -7.3749    0.2
7.3592    -7.367    0.2
7.3638    -7.3624    0.2
7.3749    -7.3516    0.2
7.3761    -7.3504    0.2
7.418589854300871    -7.309743464285714    0.2
-7.417789854300873    -7.309743464285714    0.2
-7.6905    -7.0488    0.2
-7.6922    -7.0472    0.2
-7.703    -7.0371    0.2
-7.7057    -7.0346    0.2
-7.7138    -7.0273    0.2
-7.7157    -7.0256    0.2
-7.853667521825398    -6.904457785714285    0.2
7.854467521825398    -6.904457785714285    0.2
8.0445    -6.7376    0.2
8.0465    -6.7359    0.2
8.0548    -6.7288    0.2
8.0574    -6.7266    0.2
8.0695    -6.7166    0.2
8.0717    -6.7148    0.2
8.34044444124424    -6.499172107142856    0.2
-8.339644441244241    -6.499172107142856    0.2
-8.4109    -6.442    0.2
-8.4137    -6.4399    0.2
-8.4261    -6.4303    0.2
-8.4285    -6.4284    0.2
-8.4373    -6.4218    0.2
-8.4392    -6.4204    0.2
-8.7912    -6.1628    0.2
-8.7932    -6.1614    0.2
-8.8054    -6.1527    0.2
-8.808    -6.1508    0.2
-8.817    -6.1445999    0.2
-8.8195    -6.1429    0.2
-8.892939476661953    -6.093886428571428    0.2
8.893739476661954    -6.093886428571428    0.2
9.1835    -5.9005    0.2
9.1852    -5.8994    0.2
9.1944    -5.8934    0.2
9.1988    -5.8906    0.2
9.2113    -5.8829    0.2
9.2124    -5.8823    0.2
9.531353535335692    -5.688600749999999    0.2
-9.530544191228461    -5.688600749999999    0.2
-9.5844    -5.6559    0.2
-9.5859    -5.6548999    0.2
-9.5985    -5.6474    0.2
-9.6027    -5.6449999    0.2
-9.6123    -5.6396    0.2
-9.614    -5.6387    0.2
-9.9964    -5.4283    0.2
-9.9984    -5.4272    0.2
-10.0126    -5.4196    0.2
-10.0176    -5.417    0.2
-10.0284    -5.4116    0.2
-10.28869597540012    -5.283315071428571    0.2
10.28949597540012    -5.283315071428571    0.2
10.4204    -5.2188    0.2
10.4223    -5.2179    0.2
10.4321    -5.2131999    0.2
10.4358    -5.2114    0.2
10.4501    -5.2049    0.2
10.4525    -5.2039    0.2
10.8516999    -5.0287    0.2
10.8531    -5.0281    0.2
10.8631    -5.0237999    0.2
10.8671    -5.0221    0.2
10.8806999    -5.0166    0.2
10.8832    -5.0156    0.2
11.236853732503608    -4.878029392857142    0.2
-11.23605373250361    -4.878029392857142    0.2
-11.2896    -4.8572    0.2
-11.2922999    -4.8562    0.2
-11.3068    -4.8507999    0.2
-11.3106    -4.8494    0.2
-11.3209    -4.8458    0.2
-11.3227    -4.8452    0.2
-11.7355    -4.7051999    0.2
-11.7373    -4.7046    0.2
-11.7513    -4.7    0.2
-11.7554    -4.6987    0.2
-11.7659    -4.6955    0.2
-11.7681    -4.6948    0.2
-12.1873    -4.5724    0.2
-12.1908999    -4.5714    0.2
-12.2056    -4.5674    0.2
-12.2087    -4.5666    0.2
-12.2193    -4.5639    0.2
-12.2211    -4.5635    0.2
-12.591106395604399    -4.472743714285714    0.2
12.59190630833874    -4.472743714285714    0.2
12.6458999    -4.4595    0.2
12.6476    -4.459    0.2
12.6582    -4.4565    0.2
12.6625    -4.4555999    0.2
12.678    -4.4523    0.2
12.6807    -4.4517    0.2
13.1079    -4.3669    0.2
13.1083    -4.3667999    0.2
13.119    -4.3647    0.2
13.1255    -4.3636    0.2
13.1403    -4.3612    0.2
13.1419    -4.3609    0.2
13.5731    -4.2945    0.2
13.5742    -4.2944    0.2
13.585    -4.2928    0.2
13.5903    -4.292    0.2
13.606    -4.2901    0.2
13.6084    -4.2899    0.2
14.0428    -4.2427    0.2
14.0443    -4.2425    0.2
14.0552    -4.2413999    0.2
14.06    -4.241    0.2
14.0743    -4.2398999    0.2
14.0764    -4.2397    0.2
14.5116    -4.2109    0.2
14.5138    -4.2108    0.2
14.5247    -4.2102    0.2
14.528    -4.21    0.2
14.5435    -4.2093999    0.2
14.5468    -4.2093    0.2
14.9828    -4.1997    0.2
14.9857    -4.1997    0.2
14.9989    -4.1996    0.2
24.2003999    -4.1996    0.2
24.2003999    -4.067458035714284    0.2
-24.1996    -4.067458035714284    0.2
-24.1996    -3.6621723571428566    0.2
24.2003999    -3.6621723571428566    0.2
24.2003999    -3.256886678571428    0.2
-24.1996    -3.256886678571428    0.2
1111    1111    1111
-12.093798535947712    4.600501    0.4
12.094598535947712    4.600501    0.4
11.7689    4.6956    0.4
11.7667    4.6963    0.4
11.7562    4.6994999    0.4
11.7521    4.7008    0.4
11.7381    4.7054    0.4
11.7363    4.706    0.4
11.3234999    4.846    0.4
11.3217    4.8465999    0.4
11.3114    4.8502    0.4
11.3076    4.8516    0.4
11.2931    4.857    0.4
11.2904    4.858    0.4
10.8832    5.0164    0.4
10.881195921875    5.017163458333334    0.4
-10.880491277820832    5.017163458333334    0.4
-10.8798999    5.0174    0.4
-10.8663    5.0229    0.4
-10.8623    5.0246    0.4
-10.8523    5.0289    0.4
-10.8509    5.0295    0.4
-10.4517    5.2047    0.4
-10.4492999    5.2057    0.4
-10.435    5.2122    0.4
-10.4313    5.214    0.4
-10.4215    5.2187    0.4
-10.4196    5.2196    0.4
-10.0284    5.4124    0.4
-10.0264    5.4134    0.4
-10.012    5.4207    0.4
-10.0071    5.4231999    0.4
-9.9975    5.4284    0.4
-9.9964    5.4291    0.4
-9.987810691381496    5.433825916666667    0.4
9.988610691381496    5.433825916666667    0.4
9.6148    5.6395    0.4
9.6131    5.6404    0.4
9.6035    5.6458    0.4
9.5993    5.6482    0.4
9.5867    5.6557    0.4
9.5852    5.6567    0.4
9.266044333351745    5.850488375    0.4
-9.265299707597173    5.850488375    0.4
-9.2116    5.8831    0.4
-9.2105    5.8837    0.4
-9.198    5.8914    0.4
-9.1936    5.8942    0.4
-9.1844    5.9002    0.4
-9.1827    5.9013    0.4
-8.8195    6.1437    0.4
-8.8168    6.1456    0.4
-8.8045    6.1541    0.4
-8.8013999    6.1562    0.4
-8.7925    6.1626    0.4
-8.7912    6.1636    0.4
-8.649701966873705    6.267150833333334    0.4
8.650501966873705    6.267150833333334    0.4
8.44    6.4212    0.4
8.4381    6.4226    0.4
8.4293    6.4292    0.4
8.4269    6.4311    0.4
8.4145    6.4407    0.4
8.4117    6.4428    0.4
8.111316865224827    6.6838132916666675    0.4
-8.110516865224827    6.6838132916666675    0.4
-8.0709    6.7156    0.4
-8.0687    6.7174    0.4
-8.0566    6.7274    0.4
-8.054    6.7296    0.4
-8.0457    6.7367    0.4
-8.0437    6.7384    0.4
-7.7157    7.0264    0.4
-7.7132    7.0287    0.4
-7.7023    7.0386    0.4
-7.7    7.0407    0.4
-7.692    7.0482    0.4
-7.6905    7.0496    0.4
-7.637330118037133    7.100475750000001    0.4
7.638130118037133    7.100475750000001    0.4
7.3761    7.3512    0.4
7.3757    7.3516    0.4
7.3678    7.3592    0.4
7.3632    7.3638    0.4
7.3524    7.3749    0.4
7.3512    7.3761    0.4
7.216247196594755    7.517138208333334    0.4
-7.215447196594754    7.517138208333334    0.4
-7.0488    7.6913    0.4
-7.0472    7.693    0.4
-7.0371    7.7038    0.4
-7.0346    7.7065    0.4
-7.0273    7.7146    0.4
-7.0256    7.7165    0.4
-6.834799414634146    7.933800666666667    0.4
6.835599414634147    7.933800666666667    0.4
6.7384    8.0445    0.4
6.7367    8.0465    0.4
6.7296    8.0548    0.4
6.7274    8.0574    0.4
6.7174    8.0695    0.4
6.7156    8.0717    0.4
6.491933586764706    8.350463125    0.4
-6.491133586764707    8.350463125    0.4
-6.442    8.4117    0.4
-6.4399    8.4145    0.4
-6.4303    8.4269    0.4
-6.4284    8.4293    0.4
-6.4218    8.4381    0.4
-6.4204    8.44    0.4
-6.1810035503787875    8.767125583333334    0.4
6.181803550378787    8.767125583333334    0.4
6.1636    8.792    0.4
6.1626    8.7933    0.4
6.1562    8.8021999    0.4
6.1541    8.8053    0.4
6.1456    8.8176    0.4
6.1437    8.8203    0.4
5.9013    9.1835    0.4
5.90111362009804    9.183788041666666    0.4
-5.900312772916668    9.183788041666666    0.4
-5.8992    9.1855    0.4
-5.8912    9.1978    0.4
-5.8879    9.2030999    0.4
-5.8823    9.2124    0.4
-5.6559    9.5852    0.4
-5.6548999    9.5867    0.4
-5.6474    9.5993    0.4
-5.646742544035715    9.6004505    0.4
5.647643855468749    9.6004505    0.4
5.641    9.6121    0.4
5.6395    9.6148    0.4
5.4291    9.9972    0.4
5.4284    9.9983    0.4
5.4231999    10.0079    0.4
5.4207    10.0128    0.4
5.418513569733797    10.017112958333334    0.4
-5.417669261666665    10.017112958333334    0.4
-5.417    10.0184    0.4
-5.4116    10.0292    0.4
-5.2188    10.4204    0.4
-5.2176    10.423    0.4
-5.212479730234494    10.433775416666666    0.4
5.2131849324324335    10.433775416666666    0.4
5.2122    10.4358    0.4
5.2057    10.4501    0.4
5.2047    10.4525    0.4
5.030053874838144    10.850437875    0.4
-5.029253874838144    10.850437875    0.4
-5.0287    10.8516999    0.4
-5.0278    10.8538    0.4
-5.0221    10.8672    0.4
-5.0205    10.8709    0.4
-5.0164    10.8811    0.4
-5.0156    10.8832    0.4
-4.866263524557957    11.267100333333333    0.4
4.867063524557956    11.267100333333333    0.4
4.858    11.2904    0.4
4.8576    11.2914999    0.4
4.8537    11.3017    0.4
4.8517    11.3071    0.4
4.8465999    11.3217    0.4
4.846    11.3234999    0.4
4.723817847347098    11.683762791666666    0.4
-4.723017760074132    11.683762791666666    0.4
-4.7051999    11.7363    0.4
-4.7046    11.7381    0.4
-4.7    11.7521    0.4
-4.6987    11.7562    0.4
-4.6955    11.7667    0.4
-4.6948    11.7689    0.4
-4.597999688454198    12.10042525    0.4
4.598799688454199    12.10042525    0.4
4.5732    12.1881    0.4
4.5723    12.1914    0.4
4.5694    12.202    0.4
4.5687    12.2047    0.4
4.5649    12.2194    0.4
4.5643    12.2219    0.4
4.491895450690751    12.517087708333333    0.4
-4.491095450690752    12.517087708333333    0.4
-4.4595    12.6458999    0.4
-4.459    12.648    0.4
-4.4554    12.6634    0.4
-4.4542    12.6686    0.4
-4.452    12.6793    0.4
-4.4517    12.6807    0.4
-4.40146906803995    12.933750166666666    0.4
4.402269068039951    12.933750166666666    0.4
4.3677    13.1079    0.4
4.3676    13.1083    0.4
4.3655    13.119    0.4
4.3644    13.1255    0.4
4.362    13.1403    0.4
4.3617    13.1419    0.4
4.329591376855287    13.350412625    0.4
-4.328791376855287    13.350412625    0.4
-4.2945    13.5731    0.4
-4.2942    13.5756    0.4
-4.292    13.5912    0.4
-4.2914    13.5954    0.4
-4.2901    13.6063    0.4
-4.2899    13.6084    0.4
-4.27265906092695    13.767075083333333    0.4
4.27345906092695    13.767075083333333    0.4
4.2435    14.0428    0.4
4.2433    14.0443    0.4
4.2422    14.0552    0.4
4.2417999    14.06    0.4
4.2407    14.0743    0.4
4.2405    14.0764    0.4
4.233401872244625    14.183737541666668    0.4
-4.23260178568209    14.183737541666668    0.4
1111    1111    1111
-24.1996    3.547601    0.4
24.2003999    3.547601    0.4
24.2003999    4.074    0.4
-24.1996    4.074    0.4
1111    1111    1111
-24.1996    -2.8515989    0.4
-9.548424462589926    -2.8515989    0.4
-9.5551    -2.8482    0.4
-9.5582    -2.8466    0.4
-9.5638    -2.8436    0.4
-9.5692    -2.8403    0.4
-9.7772    -2.7123    0.4
-9.785    -2.7073    0.4
-9.7902    -2.7035999    0.4
-9.9878    -2.5596    0.4
-9.9915    -2.5569    0.4
-9.9964    -2.553    0.4
-10.0013    -2.5489    0.4
-10.1437089639801    -2.4249857066666665    0.4
-24.1996    -2.4249857066666665    0.4
-24.1996    -1.9983725133333334    0.4
-10.539345439599998    -1.9983725133333334    0.4
-10.5426    -1.9942    0.4
-10.5463    -1.9891    0.4
-10.6870999    -1.7891    0.4
-10.6896    -1.7855    0.4
-10.6931    -1.7802    0.4
-10.6964    -1.7748    0.4
-10.814840396666666    -1.5717593200000002    0.4
-24.1996    -1.5717593200000002    0.4
-24.1996    -1.145146126666667    0.4
-11.005074566666666    -1.145146126666667    0.4
-11.0279    -1.0858    0.4
-11.0292    -1.0822    0.4
-11.0313    -1.0762    0.4
-11.0332    -1.0702    0.4
-11.102    -0.835    0.4
-11.1029    -0.8317    0.4
-11.1045    -0.8256    0.4
-11.1058    -0.8194    0.4
-11.126715579041248    -0.7185329333333335    0.4
-24.1996    -0.7185329333333335    0.4
-24.1996    -0.2919197400000001    0.4
-11.190287092196723    -0.2919197400000001    0.4
-11.1994    -0.0603    0.4
-11.1996    -0.0509    0.4
-11.1994    -0.0446    0.4
-11.192368884183006    0.13469345333333327    0.4
-24.1996    0.13469345333333327    0.4
-24.1996    0.5613066466666666    0.4
-11.137752467915274    0.5613066466666666    0.4
-11.1058    0.7154    0.4
-11.1051    0.7187    0.4
-11.1036    0.7249    0.4
-11.102    0.731    0.4
-11.0332    0.9662    0.4
-11.032    0.9701    0.4
-11.03    0.9761    0.4
-11.0277999    0.982    0.4
-11.025515052070105    0.98791984    0.4
-24.1996    0.98791984    0.4
-24.1996    1.4145330333333335    0.4
-10.841970675966184    1.4145330333333335    0.4
-10.827    1.4456    0.4
-10.8227    1.4541    0.4
-10.8196    1.4596    0.4
-10.6964    1.6708    0.4
-10.6941    1.6746    0.4
-10.6907    1.6799    0.4
-10.6870999    1.6851    0.4
-10.57724343444978    1.841146226666667    0.4
-24.1996    1.841146226666667    0.4
-24.1996    2.26775942    0.4
-10.202920932054795    2.26775942    0.4
-10.1978    2.273    0.4
-10.195    2.2758    0.4
-10.1904    2.2801999    0.4
-10.1857    2.2844    0.4
-10.0009    2.4444    0.4
-9.9982    2.4467    0.4
-9.9933    2.4507    0.4
-9.9882    2.4545    0.4
-9.7906    2.5993    0.4
-9.7878    2.6014    0.4
-9.7826    2.6049    0.4
-9.7772    2.6083    0.4
-9.637332003333334    2.6943726133333334    0.4
-24.1996    2.6943726133333334    0.4
-24.1996    3.120985806666667    0.4
-8.398040922272726    3.120985806666667    0.4
1111    1111    1111
-6.454625545637583    -2.8515989    0.4
24.2003999    -2.8515989    0.4
24.2003999    -2.4249857066666665    0.4
-5.8549962264756195    -2.4249857066666665    0.4
-5.7192999    -2.2972    0.4
-5.7148    -2.2928    0.4
-5.7104    -2.2881999    0.4
-5.708    -2.2856    0.4
-5.5439999    -2.104    0.4
-5.5397999    -2.0993    0.4
-5.5358    -2.0944    0.4
-5.5333    -2.0911    0.4
-5.462704999862825    -1.9983725133333334    0.4
24.2003999    -1.9983725133333334    0.4
24.2003999    -1.5717593200000002    0.4
-5.185851637333334    -1.5717593200000002    0.4
-5.1199    -1.4481    0.4
-5.117    -1.4424999    0.4
-5.1143    -1.4368    0.4
-5.1127    -1.4331    0.4
-5.0159    -1.2083    0.4
-5.0134999    -1.2024999    0.4
-5.0113    -1.1964999    0.4
-5.0101    -1.1932    0.4
-4.993861104873564    -1.145146126666667    0.4
24.2003999    -1.145146126666667    0.4
24.2003999    -0.7185329333333335    0.4
-4.8705243672278336    -0.7185329333333335    0.4
-4.8679    -0.708    0.4
-4.8665    -0.7018    0.4
-4.8653    -0.6956    0.4
-4.8647    -0.6923    0.4
-4.8247    -0.4507    0.4
-4.8238    -0.4444    0.4
-4.823    -0.4381    0.4
-4.8227    -0.4344    0.4
-4.810982873355263    -0.2919197400000001    0.4
24.2003999    -0.2919197400000001    0.4
24.2003999    0.13469345333333327    0.4
-4.806666676502733    0.13469345333333327    0.4
-4.8227    0.3303    0.4
-4.8233    0.3366    0.4
-4.8240999    0.3429    0.4
-4.8247    0.3467    0.4
-4.860230901766005    0.5613066466666666    0.4
24.2003999    0.5613066466666666    0.4
24.2003999    0.98791984    0.4
-4.975874290758621    0.98791984    0.4
-5.0101    1.0892    0.4
-5.0122    1.0952    0.4
-5.0146    1.1011    0.4
-5.016    1.1045    0.4
-5.1128    1.3285    0.4
-5.1154    1.3343    0.4
-5.1182    1.34    0.4
-5.1199    1.3433    0.4
-5.157890951111112    1.4145330333333335    0.4
24.2003999    1.4145330333333335    0.4
24.2003999    1.841146226666667    0.4
-5.422182929766803    1.841146226666667    0.4
-5.5333    1.9871    0.4
-5.5372    1.9921    0.4
-5.5412    1.997    0.4
-5.5439999    2.0    0.4
-5.708    2.1816    0.4
-5.7123    2.1863    0.4
-5.7167    2.1908    0.4
-5.7196    2.1934999    0.4
-5.798833794525242    2.26775942    0.4
24.2003999    2.26775942    0.4
24.2003999    2.6943726133333334    0.4
-6.359246897718121    2.6943726133333334    0.4
-6.5453    2.7982    0.4
-6.5509    2.8012    0.4
-6.5566    2.8041    0.4
-6.5599    2.8056    0.4
-6.7831    2.9072    0.4
-6.7889    2.9098    0.4
-6.7948    2.9121    0.4
-6.7979    2.9131999    0.4
-7.0275    2.9964    0.4
-7.0334    2.9985    0.4
-7.0395    3.0004    0.4
-7.0434    3.0015    0.4
-7.2802    3.0655    0.4
-7.2863    3.067    0.4
-7.2925    3.0684    0.4
-7.2957    3.069    0.4
-7.5357    3.1138    0.4
-7.5419    3.1149    0.4
-7.5482    3.1157    0.4
-7.5522    3.1162    0.4
-7.599286162365593    3.120985806666667    0.4
24.2003999    3.120985806666667    0.4
1111    1111    1111
-4.231500561298387    -14.19959    0.4
4.232300661290323    -14.19959    0.4
4.2405    -14.0756    0.4
4.2406    -14.0742    0.4
4.2413999    -14.0633    0.4
4.2419    -14.0584    0.4
4.2433    -14.0441    0.4
4.2435    -14.042    0.4
4.270412440213102    -13.79431432142857    0.4
-4.269612440213102    -13.79431432142857    0.4
-4.2899    -13.6076    0.4
-4.2901    -13.6052    0.4
-4.292    -13.5895    0.4
-4.2928    -13.5842    0.4
-4.2944    -13.5734    0.4
-4.2945    -13.5723    0.4
-4.322721748873575    -13.389028642857143    0.4
4.323521748873575    -13.389028642857143    0.4
4.3617    -13.1411    0.4
4.3621    -13.1386    0.4
4.3639    -13.1278    0.4
4.3644999    -13.1245999    0.4
4.3672    -13.1099    0.4
4.3677    -13.1071    0.4
4.392186602594971    -12.983742964285714    0.4
-4.391386602594971    -12.983742964285714    0.4
-4.4517    -12.6799    0.4
-4.4523    -12.6771999    0.4
-4.4555999    -12.6617    0.4
-4.4565    -12.6574    0.4
-4.459    -12.6468    0.4
-4.4595    -12.6451    0.4
-4.475846326145553    -12.578457285714286    0.4
4.476646326145552    -12.578457285714286    0.4
4.5643    -12.2211    0.4
4.5647    -12.2193    0.4
4.5674    -12.2087    0.4
4.5682    -12.2056    0.4
4.5721999    -12.1908999    0.4
4.5732    -12.1873    0.4
4.5773252750136315    -12.173171607142857    0.4
-4.5765252750136325    -12.173171607142857    0.4
-4.6948    -11.7681    0.4
-4.694867279591836    -11.76788592857143    0.4
4.695668113636363    -11.76788592857143    0.4
4.6963    -11.7659    0.4
4.6994999    -11.7554    0.4
4.7008    -11.7513    0.4
4.7054    -11.7373    0.4
4.706    -11.7355    0.4
4.832467938468993    -11.36260025    0.4
-4.831667928803234    -11.36260025    0.4
-4.8452    -11.3227    0.4
-4.8458    -11.3209    0.4
-4.8509    -11.3063    0.4
-4.8529    -11.3009    0.4
-4.8568    -11.2907    0.4
-4.8572    -11.2896    0.4
-4.9864583788941905    -10.95731457142857    0.4
4.98725837889419    -10.95731457142857    0.4
5.0164    -10.8824    0.4
5.0172    -10.8803    0.4
5.0213    -10.8701    0.4
5.0229    -10.8664    0.4
5.0286    -10.853    0.4
5.0295    -10.8509    0.4
5.16066788068995    -10.552028892857143    0.4
-5.159867880689951    -10.552028892857143    0.4
-5.2039    -10.4517    0.4
-5.2049    -10.4492999    0.4
-5.2114    -10.435    0.4
-5.2131999    -10.4313    0.4
-5.2179    -10.4215    0.4
-5.2188    -10.4196    0.4
-5.353275430178207    -10.146743214285713    0.4
5.354075430178207    -10.146743214285713    0.4
5.4124    -10.0284    0.4
5.4178    -10.0176    0.4
5.4204    -10.0126    0.4
5.428    -9.9984    0.4
5.4291    -9.9964    0.4
5.569371690600718    -9.741457535714286    0.4
-5.568571690600717    -9.741457535714286    0.4
-5.6387    -9.614    0.4
-5.6402    -9.6113    0.4
-5.6475    -9.5985    0.4
-5.6494    -9.5952    0.4
-5.655    -9.5858    0.4
-5.6559    -9.5844    0.4
-5.806647992335991    -9.336171857142856    0.4
5.807421837211086    -9.336171857142856    0.4
5.883    -9.2117    0.4
5.8887    -9.2023    0.4
5.892    -9.1969999    0.4
5.9    -9.1847    0.4
5.9013    -9.1827    0.4
6.069360766283825    -8.930886178571429    0.4
-6.068560766283826    -8.930886178571429    0.4
-6.1429    -8.8195    0.4
-6.1448    -8.8168    0.4
-6.1533    -8.8045    0.4
-6.1554    -8.8013999    0.4
-6.1618    -8.7925    0.4
-6.1628    -8.7912    0.4
-6.357170543181818    -8.5256005    0.4
6.357970543181818    -8.5256005    0.4
6.4212    -8.4392    0.4
6.4226    -8.4373    0.4
6.4292    -8.4285    0.4
6.4311    -8.4261    0.4
6.4407    -8.4137    0.4
6.4428    -8.4109    0.4
6.675951872689077    -8.12031482142857    0.4
-6.675151872689077    -8.12031482142857    0.4
-6.7148    -8.0709    0.4
-6.7166    -8.0687    0.4
-6.7266    -8.0566    0.4
-6.7288    -8.054    0.4
-6.7359    -8.0457    0.4
-6.7376    -8.0437    0.4
-7.0256    -7.7157    0.4
-7.026217188571429    -7.7150291428571425    0.4
7.027000240601504    -7.7150291428571425    0.4
7.0281    -7.7138    0.4
7.0354    -7.7057    0.4
7.0379    -7.703    0.4
7.048    -7.6922    0.4
7.0496    -7.6905    0.4
7.3512    -7.3753    0.4
7.3516    -7.3749    0.4
7.3592    -7.367    0.4
7.3638    -7.3624    0.4
7.3749    -7.3516    0.4
7.3761    -7.3504    0.4
7.418589854300871    -7.309743464285714    0.4
-7.417789854300873    -7.309743464285714    0.4
-7.6905    -7.0488    0.4
-7.6922    -7.0472    0.4
-7.703    -7.0371    0.4
-7.7057    -7.0346    0.4
-7.7138    -7.0273    0.4
-7.7157    -7.0256    0.4
-7.853667521825398    -6.904457785714285    0.4
7.854467521825398    -6.904457785714285    0.4
8.0445    -6.7376    0.4
8.0465    -6.7359    0.4
8.0548    -6.7288    0.4
8.0574    -6.7266    0.4
8.0695    -6.7166    0.4
8.0717    -6.7148    0.4
8.34044444124424    -6.499172107142856    0.4
-8.339644441244241    -6.499172107142856    0.4
-8.4109    -6.442    0.4
-8.4137    -6.4399    0.4
-8.4261    -6.4303    0.4
-8.4285    -6.4284    0.4
-8.4373    -6.4218    0.4
-8.4392    -6.4204    0.4
-8.7912    -6.1628    0.4
-8.7932    -6.1614    0.4
-8.8054    -6.1527    0.4
-8.808    -6.1508    0.4
-8.817    -6.1445999    0.4
-8.8195    -6.1429    0.4
-8.892939476661953    -6.093886428571428    0.4
8.893739476661954    -6.093886428571428    0.4
9.1835    -5.9005    0.4
9.1852    -5.8994    0.4
9.1944    -5.8934    0.4
9.1988    -5.8906    0.4
9.2113    -5.8829    0.4
9.2124    -5.8823    0.4
9.531353535335692    -5.688600749999999    0.4
-9.530544191228461    -5.688600749999999    0.4
-9.5844    -5.6559    0.4
-9.5859    -5.6548999    0.4
-9.5985    -5.6474    0.4
-9.6027    -5.6449999    0.4
-9.6123    -5.6396    0.4
-9.614    -5.6387    0.4
-9.9964    -5.4283    0.4
-9.9984    -5.4272    0.4
-10.0126    -5.4196    0.4
-10.0176    -5.417    0.4
-10.0284    -5.4116    0.4
-10.28869597540012    -5.283315071428571    0.4
10.28949597540012    -5.283315071428571    0.4
10.4204    -5.2188    0.4
10.4223    -5.2179    0.4
10.4321    -5.2131999    0.4
10.4358    -5.2114    0.4
10.4501    -5.2049    0.4
10.4525    -5.2039    0.4
10.8516999    -5.0287    0.4
10.8531    -5.0281    0.4
10.8631    -5.0237999    0.4
10.8671    -5.0221    0.4
10.8806999    -5.0166    0.4
10.8832    -5.0156    0.4
11.236853732503608    -4.878029392857142    0.4
-11.23605373250361    -4.878029392857142    0.4
-11.2896    -4.8572    0.4
-11.2922999    -4.8562    0.4
-11.3068    -4.8507999    0.4
-11.3106    -4.8494    0.4
-11.3209    -4.8458    0.4
-11.3227    -4.8452    0.4
-11.7355    -4.7051999    0.4
-11.7373    -4.7046    0.4
-11.7513    -4.7    0.4
-11.7554    -4.6987    0.4
-11.7659    -4.6955    0.4
-11.7681    -4.6948    0.4
-12.1873    -4.5724    0.4
-12.1908999    -4.5714    0.4
-12.2056    -4.5674    0.4
-12.2087    -4.5666    0.4
-12.2193    -4.5639    0.4
-12.2211    -4.5635    0.4
-12.591106395604399    -4.472743714285714    0.4
12.59190630833874    -4.472743714285714    0.4
12.6458999    -4.4595    0.4
12.6476    -4.459    0.4
12.6582    -4.4565    0.4
12.6625    -4.4555999    0.4
12.678    -4.4523    0.4
12.6807    -4.4517    0.4
13.1079    -4.3669    0.4
13.1083    -4.3667999    0.4
13.119    -4.3647    0.4
13.1255    -4.3636    0.4
13.1403    -4.3612    0.4
13.1419    -4.3609    0.4
13.5731    -4.2945    0.4
13.5742    -4.2944    0.4
13.585    -4.2928    0.4
13.5903    -4.292    0.4
13.606    -4.2901    0.4
13.6084    -4.2899    0.4
14.0428    -4.2427    0.4
14.0443    -4.2425    0.4
14.0552    -4.2413999    0.4
14.06    -4.241    0.4
14.0743    -4.2398999    0.4
14.0764    -4.2397    0.4
14.5116    -4.2109    0.4
14.5138    -4.2108    0.4
14.5247    -4.2102    0.4
14.528    -4.21    0.4
14.5435    -4.2093999    0.4
14.5468    -4.2093    0.4
14.9828    -4.1997    0.4
14.9857    -4.1997    0.4
14.9989    -4.1996    0.4
24.2003999    -4.1996    0.4
24.2003999    -4.067458035714284    0.4
-24.1996    -4.067458035714284    0.4
-24.1996    -3.6621723571428566    0.4
24.2003999    -3.6621723571428566    0.4
24.2003999    -3.256886678571428    0.4
-24.1996    -3.256886678571428    0.4
1111    1111    1111
11    1111    0.6