-7.49    -0.38599998    0.0004
-7.4996    0.0004    0.0004
-7.49    0.3868    0.0004
-7.4596    0.7716    0.0004
-7.41    1.1547999    0.0004
-7.3412    1.5347999    0.0004
-7.2524    1.9108    0.0004
-7.1443996    2.2812    0.0004
-7.0172    2.646    0.0004
-6.8715997    3.0036    0.0004
-6.7084    3.3539999    0.0004
-6.5267997    3.6948    0.0004
-6.3276    4.026    0.0004
-6.1124    4.3459997    0.0004
-5.8803997    4.6548    0.0004
-5.6331997    4.9516    0.0004
-5.3708    5.2348    0.0004
-5.094    5.5044    0.0004
-4.8044    5.7595997    0.0004
-4.5011997    5.9988    0.0004
-4.1868    6.2228    0.0004
-3.8604    6.43    0.0004
-3.5244    6.6204    0.0004
-3.1787999    6.7932    0.0004
-2.8251998    6.9476    0.0004
-2.4636    7.0843997    0.0004
-2.0956    7.2012    0.0004
-1.722    7.2995996    0.0004
-1.3443999    7.3788    0.0004
-0.96279997    7.4379997    0.0004
-0.57879996    7.4779997    0.0004
-0.1924    7.4979997    0.0004
0.19319999    7.4979997    0.0004
0.5796    7.4779997    0.0004
0.9636    7.4379997    0.0004
1.3452    7.3788    0.0004
1.7227999    7.2995996    0.0004
2.0964    7.2012    0.0004
2.4644    7.0843997    0.0004
2.826    6.9476    0.0004
3.1796    6.7932    0.0004
3.5252    6.6204    0.0004
3.8611999    6.43    0.0004
4.1875997    6.2228    0.0004
4.502    5.9988    0.0004
4.8052    5.7595997    0.0004
5.0948    5.5044    0.0004
5.3715997    5.2348    0.0004
5.634    4.9516    0.0004
5.8812    4.6548    0.0004
6.1131997    4.3459997    0.0004
6.3283997    4.026    0.0004
6.5276    3.6948    0.0004
6.7092    3.3539999    0.0004
6.8724    3.0036    0.0004
7.0179996    2.646    0.0004
7.1452    2.2812    0.0004
7.2532    1.9108    0.0004
7.342    1.5347999    0.0004
7.4108    1.1547999    0.0004
7.4603996    0.7716    0.0004
7.4908    0.3868    0.0004
7.5003996    0.0004    0.0004
7.4908    -0.38599998    0.0004
7.4603996    -0.7708    0.0004
7.4108    -1.1539999    0.0004
7.342    -1.5339999    0.0004
7.2532    -1.91    0.0004
7.1452    -2.2804    0.0004
7.0179996    -2.6452    0.0004
6.8724    -3.0028    0.0004
6.7092    -3.3532    0.0004
6.5276    -3.694    0.0004
6.3283997    -4.0252    0.0004
6.1131997    -4.3452    0.0004
5.8812    -4.654    0.0004
5.634    -4.9508    0.0004
5.3715997    -5.2339997    0.0004
5.0948    -5.5035996    0.0004
4.8052    -5.7588    0.0004
4.502    -5.9979997    0.0004
4.1875997    -6.2219996    0.0004
3.8611999    -6.4291997    0.0004
3.5252    -6.6196    0.0004
3.1796    -6.7924    0.0004
2.826    -6.9467998    0.0004
2.4644    -7.0836    0.0004
2.0964    -7.2004    0.0004
1.7227999    -7.2988    0.0004
1.3452    -7.378    0.0004
0.9636    -7.4371996    0.0004
0.5796    -7.4772    0.0004
0.19319999    -7.4972    0.0004
-0.1924    -7.4972    0.0004
-0.57879996    -7.4772    0.0004
-0.96279997    -7.4371996    0.0004
-1.3443999    -7.378    0.0004
-1.722    -7.2988    0.0004
-2.0956    -7.2004    0.0004
-2.4636    -7.0836    0.0004
-2.8251998    -6.9467998    0.0004
-3.1787999    -6.7924    0.0004
-3.5244    -6.6196    0.0004
-3.8604    -6.4291997    0.0004
-4.1868    -6.2219996    0.0004
-4.5011997    -5.9979997    0.0004
-4.8044    -5.7588    0.0004
-5.094    -5.5035996    0.0004
-5.3708    -5.2339997    0.0004
-5.6331997    -4.9508    0.0004
-5.8803997    -4.654    0.0004
-6.1124    -4.3452    0.0004
-6.3276    -4.0252    0.0004
-6.5267997    -3.694    0.0004
-6.7084    -3.3532    0.0004
-6.8715997    -3.0028    0.0004
-7.0172    -2.6452    0.0004
-7.1443996    -2.2804    0.0004
-7.2524    -1.91    0.0004
-7.3412    -1.5339999    0.0004
-7.41    -1.1539999    0.0004
-7.4596    -0.7708    0.0004
-7.49    -0.38599998    0.0004