-10.99    -0.29639998    0.2
-10.999599    -0.0524    0.2
-10.99    0.1924    0.2
-10.9595995    0.43559998    0.2
-10.91    0.6748    0.2
-10.8412    0.90999997    0.2
-10.7532    1.138    0.2
-10.6468    1.3587999    0.2
-10.5236    1.5699999    0.2
-10.3828    1.77    0.2
-10.226    1.958    0.2
-10.0548    2.1332    0.2
-9.87    2.2932    0.2
-9.6723995    2.438    0.2
-9.464399    2.566    0.2
-9.245999    2.6764    0.2
-9.0196    2.7691998    0.2
-8.786    2.8428    0.2
-8.5476    2.8971999    0.2
-8.3052    2.9324    0.2
-8.0604    2.9476    0.2
-7.8163996    2.942    0.2
-7.5723996    2.9171999    0.2
-7.3324    2.8724    0.2
-7.0955997    2.8084    0.2
-6.8659997    2.7252    0.2
-6.6428    2.6236    0.2
-6.4291997    2.5044    0.2
-6.226    2.3676    0.2
-6.0348    2.2148    0.2
-5.8564    2.0476    0.2
-5.6924    1.8659999    0.2
-5.5443997    1.6716    0.2
-5.4115996    1.4652    0.2
-5.2964    1.2492    0.2
-5.1995997    1.0252    0.2
-5.1212    0.79319996    0.2
-5.062    0.5556    0.2
-5.022    0.31399998    0.2
-5.002    0.07    0.2
-4.9996    -0.0524    0.2
-5.002    -0.1748    0.2
-5.022    -0.41799998    0.2
-5.062    -0.65959996    0.2
-5.1212    -0.8972    0.2
-5.1995997    -1.1292    0.2
-5.2964    -1.354    0.2
-5.4115996    -1.5699999    0.2
-5.5443997    -1.7756    0.2
-5.6924    -1.9699999    0.2
-5.8564    -2.1516    0.2
-6.0348    -2.3195999    0.2
-6.226    -2.4716    0.2
-6.4291997    -2.6083999    0.2
-6.6428    -2.7275999    0.2
-6.8659997    -2.8292    0.2
-7.0955997    -2.9124    0.2
-7.3324    -2.9772    0.2
-7.5723996    -3.0212    0.2
-7.8163996    -3.0468    0.2
-8.0604    -3.0516    0.2
-8.3052    -3.0363998    0.2
-8.5476    -3.0019999    0.2
-8.786    -2.9476    0.2
-9.0196    -2.8732    0.2
-9.245999    -2.7812    0.2
-9.464399    -2.6699998    0.2
-9.6723995    -2.5419998    0.2
-9.87    -2.398    0.2
-10.0548    -2.2372    0.2
-10.226    -2.0628    0.2
-10.3828    -1.874    0.2
-10.5236    -1.6739999    0.2
-10.6468    -1.4627999    0.2
-10.7532    -1.2428    0.2
-10.8412    -1.0139999    0.2
-10.91    -0.77879995    0.2
-10.9595995    -0.5396    0.2
-10.99    -0.29639998    0.4
-10.999599    -0.0524    0.4
-10.99    0.1924    0.4
-10.9595995    0.43559998    0.4
-10.91    0.6748    0.4
-10.8412    0.90999997    0.4
-10.7532    1.138    0.4
-10.6468    1.3587999    0.4
-10.5236    1.5699999    0.4
-10.3828    1.77    0.4
-10.226    1.958    0.4
-10.0548    2.1332    0.4
-9.87    2.2932    0.4
-9.6723995    2.438    0.4
-9.464399    2.566    0.4
-9.245999    2.6764    0.4
-9.0196    2.7691998    0.4
-8.786    2.8428    0.4
-8.5476    2.8971999    0.4
-8.3052    2.9324    0.4
-8.0604    2.9476    0.4
-7.8163996    2.942    0.4
-7.5723996    2.9171999    0.4
-7.3324    2.8724    0.4
-7.0955997    2.8084    0.4
-6.8659997    2.7252    0.4
-6.6428    2.6236    0.4
-6.4291997    2.5044    0.4
-6.226    2.3676    0.4
-6.0348    2.2148    0.4
-5.8564    2.0476    0.4
-5.6924    1.8659999    0.4
-5.5443997    1.6716    0.4
-5.4115996    1.4652    0.4
-5.2964    1.2492    0.4
-5.1995997    1.0252    0.4
-5.1212    0.79319996    0.4
-5.062    0.5556    0.4
-5.022    0.31399998    0.4
-5.002    0.07    0.4
-4.9996    -0.0524    0.4
-5.002    -0.1748    0.4
-5.022    -0.41799998    0.4
-5.062    -0.65959996    0.4
-5.1212    -0.8972    0.4
-5.1995997    -1.1292    0.4
-5.2964    -1.354    0.4
-5.4115996    -1.5699999    0.4
-5.5443997    -1.7756    0.4
-5.6924    -1.9699999    0.4
-5.8564    -2.1516    0.4
-6.0348    -2.3195999    0.4
-6.226    -2.4716    0.4
-6.4291997    -2.6083999    0.4
-6.6428    -2.7275999    0.4
-6.8659997    -2.8292    0.4
-7.0955997    -2.9124    0.4
-7.3324    -2.9772    0.4
-7.5723996    -3.0212    0.4
-7.8163996    -3.0468    0.4
-8.0604    -3.0516    0.4
-8.3052    -3.0363998    0.4
-8.5476    -3.0019999    0.4
-8.786    -2.9476    0.4
-9.0196    -2.8732    0.4
-9.245999    -2.7812    0.4
-9.464399    -2.6699998    0.4
-9.6723995    -2.5419998    0.4
-9.87    -2.398    0.4
-10.0548    -2.2372    0.4
-10.226    -2.0628    0.4
-10.3828    -1.874    0.4
-10.5236    -1.6739999    0.4
-10.6468    -1.4627999    0.4
-10.7532    -1.2428    0.4
-10.8412    -1.0139999    0.4
-10.91    -0.77879995    0.4
-10.9595995    -0.5396    0.4
-10.99    -0.29639998    0.6000000000000001
-10.999599    -0.0524    0.6000000000000001
-10.99    0.1924    0.6000000000000001
-10.9595995    0.43559998    0.6000000000000001
-10.91    0.6748    0.6000000000000001
-10.8412    0.90999997    0.6000000000000001
-10.7532    1.138    0.6000000000000001
-10.6468    1.3587999    0.6000000000000001
-10.5236    1.5699999    0.6000000000000001
-10.3828    1.77    0.6000000000000001
-10.226    1.958    0.6000000000000001
-10.0548    2.1332    0.6000000000000001
-9.87    2.2932    0.6000000000000001
-9.6723995    2.438    0.6000000000000001
-9.464399    2.566    0.6000000000000001
-9.245999    2.6764    0.6000000000000001
-9.0196    2.7691998    0.6000000000000001
-8.786    2.8428    0.6000000000000001
-8.5476    2.8971999    0.6000000000000001
-8.3052    2.9324    0.6000000000000001
-8.0604    2.9476    0.6000000000000001
-7.8163996    2.942    0.6000000000000001
-7.5723996    2.9171999    0.6000000000000001
-7.3324    2.8724    0.6000000000000001
-7.0955997    2.8084    0.6000000000000001
-6.8659997    2.7252    0.6000000000000001
-6.6428    2.6236    0.6000000000000001
-6.4291997    2.5044    0.6000000000000001
-6.226    2.3676    0.6000000000000001
-6.0348    2.2148    0.6000000000000001
-5.8564    2.0476    0.6000000000000001
-5.6924    1.8659999    0.6000000000000001
-5.5443997    1.6716    0.6000000000000001
-5.4115996    1.4652    0.6000000000000001
-5.2964    1.2492    0.6000000000000001
-5.1995997    1.0252    0.6000000000000001
-5.1212    0.79319996    0.6000000000000001
-5.062    0.5556    0.6000000000000001
-5.022    0.31399998    0.6000000000000001
-5.002    0.07    0.6000000000000001
-4.9996    -0.0524    0.6000000000000001
-5.002    -0.1748    0.6000000000000001
-5.022    -0.41799998    0.6000000000000001
-5.062    -0.65959996    0.6000000000000001
-5.1212    -0.8972    0.6000000000000001
-5.1995997    -1.1292    0.6000000000000001
-5.2964    -1.354    0.6000000000000001
-5.4115996    -1.5699999    0.6000000000000001
-5.5443997    -1.7756    0.6000000000000001
-5.6924    -1.9699999    0.6000000000000001
-5.8564    -2.1516    0.6000000000000001
-6.0348    -2.3195999    0.6000000000000001
-6.226    -2.4716    0.6000000000000001
-6.4291997    -2.6083999    0.6000000000000001
-6.6428    -2.7275999    0.6000000000000001
-6.8659997    -2.8292    0.6000000000000001
-7.0955997    -2.9124    0.6000000000000001
-7.3324    -2.9772    0.6000000000000001
-7.5723996    -3.0212    0.6000000000000001
-7.8163996    -3.0468    0.6000000000000001
-8.0604    -3.0516    0.6000000000000001
-8.3052    -3.0363998    0.6000000000000001
-8.5476    -3.0019999    0.6000000000000001
-8.786    -2.9476    0.6000000000000001
-9.0196    -2.8732    0.6000000000000001
-9.245999    -2.7812    0.6000000000000001
-9.464399    -2.6699998    0.6000000000000001
-9.6723995    -2.5419998    0.6000000000000001
-9.87    -2.398    0.6000000000000001
-10.0548    -2.2372    0.6000000000000001
-10.226    -2.0628    0.6000000000000001
-10.3828    -1.874    0.6000000000000001
-10.5236    -1.6739999    0.6000000000000001
-10.6468    -1.4627999    0.6000000000000001
-10.7532    -1.2428    0.6000000000000001
-10.8412    -1.0139999    0.6000000000000001
-10.91    -0.77879995    0.6000000000000001
-10.9595995    -0.5396    0.6000000000000001
-10.99    -0.29639998    0.8
-10.999599    -0.0524    0.8
-10.99    0.1924    0.8
-10.9595995    0.43559998    0.8
-10.91    0.6748    0.8
-10.8412    0.90999997    0.8
-10.7532    1.138    0.8
-10.6468    1.3587999    0.8
-10.5236    1.5699999    0.8
-10.3828    1.77    0.8
-10.226    1.958    0.8
-10.0548    2.1332    0.8
-9.87    2.2932    0.8
-9.6723995    2.438    0.8
-9.464399    2.566    0.8
-9.245999    2.6764    0.8
-9.0196    2.7691998    0.8
-8.786    2.8428    0.8
-8.5476    2.8971999    0.8
-8.3052    2.9324    0.8
-8.0604    2.9476    0.8
-7.8163996    2.942    0.8
-7.5723996    2.9171999    0.8
-7.3324    2.8724    0.8
-7.0955997    2.8084    0.8
-6.8659997    2.7252    0.8
-6.6428    2.6236    0.8
-6.4291997    2.5044    0.8
-6.226    2.3676    0.8
-6.0348    2.2148    0.8
-5.8564    2.0476    0.8
-5.6924    1.8659999    0.8
-5.5443997    1.6716    0.8
-5.4115996    1.4652    0.8
-5.2964    1.2492    0.8
-5.1995997    1.0252    0.8
-5.1212    0.79319996    0.8
-5.062    0.5556    0.8
-5.022    0.31399998    0.8
-5.002    0.07    0.8
-4.9996    -0.0524    0.8
-5.002    -0.1748    0.8
-5.022    -0.41799998    0.8
-5.062    -0.65959996    0.8
-5.1212    -0.8972    0.8
-5.1995997    -1.1292    0.8
-5.2964    -1.354    0.8
-5.4115996    -1.5699999    0.8
-5.5443997    -1.7756    0.8
-5.6924    -1.9699999    0.8
-5.8564    -2.1516    0.8
-6.0348    -2.3195999    0.8
-6.226    -2.4716    0.8
-6.4291997    -2.6083999    0.8
-6.6428    -2.7275999    0.8
-6.8659997    -2.8292    0.8
-7.0955997    -2.9124    0.8
-7.3324    -2.9772    0.8
-7.5723996    -3.0212    0.8
-7.8163996    -3.0468    0.8
-8.0604    -3.0516    0.8
-8.3052    -3.0363998    0.8
-8.5476    -3.0019999    0.8
-8.786    -2.9476    0.8
-9.0196    -2.8732    0.8
-9.245999    -2.7812    0.8
-9.464399    -2.6699998    0.8
-9.6723995    -2.5419998    0.8
-9.87    -2.398    0.8
-10.0548    -2.2372    0.8
-10.226    -2.0628    0.8
-10.3828    -1.874    0.8
-10.5236    -1.6739999    0.8
-10.6468    -1.4627999    0.8
-10.7532    -1.2428    0.8
-10.8412    -1.0139999    0.8
-10.91    -0.77879995    0.8
-10.9595995    -0.5396    0.8
-10.99    -0.29639998    1.0
-10.999599    -0.0524    1.0
-10.99    0.1924    1.0
-10.9595995    0.43559998    1.0
-10.91    0.6748    1.0
-10.8412    0.90999997    1.0
-10.7532    1.138    1.0
-10.6468    1.3587999    1.0
-10.5236    1.5699999    1.0
-10.3828    1.77    1.0
-10.226    1.958    1.0
-10.0548    2.1332    1.0
-9.87    2.2932    1.0
-9.6723995    2.438    1.0
-9.464399    2.566    1.0
-9.245999    2.6764    1.0
-9.0196    2.7691998    1.0
-8.786    2.8428    1.0
-8.5476    2.8971999    1.0
-8.3052    2.9324    1.0
-8.0604    2.9476    1.0
-7.8163996    2.942    1.0
-7.5723996    2.9171999    1.0
-7.3324    2.8724    1.0
-7.0955997    2.8084    1.0
-6.8659997    2.7252    1.0
-6.6428    2.6236    1.0
-6.4291997    2.5044    1.0
-6.226    2.3676    1.0
-6.0348    2.2148    1.0
-5.8564    2.0476    1.0
-5.6924    1.8659999    1.0
-5.5443997    1.6716    1.0
-5.4115996    1.4652    1.0
-5.2964    1.2492    1.0
-5.1995997    1.0252    1.0
-5.1212    0.79319996    1.0
-5.062    0.5556    1.0
-5.022    0.31399998    1.0
-5.002    0.07    1.0
-4.9996    -0.0524    1.0
-5.002    -0.1748    1.0
-5.022    -0.41799998    1.0
-5.062    -0.65959996    1.0
-5.1212    -0.8972    1.0
-5.1995997    -1.1292    1.0
-5.2964    -1.354    1.0
-5.4115996    -1.5699999    1.0
-5.5443997    -1.7756    1.0
-5.6924    -1.9699999    1.0
-5.8564    -2.1516    1.0
-6.0348    -2.3195999    1.0
-6.226    -2.4716    1.0
-6.4291997    -2.6083999    1.0
-6.6428    -2.7275999    1.0
-6.8659997    -2.8292    1.0
-7.0955997    -2.9124    1.0
-7.3324    -2.9772    1.0
-7.5723996    -3.0212    1.0
-7.8163996    -3.0468    1.0
-8.0604    -3.0516    1.0
-8.3052    -3.0363998    1.0
-8.5476    -3.0019999    1.0
-8.786    -2.9476    1.0
-9.0196    -2.8732    1.0
-9.245999    -2.7812    1.0
-9.464399    -2.6699998    1.0
-9.6723995    -2.5419998    1.0
-9.87    -2.398    1.0
-10.0548    -2.2372    1.0
-10.226    -2.0628    1.0
-10.3828    -1.874    1.0
-10.5236    -1.6739999    1.0
-10.6468    -1.4627999    1.0
-10.7532    -1.2428    1.0
-10.8412    -1.0139999    1.0
-10.91    -0.77879995    1.0
-10.9595995    -0.5396    1.0
-10.99    -0.29639998    1.2
-10.999599    -0.0524    1.2
-10.99    0.1924    1.2
-10.9595995    0.43559998    1.2
-10.91    0.6748    1.2
-10.8412    0.90999997    1.2
-10.7532    1.138    1.2
-10.6468    1.3587999    1.2
-10.5236    1.5699999    1.2
-10.3828    1.77    1.2
-10.226    1.958    1.2
-10.0548    2.1332    1.2
-9.87    2.2932    1.2
-9.6723995    2.438    1.2
-9.464399    2.566    1.2
-9.245999    2.6764    1.2
-9.0196    2.7691998    1.2
-8.786    2.8428    1.2
-8.5476    2.8971999    1.2
-8.3052    2.9324    1.2
-8.0604    2.9476    1.2
-7.8163996    2.942    1.2
-7.5723996    2.9171999    1.2
-7.3324    2.8724    1.2
-7.0955997    2.8084    1.2
-6.8659997    2.7252    1.2
-6.6428    2.6236    1.2
-6.4291997    2.5044    1.2
-6.226    2.3676    1.2
-6.0348    2.2148    1.2
-5.8564    2.0476    1.2
-5.6924    1.8659999    1.2
-5.5443997    1.6716    1.2
-5.4115996    1.4652    1.2
-5.2964    1.2492    1.2
-5.1995997    1.0252    1.2
-5.1212    0.79319996    1.2
-5.062    0.5556    1.2
-5.022    0.31399998    1.2
-5.002    0.07    1.2
-4.9996    -0.0524    1.2
-5.002    -0.1748    1.2
-5.022    -0.41799998    1.2
-5.062    -0.65959996    1.2
-5.1212    -0.8972    1.2
-5.1995997    -1.1292    1.2
-5.2964    -1.354    1.2
-5.4115996    -1.5699999    1.2
-5.5443997    -1.7756    1.2
-5.6924    -1.9699999    1.2
-5.8564    -2.1516    1.2
-6.0348    -2.3195999    1.2
-6.226    -2.4716    1.2
-6.4291997    -2.6083999    1.2
-6.6428    -2.7275999    1.2
-6.8659997    -2.8292    1.2
-7.0955997    -2.9124    1.2
-7.3324    -2.9772    1.2
-7.5723996    -3.0212    1.2
-7.8163996    -3.0468    1.2
-8.0604    -3.0516    1.2
-8.3052    -3.0363998    1.2
-8.5476    -3.0019999    1.2
-8.786    -2.9476    1.2
-9.0196    -2.8732    1.2
-9.245999    -2.7812    1.2
-9.464399    -2.6699998    1.2
-9.6723995    -2.5419998    1.2
-9.87    -2.398    1.2
-10.0548    -2.2372    1.2
-10.226    -2.0628    1.2
-10.3828    -1.874    1.2
-10.5236    -1.6739999    1.2
-10.6468    -1.4627999    1.2
-10.7532    -1.2428    1.2
-10.8412    -1.0139999    1.2
-10.91    -0.77879995    1.2
-10.9595995    -0.5396    1.2
-10.99    -0.29639998    1.4
-10.999599    -0.0524    1.4
-10.99    0.1924    1.4
-10.9595995    0.43559998    1.4
-10.91    0.6748    1.4
-10.8412    0.90999997    1.4
-10.7532    1.138    1.4
-10.6468    1.3587999    1.4
-10.5236    1.5699999    1.4
-10.3828    1.77    1.4
-10.226    1.958    1.4
-10.0548    2.1332    1.4
-9.87    2.2932    1.4
-9.6723995    2.438    1.4
-9.464399    2.566    1.4
-9.245999    2.6764    1.4
-9.0196    2.7691998    1.4
-8.786    2.8428    1.4
-8.5476    2.8971999    1.4
-8.3052    2.9324    1.4
-8.0604    2.9476    1.4
-7.8163996    2.942    1.4
-7.5723996    2.9171999    1.4
-7.3324    2.8724    1.4
-7.0955997    2.8084    1.4
-6.8659997    2.7252    1.4
-6.6428    2.6236    1.4
-6.4291997    2.5044    1.4
-6.226    2.3676    1.4
-6.0348    2.2148    1.4
-5.8564    2.0476    1.4
-5.6924    1.8659999    1.4
-5.5443997    1.6716    1.4
-5.4115996    1.4652    1.4
-5.2964    1.2492    1.4
-5.1995997    1.0252    1.4
-5.1212    0.79319996    1.4
-5.062    0.5556    1.4
-5.022    0.31399998    1.4
-5.002    0.07    1.4
-4.9996    -0.0524    1.4
-5.002    -0.1748    1.4
-5.022    -0.41799998    1.4
-5.062    -0.65959996    1.4
-5.1212    -0.8972    1.4
-5.1995997    -1.1292    1.4
-5.2964    -1.354    1.4
-5.4115996    -1.5699999    1.4
-5.5443997    -1.7756    1.4
-5.6924    -1.9699999    1.4
-5.8564    -2.1516    1.4
-6.0348    -2.3195999    1.4
-6.226    -2.4716    1.4
-6.4291997    -2.6083999    1.4
-6.6428    -2.7275999    1.4
-6.8659997    -2.8292    1.4
-7.0955997    -2.9124    1.4
-7.3324    -2.9772    1.4
-7.5723996    -3.0212    1.4
-7.8163996    -3.0468    1.4
-8.0604    -3.0516    1.4
-8.3052    -3.0363998    1.4
-8.5476    -3.0019999    1.4
-8.786    -2.9476    1.4
-9.0196    -2.8732    1.4
-9.245999    -2.7812    1.4
-9.464399    -2.6699998    1.4
-9.6723995    -2.5419998    1.4
-9.87    -2.398    1.4
-10.0548    -2.2372    1.4
-10.226    -2.0628    1.4
-10.3828    -1.874    1.4
-10.5236    -1.6739999    1.4
-10.6468    -1.4627999    1.4
-10.7532    -1.2428    1.4
-10.8412    -1.0139999    1.4
-10.91    -0.77879995    1.4
-10.9595995    -0.5396    1.4
-10.99    -0.29639998    1.5999999999999999
-10.999599    -0.0524    1.5999999999999999
-10.99    0.1924    1.5999999999999999
-10.9595995    0.43559998    1.5999999999999999
-10.91    0.6748    1.5999999999999999
-10.8412    0.90999997    1.5999999999999999
-10.7532    1.138    1.5999999999999999
-10.6468    1.3587999    1.5999999999999999
-10.5236    1.5699999    1.5999999999999999
-10.3828    1.77    1.5999999999999999
-10.226    1.958    1.5999999999999999
-10.0548    2.1332    1.5999999999999999
-9.87    2.2932    1.5999999999999999
-9.6723995    2.438    1.5999999999999999
-9.464399    2.566    1.5999999999999999
-9.245999    2.6764    1.5999999999999999
-9.0196    2.7691998    1.5999999999999999
-8.786    2.8428    1.5999999999999999
-8.5476    2.8971999    1.5999999999999999
-8.3052    2.9324    1.5999999999999999
-8.0604    2.9476    1.5999999999999999
-7.8163996    2.942    1.5999999999999999
-7.5723996    2.9171999    1.5999999999999999
-7.3324    2.8724    1.5999999999999999
-7.0955997    2.8084    1.5999999999999999
-6.8659997    2.7252    1.5999999999999999
-6.6428    2.6236    1.5999999999999999
-6.4291997    2.5044    1.5999999999999999
-6.226    2.3676    1.5999999999999999
-6.0348    2.2148    1.5999999999999999
-5.8564    2.0476    1.5999999999999999
-5.6924    1.8659999    1.5999999999999999
-5.5443997    1.6716    1.5999999999999999
-5.4115996    1.4652    1.5999999999999999
-5.2964    1.2492    1.5999999999999999
-5.1995997    1.0252    1.5999999999999999
-5.1212    0.79319996    1.5999999999999999
-5.062    0.5556    1.5999999999999999
-5.022    0.31399998    1.5999999999999999
-5.002    0.07    1.5999999999999999
-4.9996    -0.0524    1.5999999999999999
-5.002    -0.1748    1.5999999999999999
-5.022    -0.41799998    1.5999999999999999
-5.062    -0.65959996    1.5999999999999999
-5.1212    -0.8972    1.5999999999999999
-5.1995997    -1.1292    1.5999999999999999
-5.2964    -1.354    1.5999999999999999
-5.4115996    -1.5699999    1.5999999999999999
-5.5443997    -1.7756    1.5999999999999999
-5.6924    -1.9699999    1.5999999999999999
-5.8564    -2.1516    1.5999999999999999
-6.0348    -2.3195999    1.5999999999999999
-6.226    -2.4716    1.5999999999999999
-6.4291997    -2.6083999    1.5999999999999999
-6.6428    -2.7275999    1.5999999999999999
-6.8659997    -2.8292    1.5999999999999999
-7.0955997    -2.9124    1.5999999999999999
-7.3324    -2.9772    1.5999999999999999
-7.5723996    -3.0212    1.5999999999999999
-7.8163996    -3.0468    1.5999999999999999
-8.0604    -3.0516    1.5999999999999999
-8.3052    -3.0363998    1.5999999999999999
-8.5476    -3.0019999    1.5999999999999999
-8.786    -2.9476    1.5999999999999999
-9.0196    -2.8732    1.5999999999999999
-9.245999    -2.7812    1.5999999999999999
-9.464399    -2.6699998    1.5999999999999999
-9.6723995    -2.5419998    1.5999999999999999
-9.87    -2.398    1.5999999999999999
-10.0548    -2.2372    1.5999999999999999
-10.226    -2.0628    1.5999999999999999
-10.3828    -1.874    1.5999999999999999
-10.5236    -1.6739999    1.5999999999999999
-10.6468    -1.4627999    1.5999999999999999
-10.7532    -1.2428    1.5999999999999999
-10.8412    -1.0139999    1.5999999999999999
-10.91    -0.77879995    1.5999999999999999
-10.9595995    -0.5396    1.5999999999999999
-10.99    -0.29639998    1.7999999999999998
-10.999599    -0.0524    1.7999999999999998
-10.99    0.1924    1.7999999999999998
-10.9595995    0.43559998    1.7999999999999998
-10.91    0.6748    1.7999999999999998
-10.8412    0.90999997    1.7999999999999998
-10.7532    1.138    1.7999999999999998
-10.6468    1.3587999    1.7999999999999998
-10.5236    1.5699999    1.7999999999999998
-10.3828    1.77    1.7999999999999998
-10.226    1.958    1.7999999999999998
-10.0548    2.1332    1.7999999999999998
-9.87    2.2932    1.7999999999999998
-9.6723995    2.438    1.7999999999999998
-9.464399    2.566    1.7999999999999998
-9.245999    2.6764    1.7999999999999998
-9.0196    2.7691998    1.7999999999999998
-8.786    2.8428    1.7999999999999998
-8.5476    2.8971999    1.7999999999999998
-8.3052    2.9324    1.7999999999999998
-8.0604    2.9476    1.7999999999999998
-7.8163996    2.942    1.7999999999999998
-7.5723996    2.9171999    1.7999999999999998
-7.3324    2.8724    1.7999999999999998
-7.0955997    2.8084    1.7999999999999998
-6.8659997    2.7252    1.7999999999999998
-6.6428    2.6236    1.7999999999999998
-6.4291997    2.5044    1.7999999999999998
-6.226    2.3676    1.7999999999999998
-6.0348    2.2148    1.7999999999999998
-5.8564    2.0476    1.7999999999999998
-5.6924    1.8659999    1.7999999999999998
-5.5443997    1.6716    1.7999999999999998
-5.4115996    1.4652    1.7999999999999998
-5.2964    1.2492    1.7999999999999998
-5.1995997    1.0252    1.7999999999999998
-5.1212    0.79319996    1.7999999999999998
-5.062    0.5556    1.7999999999999998
-5.022    0.31399998    1.7999999999999998
-5.002    0.07    1.7999999999999998
-4.9996    -0.0524    1.7999999999999998
-5.002    -0.1748    1.7999999999999998
-5.022    -0.41799998    1.7999999999999998
-5.062    -0.65959996    1.7999999999999998
-5.1212    -0.8972    1.7999999999999998
-5.1995997    -1.1292    1.7999999999999998
-5.2964    -1.354    1.7999999999999998
-5.4115996    -1.5699999    1.7999999999999998
-5.5443997    -1.7756    1.7999999999999998
-5.6924    -1.9699999    1.7999999999999998
-5.8564    -2.1516    1.7999999999999998
-6.0348    -2.3195999    1.7999999999999998
-6.226    -2.4716    1.7999999999999998
-6.4291997    -2.6083999    1.7999999999999998
-6.6428    -2.7275999    1.7999999999999998
-6.8659997    -2.8292    1.7999999999999998
-7.0955997    -2.9124    1.7999999999999998
-7.3324    -2.9772    1.7999999999999998
-7.5723996    -3.0212    1.7999999999999998
-7.8163996    -3.0468    1.7999999999999998
-8.0604    -3.0516    1.7999999999999998
-8.3052    -3.0363998    1.7999999999999998
-8.5476    -3.0019999    1.7999999999999998
-8.786    -2.9476    1.7999999999999998
-9.0196    -2.8732    1.7999999999999998
-9.245999    -2.7812    1.7999999999999998
-9.464399    -2.6699998    1.7999999999999998
-9.6723995    -2.5419998    1.7999999999999998
-9.87    -2.398    1.7999999999999998
-10.0548    -2.2372    1.7999999999999998
-10.226    -2.0628    1.7999999999999998
-10.3828    -1.874    1.7999999999999998
-10.5236    -1.6739999    1.7999999999999998
-10.6468    -1.4627999    1.7999999999999998
-10.7532    -1.2428    1.7999999999999998
-10.8412    -1.0139999    1.7999999999999998
-10.91    -0.77879995    1.7999999999999998
-10.9595995    -0.5396    1.7999999999999998
-10.99    -0.29639998    1.9999999999999998
-10.999599    -0.0524    1.9999999999999998
-10.99    0.1924    1.9999999999999998
-10.9595995    0.43559998    1.9999999999999998
-10.91    0.6748    1.9999999999999998
-10.8412    0.90999997    1.9999999999999998
-10.7532    1.138    1.9999999999999998
-10.6468    1.3587999    1.9999999999999998
-10.5236    1.5699999    1.9999999999999998
-10.3828    1.77    1.9999999999999998
-10.226    1.958    1.9999999999999998
-10.0548    2.1332    1.9999999999999998
-9.87    2.2932    1.9999999999999998
-9.6723995    2.438    1.9999999999999998
-9.464399    2.566    1.9999999999999998
-9.245999    2.6764    1.9999999999999998
-9.0196    2.7691998    1.9999999999999998
-8.786    2.8428    1.9999999999999998
-8.5476    2.8971999    1.9999999999999998
-8.3052    2.9324    1.9999999999999998
-8.0604    2.9476    1.9999999999999998
-7.8163996    2.942    1.9999999999999998
-7.5723996    2.9171999    1.9999999999999998
-7.3324    2.8724    1.9999999999999998
-7.0955997    2.8084    1.9999999999999998
-6.8659997    2.7252    1.9999999999999998
-6.6428    2.6236    1.9999999999999998
-6.4291997    2.5044    1.9999999999999998
-6.226    2.3676    1.9999999999999998
-6.0348    2.2148    1.9999999999999998
-5.8564    2.0476    1.9999999999999998
-5.6924    1.8659999    1.9999999999999998
-5.5443997    1.6716    1.9999999999999998
-5.4115996    1.4652    1.9999999999999998
-5.2964    1.2492    1.9999999999999998
-5.1995997    1.0252    1.9999999999999998
-5.1212    0.79319996    1.9999999999999998
-5.062    0.5556    1.9999999999999998
-5.022    0.31399998    1.9999999999999998
-5.002    0.07    1.9999999999999998
-4.9996    -0.0524    1.9999999999999998
-5.002    -0.1748    1.9999999999999998
-5.022    -0.41799998    1.9999999999999998
-5.062    -0.65959996    1.9999999999999998
-5.1212    -0.8972    1.9999999999999998
-5.1995997    -1.1292    1.9999999999999998
-5.2964    -1.354    1.9999999999999998
-5.4115996    -1.5699999    1.9999999999999998
-5.5443997    -1.7756    1.9999999999999998
-5.6924    -1.9699999    1.9999999999999998
-5.8564    -2.1516    1.9999999999999998
-6.0348    -2.3195999    1.9999999999999998
-6.226    -2.4716    1.9999999999999998
-6.4291997    -2.6083999    1.9999999999999998
-6.6428    -2.7275999    1.9999999999999998
-6.8659997    -2.8292    1.9999999999999998
-7.0955997    -2.9124    1.9999999999999998
-7.3324    -2.9772    1.9999999999999998
-7.5723996    -3.0212    1.9999999999999998
-7.8163996    -3.0468    1.9999999999999998
-8.0604    -3.0516    1.9999999999999998
-8.3052    -3.0363998    1.9999999999999998
-8.5476    -3.0019999    1.9999999999999998
-8.786    -2.9476    1.9999999999999998
-9.0196    -2.8732    1.9999999999999998
-9.245999    -2.7812    1.9999999999999998
-9.464399    -2.6699998    1.9999999999999998
-9.6723995    -2.5419998    1.9999999999999998
-9.87    -2.398    1.9999999999999998
-10.0548    -2.2372    1.9999999999999998
-10.226    -2.0628    1.9999999999999998
-10.3828    -1.874    1.9999999999999998
-10.5236    -1.6739999    1.9999999999999998
-10.6468    -1.4627999    1.9999999999999998
-10.7532    -1.2428    1.9999999999999998
-10.8412    -1.0139999    1.9999999999999998
-10.91    -0.77879995    1.9999999999999998
-10.9595995    -0.5396    1.9999999999999998
