4.4401    -14.0888    0.0004
4.4409    -14.0779    0.0004
4.4423    -14.0636    0.0004
4.4895    -13.6292    0.0004
4.4908    -13.6183    0.0004
4.493    -13.6027    0.0004
4.5594    -13.1715    0.0004
4.5612    -13.1607    0.0004
4.5639    -13.146    0.0004
4.6487    -12.7188    0.0004
4.6509    -12.7081    0.0004
4.6545    -12.6927    0.0004
4.7585    -12.2687    0.0004
4.7612    -12.2581    0.0004
4.7652    -12.2434    0.0004
4.8876    -11.8242    0.0004
4.8908    -11.8137    0.0004
4.8954    -11.7997    0.0004
5.0354    -11.3869    0.0004
5.039    -11.3766    0.0004
5.0444    -11.3621    0.0004
5.2028    -10.9549    0.0004
5.2069    -10.9447    0.0004
5.2126    -10.9313    0.0004
5.3878    -10.5321    0.0004
5.3923    -10.5221    0.0004
5.399    -10.508    0.0004
5.5918    -10.1168    0.0004
5.5967    -10.107    0.0004
5.6043    -10.0928    0.0004
5.8147    -9.7104    0.0004
5.8201    -9.7008    0.0004
5.8276    -9.6882    0.0004
6.054    -9.3154    0.0004
6.0597    -9.306    0.0004
6.0677    -9.2937    0.0004
6.3101    -8.9305    0.0004
6.3163    -8.9215    0.0004
6.325    -8.9093    0.0004
6.5826    -8.5573    0.0004
6.5892    -8.5485    0.0004
6.5988    -8.5361    0.0004
6.8716    -8.1961    0.0004
6.8785    -8.1876    0.0004
6.8887    -8.1757    0.0004
7.1767    -7.8477    0.0004
7.184    -7.8396    0.0004
7.1941    -7.8288    0.0004
7.4957    -7.5136    0.0004
7.5033    -7.5057    0.0004
7.5144    -7.4949    0.0004
7.8296    -7.1933    0.0004
7.8376    -7.1858    0.0004
7.8485    -7.1759    0.0004
8.1765    -6.8879    0.0004
8.1848    -6.8808    0.0004
8.1969    -6.8708    0.0004
8.5369    -6.598    0.0004
8.5455    -6.5912    0.0004
8.5581    -6.5818    0.0004
8.9101    -6.3242    0.0004
8.919    -6.3178    0.0004
8.9313    -6.3093    0.0004
9.2945    -6.0669    0.0004
9.3037    -6.0609    0.0004
9.3162    -6.0532    0.0004
9.689    -5.8268    0.0004
9.6984    -5.8212    0.0004
9.7112    -5.8139    0.0004
10.0936    -5.6035    0.0004
10.1032    -5.5983    0.0004
10.1176    -5.591    0.0004
10.5088    -5.3982    0.0004
10.5186    -5.3935    0.0004
10.5329    -5.387    0.0004
10.9321    -5.2118    0.0004
10.9421    -5.2075    0.0004
10.9557    -5.202    0.0004
11.3629    -5.0436    0.0004
11.3731    -5.0397    0.0004
11.3877    -5.0346    0.0004
11.8005    -4.8946    0.0004
11.8109    -4.8912    0.0004
11.825    -4.8868    0.0004
12.2442    -4.7644    0.0004
12.2548    -4.7615    0.0004
12.2695    -4.7577    0.0004
12.6935    -4.6537    0.0004
12.7041    -4.6512    0.0004
12.7196    -4.6479    0.0004
13.1468    -4.5631    0.0004
13.1575    -4.561    0.0004
13.1723    -4.5586    0.0004
13.6035    -4.4922    0.0004
13.6143    -4.4906    0.0004
13.63    -4.4887    0.0004
14.0644    -4.4415    0.0004
14.0753    -4.4404    0.0004
14.0896    -4.4393    0.0004
14.5248    -4.4105    0.0004
14.5357    -4.4099    0.0004
14.5512    -4.4093    0.0004
14.9872    -4.3997    0.0004
15.0004    -4.3996    0.0004
24.4004    -4.3996    0.0004
24.4004    4.4004    0.0004
15.0004    4.4004    0.0004
14.9872    4.4005    0.0004
14.5512    4.4101    0.0004
14.5402    4.4105    0.0004
14.5248    4.4113    0.0004
14.0896    4.4401    0.0004
14.0787    4.4409    0.0004
14.0644    4.4423    0.0004
13.63    4.4895    0.0004
13.6191    4.4908    0.0004
13.6035    4.493    0.0004
13.1723    4.5594    0.0004
13.1615    4.5612    0.0004
13.1468    4.5639    0.0004
12.7196    4.6487    0.0004
12.7089    4.6509    0.0004
12.6935    4.6545    0.0004
12.2695    4.7585    0.0004
12.2589    4.7612    0.0004
12.2442    4.7652    0.0004
11.825    4.8876    0.0004
11.8145    4.8908    0.0004
11.8005    4.8954    0.0004
11.3877    5.0354    0.0004
11.3774    5.039    0.0004
11.3629    5.0444    0.0004
10.9557    5.2028    0.0004
10.9455    5.2069    0.0004
10.9321    5.2126    0.0004
10.5329    5.3878    0.0004
10.5229    5.3923    0.0004
10.5088    5.399    0.0004
10.1176    5.5918    0.0004
10.1078    5.5967    0.0004
10.0936    5.6043    0.0004
9.7112    5.8147    0.0004
9.7016    5.8201    0.0004
9.689    5.8276    0.0004
9.3162    6.054    0.0004
9.3068    6.0597    0.0004
9.2945    6.0677    0.0004
8.9313    6.3101    0.0004
8.9223    6.3163    0.0004
8.9101    6.325    0.0004
8.5581    6.5826    0.0004
8.5493    6.5892    0.0004
8.5369    6.5988    0.0004
8.1969    6.8716    0.0004
8.1884    6.8785    0.0004
8.1765    6.8887    0.0004
7.8485    7.1767    0.0004
7.8404    7.184    0.0004
7.8296    7.1941    0.0004
7.5144    7.4957    0.0004
7.5065    7.5033    0.0004
7.4957    7.5144    0.0004
7.1941    7.8296    0.0004
7.1866    7.8376    0.0004
7.1767    7.8485    0.0004
6.8887    8.1765    0.0004
6.8816    8.1848    0.0004
6.8716    8.1969    0.0004
6.5988    8.5369    0.0004
6.592    8.5455    0.0004
6.5826    8.5581    0.0004
6.325    8.9101    0.0004
6.3186    8.919    0.0004
6.3101    8.9313    0.0004
6.0677    9.2945    0.0004
6.0617    9.3037    0.0004
6.054    9.3162    0.0004
5.8276    9.689    0.0004
5.822    9.6984    0.0004
5.8147    9.7112    0.0004
5.6043    10.0936    0.0004
5.5991    10.1032    0.0004
5.5918    10.1176    0.0004
5.399    10.5088    0.0004
5.3943    10.5186    0.0004
5.3878    10.5329    0.0004
5.2126    10.9321    0.0004
5.2083    10.9421    0.0004
5.2028    10.9557    0.0004
5.0444    11.3629    0.0004
5.0405    11.3731    0.0004
5.0354    11.3877    0.0004
4.8954    11.8005    0.0004
4.892    11.8109    0.0004
4.8876    11.825    0.0004
4.7652    12.2442    0.0004
4.7623    12.2548    0.0004
4.7585    12.2695    0.0004
4.6545    12.6935    0.0004
4.652    12.7041    0.0004
4.6487    12.7196    0.0004
4.5639    13.1468    0.0004
4.5618    13.1575    0.0004
4.5594    13.1723    0.0004
4.493    13.6035    0.0004
4.4914    13.6143    0.0004
4.4895    13.63    0.0004
4.4423    14.0644    0.0004
4.4412    14.0753    0.0004
4.4401    14.0896    0.0004
4.4195    14.4004    0.0004
-4.4187    14.4004    0.0004
-4.4393    14.0896    0.0004
-4.4401    14.0787    0.0004
-4.4415    14.0644    0.0004
-4.4887    13.63    0.0004
-4.49    13.6191    0.0004
-4.4922    13.6035    0.0004
-4.5586    13.1723    0.0004
-4.5604    13.1615    0.0004
-4.5631    13.1468    0.0004
-4.6479    12.7196    0.0004
-4.6501    12.7089    0.0004
-4.6537    12.6935    0.0004
-4.7577    12.2695    0.0004
-4.7604    12.2589    0.0004
-4.7644    12.2442    0.0004
-4.8868    11.825    0.0004
-4.89    11.8145    0.0004
-4.8946    11.8005    0.0004
-5.0346    11.3877    0.0004
-5.0382    11.3774    0.0004
-5.0436    11.3629    0.0004
-5.202    10.9557    0.0004
-5.2061    10.9455    0.0004
-5.2118    10.9321    0.0004
-5.387    10.5329    0.0004
-5.3915    10.5229    0.0004
-5.3982    10.5088    0.0004
-5.591    10.1176    0.0004
-5.5959    10.1078    0.0004
-5.6035    10.0936    0.0004
-5.8139    9.7112    0.0004
-5.8193    9.7016    0.0004
-5.8268    9.689    0.0004
-6.0532    9.3162    0.0004
-6.0589    9.3068    0.0004
-6.0669    9.2945    0.0004
-6.3093    8.9313    0.0004
-6.3155    8.9223    0.0004
-6.3242    8.9101    0.0004
-6.5818    8.5581    0.0004
-6.5884    8.5493    0.0004
-6.598    8.5369    0.0004
-6.8708    8.1969    0.0004
-6.8777    8.1884    0.0004
-6.8879    8.1765    0.0004
-7.1759    7.8485    0.0004
-7.1832    7.8404    0.0004
-7.1933    7.8296    0.0004
-7.4949    7.5144    0.0004
-7.5025    7.5065    0.0004
-7.5136    7.4957    0.0004
-7.8288    7.1941    0.0004
-7.8368    7.1866    0.0004
-7.8477    7.1767    0.0004
-8.1757    6.8887    0.0004
-8.184    6.8816    0.0004
-8.1961    6.8716    0.0004
-8.5361    6.5988    0.0004
-8.5447    6.592    0.0004
-8.5573    6.5826    0.0004
-8.9093    6.325    0.0004
-8.9182    6.3186    0.0004
-8.9305    6.3101    0.0004
-9.2937    6.0677    0.0004
-9.3029    6.0617    0.0004
-9.3154    6.054    0.0004
-9.6882    5.8276    0.0004
-9.6976    5.822    0.0004
-9.7104    5.8147    0.0004
-10.0928    5.6043    0.0004
-10.1024    5.5991    0.0004
-10.1168    5.5918    0.0004
-10.508    5.399    0.0004
-10.5178    5.3943    0.0004
-10.5321    5.3878    0.0004
-10.9313    5.2126    0.0004
-10.9413    5.2083    0.0004
-10.9549    5.2028    0.0004
-11.3621    5.0444    0.0004
-11.3723    5.0405    0.0004
-11.3869    5.0354    0.0004
-11.7997    4.8954    0.0004
-11.8101    4.892    0.0004
-11.8242    4.8876    0.0004
-12.2434    4.7652    0.0004
-12.254    4.7623    0.0004
-12.2687    4.7585    0.0004
-12.6927    4.6545    0.0004
-12.7033    4.652    0.0004
-12.7188    4.6487    0.0004
-13.146    4.5639    0.0004
-13.1567    4.5618    0.0004
-13.1715    4.5594    0.0004
-13.6027    4.493    0.0004
-13.6135    4.4914    0.0004
-13.6292    4.4895    0.0004
-14.0636    4.4423    0.0004
-14.0745    4.4412    0.0004
-14.0888    4.4401    0.0004
-14.524    4.4113    0.0004
-14.5349    4.4107    0.0004
-14.5504    4.4101    0.0004
-14.9864    4.4005    0.0004
-14.9996    4.4004    0.0004
-24.3996    4.4004    0.0004
-24.3996    -4.3996    0.0004
-14.9996    -4.3996    0.0004
-14.9864    -4.3997    0.0004
-14.5504    -4.4093    0.0004
-14.5394    -4.4097    0.0004
-14.524    -4.4105    0.0004
-14.0888    -4.4393    0.0004
-14.0779    -4.4401    0.0004
-14.0636    -4.4415    0.0004
-13.6292    -4.4887    0.0004
-13.6183    -4.49    0.0004
-13.6027    -4.4922    0.0004
-13.1715    -4.5586    0.0004
-13.1607    -4.5604    0.0004
-13.146    -4.5631    0.0004
-12.7188    -4.6479    0.0004
-12.7081    -4.6501    0.0004
-12.6927    -4.6537    0.0004
-12.2687    -4.7577    0.0004
-12.2581    -4.7604    0.0004
-12.2434    -4.7644    0.0004
-11.8242    -4.8868    0.0004
-11.8137    -4.89    0.0004
-11.7997    -4.8946    0.0004
-11.3869    -5.0346    0.0004
-11.3766    -5.0382    0.0004
-11.3621    -5.0436    0.0004
-10.9549    -5.202    0.0004
-10.9447    -5.2061    0.0004
-10.9313    -5.2118    0.0004
-10.5321    -5.387    0.0004
-10.5221    -5.3915    0.0004
-10.508    -5.3982    0.0004
-10.1168    -5.591    0.0004
-10.107    -5.5959    0.0004
-10.0928    -5.6035    0.0004
-9.7104    -5.8139    0.0004
-9.7008    -5.8193    0.0004
-9.6882    -5.8268    0.0004
-9.3154    -6.0532    0.0004
-9.306    -6.0589    0.0004
-9.2937    -6.0669    0.0004
-8.9305    -6.3093    0.0004
-8.9215    -6.3155    0.0004
-8.9093    -6.3242    0.0004
-8.5573    -6.5818    0.0004
-8.5485    -6.5884    0.0004
-8.5361    -6.598    0.0004
-8.1961    -6.8708    0.0004
-8.1876    -6.8777    0.0004
-8.1757    -6.8879    0.0004
-7.8477    -7.1759    0.0004
-7.8396    -7.1832    0.0004
-7.8288    -7.1933    0.0004
-7.5136    -7.4949    0.0004
-7.5057    -7.5025    0.0004
-7.4949    -7.5136    0.0004
-7.1933    -7.8288    0.0004
-7.1858    -7.8368    0.0004
-7.1759    -7.8477    0.0004
-6.8879    -8.1757    0.0004
-6.8808    -8.184    0.0004
-6.8708    -8.1961    0.0004
-6.598    -8.5361    0.0004
-6.5912    -8.5447    0.0004
-6.5818    -8.5573    0.0004
-6.3242    -8.9093    0.0004
-6.3178    -8.9182    0.0004
-6.3093    -8.9305    0.0004
-6.0669    -9.2937    0.0004
-6.0609    -9.3029    0.0004
-6.0532    -9.3154    0.0004
-5.8268    -9.6882    0.0004
-5.8212    -9.6976    0.0004
-5.8139    -9.7104    0.0004
-5.6035    -10.0928    0.0004
-5.5983    -10.1024    0.0004
-5.591    -10.1168    0.0004
-5.3982    -10.508    0.0004
-5.3935    -10.5178    0.0004
-5.387    -10.5321    0.0004
-5.2118    -10.9313    0.0004
-5.2075    -10.9413    0.0004
-5.202    -10.9549    0.0004
-5.0436    -11.3621    0.0004
-5.0397    -11.3723    0.0004
-5.0346    -11.3869    0.0004
-4.8946    -11.7997    0.0004
-4.8912    -11.8101    0.0004
-4.8868    -11.8242    0.0004
-4.7644    -12.2434    0.0004
-4.7615    -12.254    0.0004
-4.7577    -12.2687    0.0004
-4.6537    -12.6927    0.0004
-4.6512    -12.7033    0.0004
-4.6479    -12.7188    0.0004
-4.5631    -13.146    0.0004
-4.561    -13.1567    0.0004
-4.5586    -13.1715    0.0004
-4.4922    -13.6027    0.0004
-4.4906    -13.6135    0.0004
-4.4887    -13.6292    0.0004
-4.4415    -14.0636    0.0004
-4.4404    -14.0745    0.0004
-4.4393    -14.0888    0.0004
-4.4187    -14.3996    0.0004
4.4195    -14.3996    0.0004
4.4401    -14.0888    0.0004
