4.99801    -14.9996    0.0004
5.0282    -14.2886    0.0004
5.10375    -13.5787    0.0004
5.22921    -12.8758    0.0004
5.40749    -12.1846    0.0004
5.6319    -11.5068    0.0004
5.90477    -10.8471    0.0004
6.22512    -10.2091    0.0004
6.58835    -9.59451    0.0004
6.99599    -9.00836    0.0004
7.44406    -8.45264    0.0004
7.92899    -7.92862    0.0004
8.45298    -7.44365    0.0004
9.00868    -6.99554    0.0004
9.59481    -6.58788    0.0004
10.2094    -6.2246    0.0004
10.8473    -5.90421    0.0004
11.5071    -5.63132    0.0004
12.1848    -5.40686    0.0004
12.8761    -5.22853    0.0004
13.5789    -5.10305    0.0004
14.2888    -5.02744    0.0004
15.0022    -4.9996    0.0004
14.6432    -3.89906    0.0004
15.3593    -2.98948    0.0004
15.9622    -2.23862    0.0004
14.7906    -2.12851    0.0004
15.5917    -1.34976    0.0004
14.4943    -1.14016    0.0004
14.3339    0.142129    0.0004
13.5975    -0.852606    0.0004
12.3422    -0.621296    0.0004
11.396    -0.459996    0.0004
10.62    0.201803    0.0004
10.5661    -1.31795    0.0004
9.79903    -0.403429    0.0004
8.26345    0.0388733    0.0004
7.4983    -0.0842387    0.0004
7.49245    -0.319758    0.0004
7.47746    -0.554804    0.0004
7.45797    -0.789566    0.0004
7.42773    -1.02321    0.0004
7.39232    -1.25605    0.0004
7.35035    -1.48787    0.0004
7.29862    -1.71766    0.0004
7.24257    -1.94645    0.0004
7.17663    -2.17262    0.0004
7.1046    -2.39685    0.0004
7.02703    -2.6193    0.0004
6.9395    -2.838    0.0004
6.84806    -3.05506    0.0004
6.74859    -3.26863    0.0004
6.64228    -3.47878    0.0004
6.53149    -3.6867    0.0004
6.41044    -3.8888    0.0004
6.28575    -4.08861    0.0004
6.15428    -4.28411    0.0004
6.01591    -4.4747    0.0004
5.87395    -4.6627    0.0004
5.72318    -4.84373    0.0004
5.56859    -5.0214    0.0004
5.40846    -5.19421    0.0004
5.24169    -5.36053    0.0004
5.07188    -5.5238    0.0004
4.89513    -5.67956    0.0004
4.71434    -5.83048    0.0004
4.52938    -5.9764    0.0004
4.33853    -6.11447    0.0004
4.14515    -6.24895    0.0004
3.94625    -6.37521    0.0004
3.74388    -6.49568    0.0004
3.53891    -6.61183    0.0004
3.32857    -6.71791    0.0004
3.11633    -6.82003    0.0004
2.90043    -6.9143    0.0004
2.68161    -7.00143    0.0004
2.4612    -7.08462    0.0004
2.23664    -7.15589    0.0004
2.01086    -7.22293    0.0004
1.78304    -7.28293    0.0004
1.55319    -7.33437    0.0004
1.3224    -7.38154    0.0004
1.08959    -7.41765    0.0004
0.85609    -7.4484    0.0004
0.621766    -7.47281    0.0004
0.38666    -7.48719    0.0004
0.151327    -7.4972    0.0004
-0.0842648    -7.4972    0.0004
-0.319686    -7.49061    0.0004
0.297575    -8.16391    0.0004
0.85345    -8.56001    0.0004
0.474722    -9.52467    0.0004
-0.720991    -10.2849    0.0004
0.672431    -10.542    0.0004
-0.168673    -11.1961    0.0004
-0.357959    -12.2447    0.0004
-0.302689    -13.6381    0.0004
-0.000894125    -14.9996    0.0004
0.713235    -14.9996    0.0004
1.42736    -14.9996    0.0004
2.14149    -14.9996    0.0004
2.85562    -14.9996    0.0004
3.56975    -14.9996    0.0004
4.28388    -14.9996    0.0004
4.99801    -14.9996    0.0004
111111111111 111111111111 0.431447
-4.99681    15.0004    0.0004
-5.02737    14.2898    0.0004
-5.10289    13.5799    0.0004
-5.22833    12.877    0.0004
-5.40658    12.1857    0.0004
-5.63095    11.508    0.0004
-5.90381    10.8483    0.0004
-6.22412    10.2103    0.0004
-6.58733    9.59564    0.0004
-6.99495    9.00948    0.0004
-7.44299    8.45374    0.0004
-7.92792    7.92971    0.0004
-8.45188    7.44472    0.0004
-9.00755    6.99658    0.0004
-9.59368    6.5889    0.0004
-10.2083    6.2256    0.0004
-10.8462    5.90518    0.0004
-11.5059    5.63226    0.0004
-12.1836    5.40777    0.0004
-12.8749    5.22941    0.0004
-13.5777    5.10391    0.0004
-14.2876    5.02827    0.0004
-15.001    5.0004    0.0004
-15.0041    3.71822    0.0004
-14.6056    2.47755    0.0004
-15.3094    1.42312    0.0004
-14.8346    0.596831    0.0004
-13.9138    0.351475    0.0004
-12.6848    1.07101    0.0004
-12.4791    -0.0227879    0.0004
-11.4084    -0.181424    0.0004
-10.6026    -0.904066    0.0004
-9.40199    -1.22731    0.0004
-8.20798    -0.810752    0.0004
-7.44867    -0.85528    0.0004
-7.47145    -0.62086    0.0004
-7.49    -0.386    0.0004
-7.49585    -0.150481    0.0004
-7.4975    0.0850387    0.0004
-7.49165    0.320558    0.0004
-7.47666    0.555604    0.0004
-7.45717    0.790366    0.0004
-7.42693    1.02401    0.0004
-7.39152    1.25685    0.0004
-7.34955    1.48867    0.0004
-7.29782    1.71846    0.0004
-7.24177    1.94725    0.0004
-7.17583    2.17342    0.0004
-7.1038    2.39765    0.0004
-7.02623    2.6201    0.0004
-6.9387    2.8388    0.0004
-6.84726    3.05586    0.0004
-6.74779    3.26943    0.0004
-6.64148    3.47958    0.0004
-6.53069    3.6875    0.0004
-6.40964    3.8896    0.0004
-6.28495    4.08941    0.0004
-6.15348    4.28491    0.0004
-6.01511    4.4755    0.0004
-5.87315    4.6635    0.0004
-5.72238    4.84453    0.0004
-5.56779    5.0222    0.0004
-5.40766    5.19501    0.0004
-5.24089    5.36134    0.0004
-5.07108    5.5246    0.0004
-4.89433    5.68036    0.0004
-4.71354    5.83128    0.0004
-4.52858    5.9772    0.0004
-4.33773    6.11527    0.0004
-4.14435    6.24975    0.0004
-3.94545    6.37601    0.0004
-3.74308    6.49648    0.0004
-3.53811    6.61263    0.0004
-3.32777    6.71871    0.0004
-3.11553    6.82083    0.0004
-2.89963    6.9151    0.0004
-2.68081    7.00223    0.0004
-2.4604    7.08542    0.0004
-2.23584    7.15669    0.0004
-2.01006    7.22373    0.0004
-1.78224    7.28373    0.0004
-1.55239    7.33517    0.0004
-1.3216    7.38234    0.0004
-1.08879    7.41845    0.0004
-0.85529    7.4492    0.0004
-0.814818    8.19763    0.0004
-1.40128    8.66437    0.0004
-1.34741    10.1787    0.0004
-2.05115    11.1195    0.0004
-3.09808    11.2554    0.0004
-2.49736    12.2125    0.0004
-1.54067    12.9226    0.0004
-1.72817    14.1307    0.0004
-1.42617    15.0004    0.0004
-2.1403    15.0004    0.0004
-2.85442    15.0004    0.0004
-3.56855    15.0004    0.0004
-4.28268    15.0004    0.0004
-4.99681    15.0004    0.0004
111111111111 111111111111 0.533128
-5.02757    -14.286    0.0004
-4.9996    -14.9994    0.0004
-4.28567    -14.9996    0.0004
-3.57154    -14.9996    0.0004
-2.85741    -14.9996    0.0004
-2.14328    -14.9996    0.0004
-1.42915    -14.9996    0.0004
-0.715024    -14.9996    0.0004
-0.000894125    -14.9996    0.0004
-0.302689    -13.6381    0.0004
-0.357959    -12.2447    0.0004
-0.168673    -11.1961    0.0004
0.672431    -10.542    0.0004
-0.720991    -10.2849    0.0004
0.474722    -9.52467    0.0004
0.85345    -8.56001    0.0004
0.297575    -8.16391    0.0004
-0.319686    -7.49061    0.0004
-0.554963    -7.47843    0.0004
-0.789384    -7.45526    0.0004
-1.02331    -7.42781    0.0004
-1.25612    -7.3917    0.0004
-1.48754    -7.34798    0.0004
-1.71812    -7.29961    0.0004
-1.94599    -7.23981    0.0004
-2.17269    -7.17593    0.0004
-2.39724    -7.10466    0.0004
-2.61883    -7.02487    0.0004
-2.8389    -6.94082    0.0004
-3.05481    -6.84654    0.0004
-3.2685    -6.74755    0.0004
-3.47922    -6.64219    0.0004
-3.68543    -6.52835    0.0004
-3.88951    -6.41072    0.0004
-4.08841    -6.28446    0.0004
-4.28376    -6.15292    0.0004
-4.47563    -6.01622    0.0004
-4.66152    -5.87152    0.0004
-4.84461    -5.72337    0.0004
-5.02137    -5.56761    0.0004
-5.19342    -5.40677    0.0004
-5.36219    -5.24239    0.0004
-5.52275    -5.07001    0.0004
-5.67997    -4.89464    0.0004
-5.83075    -4.71362    0.0004
-5.97531    -4.52767    0.0004
-6.11651    -4.33909    0.0004
-6.24798    -4.1436    0.0004
-6.37549    -3.94558    0.0004
-6.49691    -3.74369    0.0004
-6.61032    -3.53726    0.0004
-6.71981    -3.3287    0.0004
-6.81928    -3.11513    0.0004
-6.91371    -2.89937    0.0004
-7.00255    -2.68117    0.0004
-7.08198    -2.45942    0.0004
-7.15728    -2.23623    0.0004
-7.22322    -2.01006    0.0004
-7.28259    -1.78215    0.0004
-7.33674    -1.55287    0.0004
-7.37972    -1.32125    0.0004
-7.41842    -1.08892    0.0004
-7.44867    -0.85528    0.0004
-8.20798    -0.810752    0.0004
-9.40199    -1.22731    0.0004
-10.6026    -0.904066    0.0004
-11.4084    -0.181424    0.0004
-12.4791    -0.0227879    0.0004
-13.6492    -1.04784    0.0004
-14.531    -0.489924    0.0004
-15.361    -1.1224    0.0004
-16.5759    -0.74572    0.0004
-16.4786    -2.53313    0.0004
-17.4974    -1.82079    0.0004
-17.5034    -3.23671    0.0004
-17.1464    -4.9996    0.0004
-16.4322    -4.9996    0.0004
-15.7181    -4.9996    0.0004
-15.004    -4.9996    0.0004
-14.2905    -5.02727    0.0004
-13.5807    -5.10265    0.0004
-12.8778    -5.22802    0.0004
-12.1865    -5.40614    0.0004
-11.5087    -5.63038    0.0004
-10.8489    -5.90317    0.0004
-10.2109    -6.22336    0.0004
-9.59617    -6.58645    0.0004
-9.00996    -6.99402    0.0004
-8.45413    -7.44194    0.0004
-7.93005    -7.92682    0.0004
-7.44496    -8.45069    0.0004
-6.99672    -9.00627    0.0004
-6.58899    -9.59236    0.0004
-6.22556    -10.2069    0.0004
-5.90501    -10.8447    0.0004
-5.63204    -11.5044    0.0004
-5.40742    -12.1821    0.0004
-5.22891    -12.8733    0.0004
-5.10335    -13.5761    0.0004
-5.02757    -14.286    0.0004
111111111111 111111111111 -0.353854
5.00041    14.9998    0.0004
4.28687    15.0004    0.0004
3.57274    15.0004    0.0004
2.85861    15.0004    0.0004
2.14448    15.0004    0.0004
1.43035    15.0004    0.0004
0.716223    15.0004    0.0004
0.00209312    15.0004    0.0004
-0.712036    15.0004    0.0004
-1.42617    15.0004    0.0004
-1.72817    14.1307    0.0004
-1.54067    12.9226    0.0004
-2.49736    12.2125    0.0004
-3.09808    11.2554    0.0004
-2.05115    11.1195    0.0004
-1.34741    10.1787    0.0004
-1.40128    8.66437    0.0004
-0.814818    8.19763    0.0004
-0.85529    7.4492    0.0004
-0.620966    7.47361    0.0004
-0.38586    7.48799    0.0004
-0.150527    7.498    0.0004
0.0850648    7.498    0.0004
0.320486    7.49141    0.0004
0.555763    7.47923    0.0004
0.790184    7.45606    0.0004
1.02411    7.42861    0.0004
1.25692    7.3925    0.0004
1.48834    7.34878    0.0004
1.71892    7.30041    0.0004
1.94679    7.24061    0.0004
2.17349    7.17673    0.0004
2.39804    7.10546    0.0004
2.61963    7.02567    0.0004
2.8397    6.94162    0.0004
3.05561    6.84734    0.0004
3.2693    6.74835    0.0004
3.48002    6.64299    0.0004
3.68623    6.52915    0.0004
3.89031    6.41152    0.0004
4.08921    6.28526    0.0004
4.28456    6.15372    0.0004
4.47643    6.01702    0.0004
4.66232    5.87232    0.0004
4.84541    5.72417    0.0004
5.02217    5.56841    0.0004
5.19422    5.40757    0.0004
5.36299    5.24319    0.0004
5.52355    5.07081    0.0004
5.68077    4.89544    0.0004
5.83155    4.71442    0.0004
5.97611    4.52847    0.0004
6.11731    4.33989    0.0004
6.24878    4.1444    0.0004
6.37629    3.94638    0.0004
6.49771    3.74449    0.0004
6.61112    3.53806    0.0004
6.72061    3.3295    0.0004
6.82008    3.11593    0.0004
6.91451    2.90017    0.0004
7.00335    2.68197    0.0004
7.08278    2.46022    0.0004
7.15808    2.23703    0.0004
7.22402    2.01086    0.0004
7.28339    1.78295    0.0004
7.33754    1.55367    0.0004
7.38052    1.32205    0.0004
7.41922    1.08972    0.0004
7.44946    0.85608    0.0004
7.47225    0.62166    0.0004
7.4908    0.3868    0.0004
7.49665    0.151281    0.0004
7.4983    -0.0842387    0.0004
8.26345    0.0388733    0.0004
9.79903    -0.403429    0.0004
10.5661    -1.31795    0.0004
10.62    0.201803    0.0004
11.396    -0.459996    0.0004
12.3422    -0.621296    0.0004
13.5975    -0.852606    0.0004
14.3339    0.142129    0.0004
14.9353    1.22384    0.0004
15.3403    0.2906    0.0004
16.7905    1.51119    0.0004
17.9349    2.39263    0.0004
16.7905    3.27406    0.0004
16.4334    5.0004    0.0004
15.7193    5.0004    0.0004
15.0052    5.0004    0.0004
14.2917    5.02804    0.0004
13.5819    5.10339    0.0004
12.879    5.22875    0.0004
12.1876    5.40683    0.0004
11.5099    5.63103    0.0004
10.8501    5.90381    0.0004
10.212    6.22397    0.0004
9.5973    6.58702    0.0004
9.01108    6.99458    0.0004
8.45523    7.44248    0.0004
7.93114    7.92734    0.0004
7.44603    8.45119    0.0004
6.99775    9.00675    0.0004
6.59001    9.59283    0.0004
6.22656    10.2073    0.0004
5.90597    10.8452    0.0004
5.63298    11.5049    0.0004
5.40833    12.1825    0.0004
5.22979    12.8737    0.0004
5.10421    13.5766    0.0004
5.0284    14.2864    0.0004
5.00041    14.9998    0.0004
111111111111 111111111111 -0.366295
-24.9996    -4.99741    0.0004
-24.2877    -4.9996    0.0004
-23.5735    -4.9996    0.0004
-22.8594    -4.9996    0.0004
-22.1453    -4.9996    0.0004
-21.4311    -4.9996    0.0004
-20.717    -4.9996    0.0004
-20.0029    -4.9996    0.0004
-19.2888    -4.9996    0.0004
-18.5746    -4.9996    0.0004
-17.8605    -4.9996    0.0004
-17.1464    -4.9996    0.0004
-17.5034    -3.23671    0.0004
-17.4974    -1.82079    0.0004
-16.4786    -2.53313    0.0004
-16.5759    -0.74572    0.0004
-15.361    -1.1224    0.0004
-14.531    -0.489924    0.0004
-13.6492    -1.04784    0.0004
-12.4791    -0.0227879    0.0004
-12.6848    1.07101    0.0004
-13.9138    0.351475    0.0004
-14.8346    0.596831    0.0004
-15.3094    1.42312    0.0004
-14.6056    2.47755    0.0004
-15.0041    3.71822    0.0004
-15.001    5.0004    0.0004
-15.7151    5.0004    0.0004
-16.4292    5.0004    0.0004
-17.1434    5.0004    0.0004
-17.8575    5.0004    0.0004
-18.5716    5.0004    0.0004
-19.2858    5.0004    0.0004
-19.9999    5.0004    0.0004
-20.714    5.0004    0.0004
-21.4282    5.0004    0.0004
-22.1423    5.0004    0.0004
-22.8564    5.0004    0.0004
-23.5705    5.0004    0.0004
-24.2847    5.0004    0.0004
-24.9996    5.0004    0.0004
-24.9996    4.28627    0.0004
-24.9996    3.57214    0.0004
-24.9996    2.85801    0.0004
-24.9996    2.14388    0.0004
-24.9996    1.42975    0.0004
-24.9996    0.715624    0.0004
-24.9996    0.00149412    0.0004
-24.9996    -0.712635    0.0004
-24.9996    -1.42676    0.0004
-24.9996    -2.14089    0.0004
-24.9996    -2.85502    0.0004
-24.9996    -3.56915    0.0004
-24.9996    -4.28328    0.0004
-24.9996    -4.99741    0.0004
111111111111 111111111111 -0.000255657
24.2859    -4.9996    0.0004
25    -4.9996    0.0004
25.0004    -4.28587    0.0004
25.0004    -3.57174    0.0004
25.0004    -2.85761    0.0004
25.0004    -2.14348    0.0004
25.0004    -1.42935    0.0004
25.0004    -0.715223    0.0004
25.0004    -0.00109313    0.0004
25.0004    0.713036    0.0004
25.0004    1.42717    0.0004
25.0004    2.1413    0.0004
25.0004    2.85542    0.0004
25.0004    3.56955    0.0004
25.0004    4.28368    0.0004
25.0004    4.99781    0.0004
24.2889    5.0004    0.0004
23.5747    5.0004    0.0004
22.8606    5.0004    0.0004
22.1465    5.0004    0.0004
21.4323    5.0004    0.0004
20.7182    5.0004    0.0004
20.0041    5.0004    0.0004
19.29    5.0004    0.0004
18.5758    5.0004    0.0004
17.8617    5.0004    0.0004
17.1476    5.0004    0.0004
16.4334    5.0004    0.0004
16.7905    3.27406    0.0004
17.9349    2.39263    0.0004
16.7905    1.51119    0.0004
15.3403    0.2906    0.0004
14.9353    1.22384    0.0004
14.3339    0.142129    0.0004
14.4943    -1.14016    0.0004
15.5917    -1.34976    0.0004
14.7906    -2.12851    0.0004
15.9622    -2.23862    0.0004
15.3593    -2.98948    0.0004
14.6432    -3.89906    0.0004
15.0022    -4.9996    0.0004
15.7163    -4.9996    0.0004
16.4304    -4.9996    0.0004
17.1446    -4.9996    0.0004
17.8587    -4.9996    0.0004
18.5728    -4.9996    0.0004
19.287    -4.9996    0.0004
20.0011    -4.9996    0.0004
20.7152    -4.9996    0.0004
21.4294    -4.9996    0.0004
22.1435    -4.9996    0.0004
22.8576    -4.9996    0.0004
23.5717    -4.9996    0.0004
24.2859    -4.9996    0.0004
111111111111 111111111111 -0.00018499
