-4.599601000000002    -12.09414067712418    0.2
-4.599601    12.094941019607841    0.2
-4.694799999999999    11.7689    0.2
-4.695499999999999    11.7667    0.2
-4.698699999999999    11.7562    0.2
-4.699999999999999    11.7521    0.2
-4.704599999999999    11.7381    0.2
-4.705199999999999    11.7363    0.2
-4.845199999999999    11.3234999    0.2
-4.845799999999999    11.3217    0.2
-4.849399999999999    11.3114    0.2
-4.850799999999999    11.3076    0.2
-4.856199999999999    11.2931    0.2
-4.857199999999999    11.2904    0.2
-5.00776424489796    10.903343431045142    0.2
-5.007764244897961    -10.902543173974435    0.2
-5.015599900000001    -10.8824    0.2
-5.016599900000001    -10.8798999    0.2
-5.022099900000001    -10.8663    0.2
-5.023799900000001    -10.8623    0.2
-5.028099900000001    -10.8523    0.2
-5.028699900000001    -10.8509    0.2
-5.203899900000001    -10.4517    0.2
-5.204899900000001    -10.4492999    0.2
-5.211399900000001    -10.435    0.2
-5.213199900000001    -10.4313    0.2
-5.217899900000001    -10.4215    0.2
-5.2187999000000005    -10.4196    0.2
-5.411599900000001    -10.0284    0.2
-5.412599900000001    -10.0264    0.2
-5.415927489795921    -10.019835987251884    0.2
-5.415927489795919    10.020545020408159    0.2
-5.416999999999999    10.0184    0.2
-5.419599999999999    10.0134    0.2
-5.427199999999999    9.9992    0.2
-5.428299999999999    9.9972    0.2
-5.638699999999999    9.6148    0.2
-5.639599999999999    9.6131    0.2
-5.644999999999999    9.6035    0.2
-5.647399999999999    9.5993    0.2
-5.654899999999999    9.5867    0.2
-5.655899999999999    9.5852    0.2
-5.82409073469388    9.308249885627744    0.2
-5.824090734693882    -9.307449720963431    0.2
-5.8822999000000005    -9.2116    0.2
-5.882899900000001    -9.2105    0.2
-5.890599900000001    -9.198    0.2
-5.893399900000001    -9.1936    0.2
-5.899399900000001    -9.1844    0.2
-5.900499900000001    -9.1827    0.2
-6.142899900000001    -8.8195    0.2
-6.144799900000001    -8.8168    0.2
-6.153299900000001    -8.8045    0.2
-6.155399900000001    -8.8013999    0.2
-6.161799900000001    -8.7925    0.2
-6.162799900000001    -8.7912    0.2
-6.2322539795918415    -8.69629380428444    0.2
-6.23225397959184    8.697093940930404    0.2
-6.420399999999999    8.44    0.2
-6.421799999999999    8.4381    0.2
-6.428399999999999    8.4293    0.2
-6.430299999999999    8.4269    0.2
-6.439899999999999    8.4145    0.2
-6.441999999999999    8.4117    0.2
-6.640417224489799    8.164405805254647    0.2
-6.640417224489801    -8.163605771271593    0.2
-6.714800000000001    -8.0709    0.2
-6.716599900000001    -8.0687    0.2
-6.726600000000001    -8.0566    0.2
-6.728799900000001    -8.054    0.2
-6.735899900000001    -8.0457    0.2
-6.737599900000001    -8.0437    0.2
-7.0255999000000005    -7.7157    0.2
-7.027899900000001    -7.7132    0.2
-7.037799900000001    -7.7023    0.2
-7.039900000000001    -7.7    0.2
-7.047399900000001    -7.692    0.2
-7.048580469387761    -7.690735104227401    0.2
-7.048580469387759    7.691533251275505    0.2
-7.048799999999999    7.6913    0.2
-7.350399999999999    7.376099900000001    0.2
-7.350799999999999    7.375700000000001    0.2
-7.358399999999999    7.3677999000000005    0.2
-7.3629999999999995    7.363199900000001    0.2
-7.374099999999999    7.352400000000001    0.2
-7.375299999999999    7.351200000000001    0.2
-7.456743714285719    7.273270328766039    0.2
-7.456743714285721    -7.27247035460478    0.2
-7.6905    -7.048799999999999    0.2
-7.6922    -7.047199999999999    0.2
-7.703    -7.037099999999999    0.2
-7.7057    -7.034599999999999    0.2
-7.7138    -7.027299999999999    0.2
-7.7157    -7.025599999999999    0.2
-7.86490695918368    -6.894589011448474    0.2
-7.86490695918368    6.895388956938404    0.2
-8.0437    6.738400000000001    0.2
-8.0457    6.7366999000000005    0.2
-8.054    6.729599900000001    0.2
-8.0566    6.727400000000001    0.2
-8.0687    6.717399900000001    0.2
-8.0709    6.715600000000001    0.2
-8.27307020408164    6.553388082675025    0.2
-8.27307020408164    -6.552588142136849    0.2
-8.4109    -6.441999999999999    0.2
-8.4137    -6.439899999999999    0.2
-8.4261    -6.430299999999999    0.2
-8.4285    -6.428399999999999    0.2
-8.4373    -6.421799999999999    0.2
-8.4392    -6.420399999999999    0.2
-8.681233448979599    -6.243275521428565    0.2
-8.681233448979599    6.244075421428567    0.2
-8.7912    6.163599900000001    0.2
-8.7925    6.162599900000001    0.2
-8.8013999    6.156199900000001    0.2
-8.8045    6.154099900000001    0.2
-8.8168    6.145599900000001    0.2
-8.8195    6.1436999000000005    0.2
-9.089396693877559    5.963570608711674    0.2
-9.089396693877559    -5.962770708711673    0.2
-9.1827    -5.900499999999999    0.2
-9.1847    -5.8991999999999996    0.2
-9.1969999    -5.8911999999999995    0.2
-9.2023    -5.887899999999999    0.2
-9.2117    -5.882199999999999    0.2
-9.497559938775519    -5.708628483646633    0.2
-9.497559938775519    5.7094375337479155    0.2
-9.5844    5.6566999000000004    0.2
-9.5858    5.655799900000001    0.2
-9.5952    5.6501999000000005    0.2
-9.5985    5.6482999000000005    0.2
-9.6113    5.640999900000001    0.2
-9.614    5.639499900000001    0.2
-9.905723183673478    5.478991119024845    0.2
-9.905723183673478    -5.4781912190248425    0.2
-9.9964    -5.428299999999999    0.2
-9.9984    -5.427199999999999    0.2
-10.0126    -5.419599999999999    0.2
-10.0176    -5.416999999999999    0.2
-10.0284    -5.411599999999999    0.2
-10.313886428571438    -5.2709001446099855    0.2
-10.313886428571438    5.271700044609989    0.2
-10.4196    5.219599900000001    0.2
-10.4215    5.218699900000001    0.2
-10.4313    5.213999900000001    0.2
-10.435    5.212199900000001    0.2
-10.4492999    5.205699900000001    0.2
-10.4517    5.2046999000000005    0.2
-10.7220496734694    5.086049442104613    0.2
-10.7220496734694    -5.085249542104612    0.2
-10.8509    -5.028699999999999    0.2
-10.853    -5.027799999999999    0.2
-10.8664    -5.022099999999999    0.2
-10.8701    -5.020499999999999    0.2
-10.8803    -5.016399999999999    0.2
-10.8824    -5.015599999999999    0.2
-11.13021291836736    -4.9192012616174114    0.2
-11.13021291836736    4.920001161617414    0.2
-11.2896    4.857999900000001    0.2
-11.2907    4.857599900000001    0.2
-11.3009    4.8536999000000005    0.2
-11.3063    4.851699900000001    0.2
-11.3209    4.846599900000001    0.2
-11.3227    4.845999900000001    0.2
-11.538376163265319    4.772853914396452    0.2
-11.538376163265319    -4.772054014396451    0.2
-11.7355    -4.705199999999999    0.2
-11.7373    -4.704599999999999    0.2
-11.7513    -4.699999999999999    0.2
-11.7554    -4.698699999999999    0.2
-11.7659    -4.695499999999999    0.2
-11.7681    -4.694799999999999    0.2
-11.946539408163279    -4.642698417082095    0.2
-11.946539408163279    4.643498317082098    0.2
-12.1873    4.5731999000000005    0.2
-12.1906    4.572299900000001    0.2
-12.2012    4.5693999000000005    0.2
-12.2039    4.568699900000001    0.2
-12.2186    4.564899900000001    0.2
-12.2211    4.564299900000001    0.2
-12.354702653061238    4.531529437928376    0.2
-12.354702653061238    -4.530729537928375    0.2
-12.6451    -4.459499999999999    0.2
-12.6472    -4.458999999999999    0.2
-12.6626    -4.455399999999999    0.2
-12.6678    -4.454199999999999    0.2
-12.6785    -4.451999999999999    0.2
-12.6799    -4.451699999999999    0.2
-12.762865897959198    -4.435231113888248    0.2
-12.762865897959198    4.436031013888251    0.2
-13.1071    4.367699900000001    0.2
-13.1075    4.367599900000001    0.2
-13.1182    4.3654999000000005    0.2
-13.1247    4.364399900000001    0.2
-13.1395    4.361999900000001    0.2
-13.1411    4.3616999000000005    0.2
-13.171029142857158    4.357091145162998    0.2
-13.171029142857158    -4.356291245162997    0.2
-13.5723    -4.294499999999999    0.2
-13.5748    -4.294199999999999    0.2
-13.579192387755118    -4.2935805607012    0.2
-13.579192387755118    4.294341768480725    0.2
-13.5842    4.293599900000001    0.2
-13.5895    4.292799900000001    0.2
-13.6052    4.290899900000001    0.2
-13.6076    4.290699900000001    0.2
-13.987355632653077    4.249437317446535    0.2
-13.987355632653077    -4.248637417446534    0.2
-14.042    -4.242699999999999    0.2
-14.0441    -4.242499999999999    0.2
-14.0584    -4.241099999999999    0.2
-14.0633    -4.240599999999999    0.2
-14.0742    -4.239799999999999    0.2
-14.0756    -4.239699999999999    0.2
-14.395518877551037    -4.218528897809121    0.2
-14.395518877551037    4.219328797809124    0.2
-14.5108    4.211699900000001    0.2
-14.513    4.211599900000001    0.2
-14.5239    4.210999900000001    0.2
-14.5272    4.2107999000000005    0.2
-14.5427    4.210199900000001    0.2
-14.546    4.210099900000001    0.2
-14.803682122448999    4.204426165193785    0.2
-14.803682122448999    -4.203626265193782    0.2
-14.982    -4.199699999999999    0.2
-14.9849    -4.199699999999999    0.2
-14.9981    -4.199599999999999    0.2
-15.211845367346958    -4.199599999999999    0.2
-15.211845367346958    4.200399900000001    0.2
-15.620008612244918    4.200399900000001    0.2
-15.620008612244918    -4.199599999999999    0.2
-16.028171857142876    -4.199599999999999    0.2
-16.028171857142876    4.200399900000001    0.2
-16.436335102040836    4.200399900000001    0.2
-16.436335102040836    -4.199599999999999    0.2
-16.844498346938796    -4.199599999999999    0.2
-16.844498346938796    4.200399900000001    0.2
-17.252661591836752    4.200399900000001    0.2
-17.252661591836752    -4.199599999999999    0.2
-17.66082483673471    -4.199599999999999    0.2
-17.66082483673471    4.200399900000001    0.2
-18.068988081632668    4.200399900000001    0.2
-18.068988081632668    -4.199599999999999    0.2
-18.477151326530628    -4.199599999999999    0.2
-18.477151326530628    4.200399900000001    0.2
-18.885314571428584    4.200399900000001    0.2
-18.885314571428584    -4.199599999999999    0.2
-19.293477816326543    -4.199599999999999    0.2
-19.293477816326543    4.200399900000001    0.2
-19.7016410612245    4.200399900000001    0.2
-19.7016410612245    -4.199599999999999    0.2
-20.10980430612246    -4.199599999999999    0.2
-20.10980430612246    4.200399900000001    0.2
-20.517967551020416    4.200399900000001    0.2
-20.517967551020416    -4.199599999999999    0.2
-20.926130795918375    -4.199599999999999    0.2
-20.926130795918375    4.200399900000001    0.2
-21.334294040816335    4.200399900000001    0.2
-21.334294040816335    -4.199599999999999    0.2
-21.74245728571429    -4.199599999999999    0.2
-21.74245728571429    4.200399900000001    0.2
-22.15062053061225    4.200399900000002    0.2
-22.15062053061225    -4.1995999999999984    0.2
-22.558783775510207    -4.1995999999999984    0.2
-22.558783775510207    4.200399900000002    0.2
-22.966947020408167    4.200399900000002    0.2
-22.966947020408167    -4.1995999999999984    0.2
-23.375110265306123    -4.1995999999999984    0.2
-23.375110265306123    4.200399900000002    0.2
-23.783273510204083    4.200399900000002    0.2
-23.783273510204083    -4.1995999999999984    0.2
-24.19143675510204    -4.1995999999999984    0.2
-24.19143675510204    4.200399900000002    0.2
1111    1111    1111
3.800398999999999    -14.1996    0.2
3.8003989999999996    -6.784416703448277    0.2
3.7691999999999997    -6.8537    0.2
3.7655999999999996    -6.8613    0.2
3.7625999999999995    -6.8669    0.2
3.6281999999999996    -7.1149    0.2
3.6247999999999996    -7.1211    0.2
3.6214999999999997    -7.1265    0.2
3.4702999999999995    -7.3657    0.2
3.4658999999999995    -7.3722    0.2
3.4622999999999995    -7.3773    0.2
3.3803990999999995    -7.488591175119618    0.2
3.380399099999999    -14.1996    0.2
2.9603991999999995    -14.1996    0.2
2.9603992    -7.976297172469635    0.2
2.8959999999999995    -8.042    0.2
2.8902999999999994    -8.0477    0.2
2.8855999999999997    -8.0519    0.2
2.6735999999999995    -8.2391    0.2
2.6675999999999997    -8.2442    0.2
2.6625999999999994    -8.2481    0.2
2.5403993    -8.341496249285715    0.2
2.5403992999999994    -14.1996    0.2
2.1203993999999993    -14.1996    0.2
2.1203993999999997    -8.623047895114006    0.2
1.9337999999999995    -8.7282    0.2
1.9265999999999996    -8.7321    0.2
1.9208999999999996    -8.7349    0.2
1.7003994999999998    -8.838948673437502    0.2
1.7003994999999994    -14.1996    0.2
1.2803995999999995    -14.1996    0.2
1.2803996    -8.997055317507417    0.2
1.1062999999999996    -9.0513    0.2
1.0983999999999996    -9.0536    0.2
1.0921999999999996    -9.0551999    0.2
0.8603996999999998    -9.109264194387864    0.2
0.8603996999999994    -14.1996    0.2
0.4403997999999994    -14.1996    0.2
0.44039979999999973    -9.174617656410184    0.2
0.22999999999999945    -9.1931999    0.2
0.22209999999999944    -9.1938    0.2
0.21579999999999944    -9.194    0.2
0.02039989999999966    -9.19732124933472    0.2
0.02039989999999935    -14.1996    0.2
-0.39960000000000073    -14.1996    0.2
-0.3996000000000004    -9.179996558857143    0.2
-0.6572999000000006    -9.1476    0.2
-0.6646999000000006    -9.1466    0.2
-0.6709999000000005    -9.1454    0.2
-0.8195999000000005    -9.116195375722544    0.2
-0.8195999000000008    -14.1996    0.2
-1.2395998000000008    -14.1996    0.2
-1.2395998000000004    -9.012690273170733    0.2
-1.2422999000000003    -9.0119    0.2
-1.2482999000000004    -9.0099    0.2
-1.5146999000000005    -8.9163    0.2
-1.5213999000000005    -8.9138    0.2
-1.5272999000000005    -8.9114    0.2
-1.6595997000000005    -8.854641752469137    0.2
-1.659599700000001    -14.1996    0.2
-2.079599600000001    -14.1996    0.2
-2.0795996000000008    -8.647425431561462    0.2
-2.3034999000000003    -8.5113    0.2
-2.3103999000000006    -8.5069    0.2
-2.3155999000000005    -8.5033    0.2
-2.499599500000001    -8.3723280625    0.2
-2.4995995000000013    -14.1996    0.2
-2.919599400000001    -14.1996    0.2
-2.9195994000000005    -8.015579771484376    0.2
-2.9908999000000005    -7.9479    0.2
-2.9963999000000006    -7.9424    0.2
-3.0006999000000003    -7.9378    0.2
-3.1910999000000007    -7.7298    0.2
-3.1964999000000005    -7.7237    0.2
-3.2004999000000005    -7.7188    0.2
-3.3395993000000006    -7.542861589919183    0.2
-3.339599300000001    -14.1996    0.2
-3.759599200000001    -14.1996    0.2
-3.7595992000000007    -6.865610600000001    0.2
-3.8254000000000006    -6.7319    0.2
-3.8284999000000006    -6.7254    0.2
-3.8309999000000006    -6.7196    0.2
-3.9382000000000006    -6.4588    0.2
-3.9411999000000004    -6.4509999    0.2
-3.9432999000000004    -6.445    0.2
-4.0313    -6.1762    0.2
-4.0335    -6.1689    0.2
-4.0352    -6.1628    0.2
-4.104    -5.8892    0.2
-4.1057    -5.8818    0.2
-4.1069    -5.8756    0.2
-4.1565    -5.598    0.2
-4.1577    -5.5906    0.2
-4.1584    -5.5843    0.2
-4.1795991    -5.388487260526316    0.2
-4.179599100000001    -14.1996    0.2
1111    1111    1111
3.800399    -3.214783196551725    0.2
3.800399000000001    14.2004    0.2
3.380399100000001    14.2004    0.2
3.3803991    -2.510608824880383    0.2
3.2951    -2.3947    0.2
3.2913    -2.3896    0.2
3.2860999    -2.3833    0.2
3.1029    -2.1689    0.2
3.0987    -2.1641    0.2
3.0936    -2.1588    0.2
2.9603992000000003    -2.022902827530365    0.2
2.9603992000000012    14.2004    0.2
2.540399300000001    14.2004    0.2
2.5403993000000002    -1.6577036961604026    0.2
2.4386    -1.5798999000000002    0.2
2.4336    -1.5760999000000002    0.2
2.4270999    -1.5716999000000003    0.2
2.1911    -1.4164999000000003    0.2
2.1858    -1.4130999000000002    0.2
2.1793999    -1.4093999000000001    0.2
2.1203994    -1.3761520477003861    0.2
2.120399400000001    14.2004    0.2
1.7003995000000012    14.2004    0.2
1.7003995000000003    -1.1602513126955079    0.2
1.6649    -1.1435    0.2
1.6592    -1.1409    0.2
1.6516    -1.1378    0.2
1.3884    -1.0362    0.2
1.3825    -1.034    0.2
1.3758999    -1.0319    0.2
1.2803996000000004    -1.0021446671900474    0.2
1.2803996000000013    14.2004    0.2
0.8603997000000012    14.2004    0.2
0.8603997000000003    -0.8899357745627916    0.2
0.8178    -0.88    0.2
0.8116    -0.8787    0.2
0.8041    -0.8773    0.2
0.5249    -0.8325    0.2
0.5185999    -0.8316    0.2
0.5108    -0.8308    0.2
0.44039980000000023    -0.8245823185185185    0.2
0.4403998000000012    14.2004    0.2
0.02039990000000109    14.2004    0.2
0.020399900000000172    -0.80187875066528    0.2
-0.06659990000000006    -0.8004    0.2
-0.07289990000000006    -0.8004    0.2
-0.08019990000000006    -0.8007    0.2
-0.36259990000000003    -0.8151    0.2
-0.36889990000000006    -0.8155    0.2
-0.3772999000000001    -0.8164    0.2
-0.3995999999999999    -0.8192034401416285    0.2
-0.39959999999999896    14.2004    0.2
-0.819599899999999    14.2004    0.2
-0.8195998999999999    -0.8830046151750778    0.2
-0.9477999000000001    -0.9081999999999999    0.2
-0.9539999000000001    -0.9094999999999999    0.2
-0.9613000000000002    -0.9112999999999999    0.2
-1.2341    -0.9848999999999999    0.2
-1.2395998    -0.9864327311475408    0.2
-1.239599799999999    14.2004    0.2
-1.6595996999999991    14.2004    0.2
-1.6595997    -1.1445582046296296    0.2
-1.7865    -1.199    0.2
-1.7922    -1.2016    0.2
-1.7993    -1.2051    0.2
-2.0505    -1.3346999999999998    0.2
-2.0561    -1.3375999999999997    0.2
-2.0627    -1.3414999999999997    0.2
-2.0795996000000003    -1.3517745076411958    0.2
-2.0795995999999994    14.2004    0.2
-2.4995994999999995    14.2004    0.2
-2.4995995000000004    -1.6268718663194446    0.2
-2.546    -1.6598999999999997    0.2
-2.5511    -1.6635999999999997    0.2
-2.5569    -1.6681999999999997    0.2
-2.7753    -1.8473999999999997    0.2
-2.7801    -1.8514999999999997    0.2
-2.7860999    -1.8568999999999998    0.2
-2.9195994    -1.9836201666405435    0.2
-2.919599399999999    14.2004    0.2
-3.3395992999999993    14.2004    0.2
-3.3395993    -2.4563383046236873    0.2
-3.3757    -2.5019999    0.2
-3.3795    -2.507    0.2
-3.3836    -2.5127    0.2
-3.5436    -2.7455    0.2
-3.5471    -2.7508    0.2
-3.5514    -2.7577    0.2
-3.6938    -3.0008999999999997    0.2
-3.6969    -3.0064999999999995    0.2
-3.7006    -3.0136999999999996    0.2
-3.7595992000000003    -3.1335894000000004    0.2
-3.7595991999999994    14.2004    0.2
-4.179599099999999    14.2004    0.2
-4.1795991    -4.610712739473685    0.2
1111    1111    1111
24.2003899    -4.199599900000002    0.2
24.2003899    4.200399999999998    0.2
23.792399922    4.200399999999998    0.2
23.792399922    -4.199599900000002    0.2
23.384399944000002    -4.199599900000002    0.2
23.384399944000002    4.200399999999998    0.2
22.976399966000002    4.200399999999998    0.2
22.976399966000002    -4.199599900000002    0.2
22.568399988000007    -4.199599900000002    0.2
22.568399988000007    4.200399999999998    0.2
22.160400010000007    4.200399999999998    0.2
22.160400010000007    -4.199599900000002    0.2
21.752400032000008    -4.199599900000001    0.2
21.752400032000008    4.200399999999999    0.2
21.34440005400001    4.200399999999999    0.2
21.34440005400001    -4.199599900000001    0.2
20.93640007600001    -4.199599900000001    0.2
20.93640007600001    4.200399999999999    0.2
20.52840009800001    4.200399999999999    0.2
20.52840009800001    -4.199599900000001    0.2
20.12040012000001    -4.199599900000001    0.2
20.12040012000001    4.200399999999999    0.2
19.71240014200001    4.200399999999999    0.2
19.71240014200001    -4.199599900000001    0.2
19.304400164000015    -4.199599900000001    0.2
19.304400164000015    4.200399999999999    0.2
18.896400186000015    4.200399999999999    0.2
18.896400186000015    -4.199599900000001    0.2
18.488400208000016    -4.199599900000001    0.2
18.488400208000016    4.200399999999999    0.2
18.080400230000016    4.200399999999999    0.2
18.080400230000016    -4.199599900000001    0.2
17.672400252000017    -4.199599900000001    0.2
17.672400252000017    4.200399999999999    0.2
17.264400274000018    4.200399999999999    0.2
17.264400274000018    -4.199599900000001    0.2
16.856400296000018    -4.199599900000001    0.2
16.856400296000018    4.200399999999999    0.2
16.448400318000022    4.200399999999999    0.2
16.448400318000022    -4.199599900000001    0.2
16.040400340000023    -4.199599900000001    0.2
16.040400340000023    4.200399999999999    0.2
15.632400362000022    4.200399999999999    0.2
15.632400362000022    -4.199599900000001    0.2
15.22440038400002    -4.199599900000001    0.2
15.22440038400002    4.200399999999999    0.2
14.9989    4.200399999999999    0.2
14.9857    4.200499999999999    0.2
14.9828    4.200499999999999    0.2
14.81640040600002    4.204163844271559    0.2
14.81640040600002    -4.20336374427156    0.2
14.5468    -4.209299900000001    0.2
14.5435    -4.209399900000001    0.2
14.528    -4.209999900000001    0.2
14.5247    -4.210199900000001    0.2
14.5138    -4.2107999000000005    0.2
14.5116    -4.210899900000001    0.2
14.408400428000018    -4.217729283441176    0.2
14.408400428000018    4.218529383441174    0.2
14.0764    4.240499999999999    0.2
14.075    4.240599999999999    0.2
14.0641    4.241399999999999    0.2
14.0592    4.241899999999999    0.2
14.0449    4.243299999999999    0.2
14.0428    4.243499999999999    0.2
14.000400450000019    4.248106949263349    0.2
14.000400450000019    -4.24730684926335    0.2
13.6084    -4.289899900000001    0.2
13.606    -4.290099900000001    0.2
13.592400472000017    -4.291745702751592    0.2
13.592400472000017    4.292628503999997    0.2
13.5912    4.292799999999999    0.2
13.5756    4.294999999999999    0.2
13.5731    4.295299999999999    0.2
13.184400494000016    4.355155397027826    0.2
13.184400494000016    -4.354355297027828    0.2
13.1419    -4.360899900000001    0.2
13.1403    -4.361199900000001    0.2
13.1255    -4.3635999000000005    0.2
13.119    -4.364699900000001    0.2
13.1083    -4.366799900000001    0.2
13.1079    -4.366899900000001    0.2
12.776400516000017    -4.432703168359548    0.2
12.776400516000017    4.433503268359546    0.2
12.6807    4.452499999999999    0.2
12.6793    4.452799999999999    0.2
12.6686    4.454999999999999    0.2
12.6634    4.456199999999999    0.2
12.648    4.4597999999999995    0.2
12.6458999    4.460299999999999    0.2
12.368400538000015    4.528365897298555    0.2
12.368400538000015    -4.527565797298558    0.2
12.2219    -4.563499900000001    0.2
12.2194    -4.564099900000001    0.2
12.2047    -4.5678999000000005    0.2
12.202    -4.568599900000001    0.2
12.1914    -4.571499900000001    0.2
12.1881    -4.572399900000001    0.2
11.960400560000014    -4.6388846601526685    0.2
11.960400560000014    4.639684760152666    0.2
11.7689    4.695599999999999    0.2
11.7667    4.696299999999999    0.2
11.7562    4.699499999999999    0.2
11.7521    4.700799999999999    0.2
11.7381    4.705399999999999    0.2
11.7363    4.7059999999999995    0.2
11.552400582000013    4.768368973554023    0.2
11.552400582000013    -4.767568873554024    0.2
11.3234999    -4.845199900000001    0.2
11.3217    -4.845799900000001    0.2
11.3071    -4.850899900000001    0.2
11.3017    -4.852899900000001    0.2
11.2914999    -4.856799900000001    0.2
11.2904    -4.857199900000001    0.2
11.144400604000014    -4.913993378208248    0.2
11.144400604000014    4.914793478208246    0.2
10.8832    5.016399999999999    0.2
10.8811    5.017199999999999    0.2
10.8709    5.021299999999999    0.2
10.8672    5.022899999999999    0.2
10.8538    5.028599999999999    0.2
10.8516999    5.029499999999999    0.2
10.736400626000012    5.08010229926109    0.2
10.736400626000012    -5.079302199261093    0.2
10.4525    -5.203899900000001    0.2
10.4501    -5.204899900000001    0.2
10.4358    -5.211399900000001    0.2
10.4321    -5.213199900000001    0.2
10.4223    -5.217899900000001    0.2
10.4204    -5.2187999000000005    0.2
10.328400648000011    -5.264141093930465    0.2
10.328400648000011    5.264941193930464    0.2
10.0292    5.412399999999999    0.2
10.0184    5.417799999999999    0.2
10.0134    5.420399999999999    0.2
9.9992    5.427999999999999    0.2
9.9972    5.429099999999999    0.2
9.92040067000001    5.471355698305434    0.2
9.92040067000001    -5.470555598305435    0.2
9.6148    -5.638699900000001    0.2
9.6121    -5.640199900000001    0.2
9.5993    -5.647499900000001    0.2
9.596    -5.649399900000001    0.2
9.5866    -5.654999900000001    0.2
9.5852    -5.6558999000000005    0.2
9.51240069200001    -5.700110638549352    0.2
9.51240069200001    5.700903067884082    0.2
9.2125    5.882999999999999    0.2
9.2030999    5.888699999999999    0.2
9.1978    5.8919999999999995    0.2
9.1855    5.8999999999999995    0.2
9.1835    5.901299999999999    0.2
9.10440071400001    5.954090933167393    0.2
9.10440071400001    -5.9532908331673955    0.2
8.8203    -6.142899900000001    0.2
8.8176    -6.144799900000001    0.2
8.8053    -6.153299900000001    0.2
8.8021999    -6.155399900000001    0.2
8.7933    -6.161799900000001    0.2
8.792    -6.162799900000001    0.2
8.696400736000008    -6.232761179563632    0.2
8.696400736000008    6.233561279563628    0.2
8.44    6.421199999999999    0.2
8.4381    6.422599999999999    0.2
8.4293    6.429199999999999    0.2
8.4269    6.431099999999999    0.2
8.4145    6.440699999999999    0.2
8.4117    6.442799999999999    0.2
8.288400758000009    6.541729509463521    0.2
8.288400758000009    -6.540929445728007    0.2
8.0717    -6.714800000000001    0.2
8.0695    -6.716599900000001    0.2
8.0574    -6.726600000000001    0.2
8.0548    -6.728799900000001    0.2
8.0465    -6.735899900000001    0.2
8.0445    -6.737599900000001    0.2
7.8804007800000075    -6.881687019999994    0.2
7.8804007800000075    6.882487119999992    0.2
7.7165    7.026399999999999    0.2
7.7146    7.028099999999999    0.2
7.7065    7.035399999999999    0.2
7.7038    7.037899999999999    0.2
7.693    7.047999999999999    0.2
7.6913    7.049599999999999    0.2
7.472400802000007    7.259054242294967    0.2
7.4724008020000054    -7.258254208746188    0.2
7.376099999999999    -7.350399900000001    0.2
7.374899999999999    -7.351600000000001    0.2
7.3637999999999995    -7.362399900000001    0.2
7.3591999999999995    -7.366999900000001    0.2
7.3515999999999995    -7.374900000000001    0.2
7.3511999999999995    -7.375300000000001    0.2
7.064400824000005    -7.675031764838189    0.2
7.064400824000007    7.675831665457665    0.2
7.0495999000000005    7.6913    0.2
7.048199900000001    7.6928    0.2
7.040700000000001    7.7008    0.2
7.038599900000001    7.7031    0.2
7.028699900000001    7.714    0.2
7.026399900000001    7.7165    0.2
6.738400000000001    8.0445    0.2
6.7366999000000005    8.0465    0.2
6.729599900000001    8.0548    0.2
6.727400000000001    8.0574    0.2
6.717399900000001    8.0695    0.2
6.715600000000001    8.0717    0.2
6.656400846000006    8.145481909757358    0.2
6.656400846000004    -8.144681936803513    0.2
6.442799999999999    -8.4109    0.2
6.440699999999999    -8.4137    0.2
6.431099999999999    -8.4261    0.2
6.429199999999999    -8.4285    0.2
6.422599999999999    -8.4373    0.2
6.421199999999999    -8.4392    0.2
6.248400868000004    -8.67532303751552    0.2
6.248400868000005    8.67612290086956    0.2
6.163599900000001    8.792    0.2
6.162599900000001    8.7933    0.2
6.156199900000001    8.8021999    0.2
6.154099900000001    8.8053    0.2
6.145599900000001    8.8176    0.2
6.1436999000000005    8.8203    0.2
5.901299900000001    9.1835    0.2
5.9001999000000005    9.1852    0.2
5.894199900000001    9.1944    0.2
5.891399900000001    9.1988    0.2
5.883699900000001    9.2113    0.2
5.883099900000001    9.2124    0.2
5.840400890000004    9.282710030600704    0.2
5.840400890000002    -9.28185770347768    0.2
5.656699999999999    -9.5844    0.2
5.6556999999999995    -9.5859    0.2
5.648199999999999    -9.5985    0.2
5.6457999999999995    -9.6027    0.2
5.640399999999999    -9.6123    0.2
5.639499999999999    -9.614    0.2
5.432400912000002    -9.990400623817484    0.2
5.432400912000004    9.991200442068434    0.2
5.429099900000001    9.9972    0.2
5.4283999000000005    9.9983    0.2
5.423199900000001    10.0079    0.2
5.420699900000001    10.0128    0.2
5.413399900000001    10.0272    0.2
5.4123999000000005    10.0292    0.2
5.219599900000001    10.4204    0.2
5.218699900000001    10.4223    0.2
5.213999900000001    10.4321    0.2
5.212199900000001    10.4358    0.2
5.205699900000001    10.4501    0.2
5.2046999000000005    10.4525    0.2
5.029499900000001    10.8516999    0.2
5.028899900000001    10.8531    0.2
5.024599900000001    10.8631    0.2
5.024400934000003    10.86356815529411    0.2
5.024400934000001    -10.862871488491225    0.2
5.022899999999999    -10.8664    0.2
5.021299999999999    -10.8701    0.2
5.017199999999999    -10.8803    0.2
5.016399999999999    -10.8824    0.2
4.857999999999999    -11.2896    0.2
4.856999999999999    -11.2922999    0.2
4.8515999999999995    -11.3068    0.2
4.850199999999999    -11.3106    0.2
4.846599999999999    -11.3209    0.2
4.845999999999999    -11.3227    0.2
4.7059999999999995    -11.7355    0.2
4.705399999999999    -11.7373    0.2
4.700799999999999    -11.7513    0.2
4.699499999999999    -11.7554    0.2
4.696299999999999    -11.7659    0.2
4.695599999999999    -11.7681    0.2
4.6164009560000006    -12.039343784679735    0.2
4.616400956000002    12.040143442196074    0.2
4.5731999000000005    12.1881    0.2
4.572299900000001    12.1914    0.2
4.5693999000000005    12.202    0.2
4.568699900000001    12.2047    0.2
4.564899900000001    12.2194    0.2
4.564299900000001    12.2219    0.2
4.460299900000001    12.6458999    0.2
4.459799900000001    12.6476    0.2
4.457299900000001    12.6582    0.2
4.456399900000001    12.6625    0.2
4.453099900000001    12.678    0.2
4.452499900000001    12.6807    0.2
4.367699900000001    13.1079    0.2
4.367599900000001    13.1083    0.2
4.3654999000000005    13.119    0.2
4.364399900000001    13.1255    0.2
4.361999900000001    13.1403    0.2
4.3616999000000005    13.1419    0.2
4.295299900000001    13.5731    0.2
4.295199900000001    13.5742    0.2
4.293599900000001    13.585    0.2
4.292799900000001    13.5903    0.2
4.290899900000001    13.606    0.2
4.290699900000001    13.6084    0.2
4.243499900000001    14.0428    0.2
4.243299900000001    14.0443    0.2
4.242199900000001    14.0552    0.2
4.241799900000001    14.06    0.2
4.240699900000001    14.0743    0.2
4.2404999000000005    14.0764    0.2
4.232299900000001    14.2004    0.2
4.208400978000001    14.2004    0.2
4.208400977999999    -14.1996    0.2
1111    1111    1111
-4.599601000000002    -12.09414067712418    0.4
-4.599601    12.094941019607841    0.4
-4.694799999999999    11.7689    0.4
-4.695499999999999    11.7667    0.4
-4.698699999999999    11.7562    0.4
-4.699999999999999    11.7521    0.4
-4.704599999999999    11.7381    0.4
-4.705199999999999    11.7363    0.4
-4.845199999999999    11.3234999    0.4
-4.845799999999999    11.3217    0.4
-4.849399999999999    11.3114    0.4
-4.850799999999999    11.3076    0.4
-4.856199999999999    11.2931    0.4
-4.857199999999999    11.2904    0.4
-5.00776424489796    10.903343431045142    0.4
-5.007764244897961    -10.902543173974435    0.4
-5.015599900000001    -10.8824    0.4
-5.016599900000001    -10.8798999    0.4
-5.022099900000001    -10.8663    0.4
-5.023799900000001    -10.8623    0.4
-5.028099900000001    -10.8523    0.4
-5.028699900000001    -10.8509    0.4
-5.203899900000001    -10.4517    0.4
-5.204899900000001    -10.4492999    0.4
-5.211399900000001    -10.435    0.4
-5.213199900000001    -10.4313    0.4
-5.217899900000001    -10.4215    0.4
-5.2187999000000005    -10.4196    0.4
-5.411599900000001    -10.0284    0.4
-5.412599900000001    -10.0264    0.4
-5.415927489795921    -10.019835987251884    0.4
-5.415927489795919    10.020545020408159    0.4
-5.416999999999999    10.0184    0.4
-5.419599999999999    10.0134    0.4
-5.427199999999999    9.9992    0.4
-5.428299999999999    9.9972    0.4
-5.638699999999999    9.6148    0.4
-5.639599999999999    9.6131    0.4
-5.644999999999999    9.6035    0.4
-5.647399999999999    9.5993    0.4
-5.654899999999999    9.5867    0.4
-5.655899999999999    9.5852    0.4
-5.82409073469388    9.308249885627744    0.4
-5.824090734693882    -9.307449720963431    0.4
-5.8822999000000005    -9.2116    0.4
-5.882899900000001    -9.2105    0.4
-5.890599900000001    -9.198    0.4
-5.893399900000001    -9.1936    0.4
-5.899399900000001    -9.1844    0.4
-5.900499900000001    -9.1827    0.4
-6.142899900000001    -8.8195    0.4
-6.144799900000001    -8.8168    0.4
-6.153299900000001    -8.8045    0.4
-6.155399900000001    -8.8013999    0.4
-6.161799900000001    -8.7925    0.4
-6.162799900000001    -8.7912    0.4
-6.2322539795918415    -8.69629380428444    0.4
-6.23225397959184    8.697093940930404    0.4
-6.420399999999999    8.44    0.4
-6.421799999999999    8.4381    0.4
-6.428399999999999    8.4293    0.4
-6.430299999999999    8.4269    0.4
-6.439899999999999    8.4145    0.4
-6.441999999999999    8.4117    0.4
-6.640417224489799    8.164405805254647    0.4
-6.640417224489801    -8.163605771271593    0.4
-6.714800000000001    -8.0709    0.4
-6.716599900000001    -8.0687    0.4
-6.726600000000001    -8.0566    0.4
-6.728799900000001    -8.054    0.4
-6.735899900000001    -8.0457    0.4
-6.737599900000001    -8.0437    0.4
-7.0255999000000005    -7.7157    0.4
-7.027899900000001    -7.7132    0.4
-7.037799900000001    -7.7023    0.4
-7.039900000000001    -7.7    0.4
-7.047399900000001    -7.692    0.4
-7.048580469387761    -7.690735104227401    0.4
-7.048580469387759    7.691533251275505    0.4
-7.048799999999999    7.6913    0.4
-7.350399999999999    7.376099900000001    0.4
-7.350799999999999    7.375700000000001    0.4
-7.358399999999999    7.3677999000000005    0.4
-7.3629999999999995    7.363199900000001    0.4
-7.374099999999999    7.352400000000001    0.4
-7.375299999999999    7.351200000000001    0.4
-7.456743714285719    7.273270328766039    0.4
-7.456743714285721    -7.27247035460478    0.4
-7.6905    -7.048799999999999    0.4
-7.6922    -7.047199999999999    0.4
-7.703    -7.037099999999999    0.4
-7.7057    -7.034599999999999    0.4
-7.7138    -7.027299999999999    0.4
-7.7157    -7.025599999999999    0.4
-7.86490695918368    -6.894589011448474    0.4
-7.86490695918368    6.895388956938404    0.4
-8.0437    6.738400000000001    0.4
-8.0457    6.7366999000000005    0.4
-8.054    6.729599900000001    0.4
-8.0566    6.727400000000001    0.4
-8.0687    6.717399900000001    0.4
-8.0709    6.715600000000001    0.4
-8.27307020408164    6.553388082675025    0.4
-8.27307020408164    -6.552588142136849    0.4
-8.4109    -6.441999999999999    0.4
-8.4137    -6.439899999999999    0.4
-8.4261    -6.430299999999999    0.4
-8.4285    -6.428399999999999    0.4
-8.4373    -6.421799999999999    0.4
-8.4392    -6.420399999999999    0.4
-8.681233448979599    -6.243275521428565    0.4
-8.681233448979599    6.244075421428567    0.4
-8.7912    6.163599900000001    0.4
-8.7925    6.162599900000001    0.4
-8.8013999    6.156199900000001    0.4
-8.8045    6.154099900000001    0.4
-8.8168    6.145599900000001    0.4
-8.8195    6.1436999000000005    0.4
-9.089396693877559    5.963570608711674    0.4
-9.089396693877559    -5.962770708711673    0.4
-9.1827    -5.900499999999999    0.4
-9.1847    -5.8991999999999996    0.4
-9.1969999    -5.8911999999999995    0.4
-9.2023    -5.887899999999999    0.4
-9.2117    -5.882199999999999    0.4
-9.497559938775519    -5.708628483646633    0.4
-9.497559938775519    5.7094375337479155    0.4
-9.5844    5.6566999000000004    0.4
-9.5858    5.655799900000001    0.4
-9.5952    5.6501999000000005    0.4
-9.5985    5.6482999000000005    0.4
-9.6113    5.640999900000001    0.4
-9.614    5.639499900000001    0.4
-9.905723183673478    5.478991119024845    0.4
-9.905723183673478    -5.4781912190248425    0.4
-9.9964    -5.428299999999999    0.4
-9.9984    -5.427199999999999    0.4
-10.0126    -5.419599999999999    0.4
-10.0176    -5.416999999999999    0.4
-10.0284    -5.411599999999999    0.4
-10.313886428571438    -5.2709001446099855    0.4
-10.313886428571438    5.271700044609989    0.4
-10.4196    5.219599900000001    0.4
-10.4215    5.218699900000001    0.4
-10.4313    5.213999900000001    0.4
-10.435    5.212199900000001    0.4
-10.4492999    5.205699900000001    0.4
-10.4517    5.2046999000000005    0.4
-10.7220496734694    5.086049442104613    0.4
-10.7220496734694    -5.085249542104612    0.4
-10.8509    -5.028699999999999    0.4
-10.853    -5.027799999999999    0.4
-10.8664    -5.022099999999999    0.4
-10.8701    -5.020499999999999    0.4
-10.8803    -5.016399999999999    0.4
-10.8824    -5.015599999999999    0.4
-11.13021291836736    -4.9192012616174114    0.4
-11.13021291836736    4.920001161617414    0.4
-11.2896    4.857999900000001    0.4
-11.2907    4.857599900000001    0.4
-11.3009    4.8536999000000005    0.4
-11.3063    4.851699900000001    0.4
-11.3209    4.846599900000001    0.4
-11.3227    4.845999900000001    0.4
-11.538376163265319    4.772853914396452    0.4
-11.538376163265319    -4.772054014396451    0.4
-11.7355    -4.705199999999999    0.4
-11.7373    -4.704599999999999    0.4
-11.7513    -4.699999999999999    0.4
-11.7554    -4.698699999999999    0.4
-11.7659    -4.695499999999999    0.4
-11.7681    -4.694799999999999    0.4
-11.946539408163279    -4.642698417082095    0.4
-11.946539408163279    4.643498317082098    0.4
-12.1873    4.5731999000000005    0.4
-12.1906    4.572299900000001    0.4
-12.2012    4.5693999000000005    0.4
-12.2039    4.568699900000001    0.4
-12.2186    4.564899900000001    0.4
-12.2211    4.564299900000001    0.4
-12.354702653061238    4.531529437928376    0.4
-12.354702653061238    -4.530729537928375    0.4
-12.6451    -4.459499999999999    0.4
-12.6472    -4.458999999999999    0.4
-12.6626    -4.455399999999999    0.4
-12.6678    -4.454199999999999    0.4
-12.6785    -4.451999999999999    0.4
-12.6799    -4.451699999999999    0.4
-12.762865897959198    -4.435231113888248    0.4
-12.762865897959198    4.436031013888251    0.4
-13.1071    4.367699900000001    0.4
-13.1075    4.367599900000001    0.4
-13.1182    4.3654999000000005    0.4
-13.1247    4.364399900000001    0.4
-13.1395    4.361999900000001    0.4
-13.1411    4.3616999000000005    0.4
-13.171029142857158    4.357091145162998    0.4
-13.171029142857158    -4.356291245162997    0.4
-13.5723    -4.294499999999999    0.4
-13.5748    -4.294199999999999    0.4
-13.579192387755118    -4.2935805607012    0.4
-13.579192387755118    4.294341768480725    0.4
-13.5842    4.293599900000001    0.4
-13.5895    4.292799900000001    0.4
-13.6052    4.290899900000001    0.4
-13.6076    4.290699900000001    0.4
-13.987355632653077    4.249437317446535    0.4
-13.987355632653077    -4.248637417446534    0.4
-14.042    -4.242699999999999    0.4
-14.0441    -4.242499999999999    0.4
-14.0584    -4.241099999999999    0.4
-14.0633    -4.240599999999999    0.4
-14.0742    -4.239799999999999    0.4
-14.0756    -4.239699999999999    0.4
-14.395518877551037    -4.218528897809121    0.4
-14.395518877551037    4.219328797809124    0.4
-14.5108    4.211699900000001    0.4
-14.513    4.211599900000001    0.4
-14.5239    4.210999900000001    0.4
-14.5272    4.2107999000000005    0.4
-14.5427    4.210199900000001    0.4
-14.546    4.210099900000001    0.4
-14.803682122448999    4.204426165193785    0.4
-14.803682122448999    -4.203626265193782    0.4
-14.982    -4.199699999999999    0.4
-14.9849    -4.199699999999999    0.4
-14.9981    -4.199599999999999    0.4
-15.211845367346958    -4.199599999999999    0.4
-15.211845367346958    4.200399900000001    0.4
-15.620008612244918    4.200399900000001    0.4
-15.620008612244918    -4.199599999999999    0.4
-16.028171857142876    -4.199599999999999    0.4
-16.028171857142876    4.200399900000001    0.4
-16.436335102040836    4.200399900000001    0.4
-16.436335102040836    -4.199599999999999    0.4
-16.844498346938796    -4.199599999999999    0.4
-16.844498346938796    4.200399900000001    0.4
-17.252661591836752    4.200399900000001    0.4
-17.252661591836752    -4.199599999999999    0.4
-17.66082483673471    -4.199599999999999    0.4
-17.66082483673471    4.200399900000001    0.4
-18.068988081632668    4.200399900000001    0.4
-18.068988081632668    -4.199599999999999    0.4
-18.477151326530628    -4.199599999999999    0.4
-18.477151326530628    4.200399900000001    0.4
-18.885314571428584    4.200399900000001    0.4
-18.885314571428584    -4.199599999999999    0.4
-19.293477816326543    -4.199599999999999    0.4
-19.293477816326543    4.200399900000001    0.4
-19.7016410612245    4.200399900000001    0.4
-19.7016410612245    -4.199599999999999    0.4
-20.10980430612246    -4.199599999999999    0.4
-20.10980430612246    4.200399900000001    0.4
-20.517967551020416    4.200399900000001    0.4
-20.517967551020416    -4.199599999999999    0.4
-20.926130795918375    -4.199599999999999    0.4
-20.926130795918375    4.200399900000001    0.4
-21.334294040816335    4.200399900000001    0.4
-21.334294040816335    -4.199599999999999    0.4
-21.74245728571429    -4.199599999999999    0.4
-21.74245728571429    4.200399900000001    0.4
-22.15062053061225    4.200399900000002    0.4
-22.15062053061225    -4.1995999999999984    0.4
-22.558783775510207    -4.1995999999999984    0.4
-22.558783775510207    4.200399900000002    0.4
-22.966947020408167    4.200399900000002    0.4
-22.966947020408167    -4.1995999999999984    0.4
-23.375110265306123    -4.1995999999999984    0.4
-23.375110265306123    4.200399900000002    0.4
-23.783273510204083    4.200399900000002    0.4
-23.783273510204083    -4.1995999999999984    0.4
-24.19143675510204    -4.1995999999999984    0.4
-24.19143675510204    4.200399900000002    0.4
1111    1111    1111
3.800398999999999    -14.1996    0.4
3.8003989999999996    -6.784416703448277    0.4
3.7691999999999997    -6.8537    0.4
3.7655999999999996    -6.8613    0.4
3.7625999999999995    -6.8669    0.4
3.6281999999999996    -7.1149    0.4
3.6247999999999996    -7.1211    0.4
3.6214999999999997    -7.1265    0.4
3.4702999999999995    -7.3657    0.4
3.4658999999999995    -7.3722    0.4
3.4622999999999995    -7.3773    0.4
3.3803990999999995    -7.488591175119618    0.4
3.380399099999999    -14.1996    0.4
2.9603991999999995    -14.1996    0.4
2.9603992    -7.976297172469635    0.4
2.8959999999999995    -8.042    0.4
2.8902999999999994    -8.0477    0.4
2.8855999999999997    -8.0519    0.4
2.6735999999999995    -8.2391    0.4
2.6675999999999997    -8.2442    0.4
2.6625999999999994    -8.2481    0.4
2.5403993    -8.341496249285715    0.4
2.5403992999999994    -14.1996    0.4
2.1203993999999993    -14.1996    0.4
2.1203993999999997    -8.623047895114006    0.4
1.9337999999999995    -8.7282    0.4
1.9265999999999996    -8.7321    0.4
1.9208999999999996    -8.7349    0.4
1.7003994999999998    -8.838948673437502    0.4
1.7003994999999994    -14.1996    0.4
1.2803995999999995    -14.1996    0.4
1.2803996    -8.997055317507417    0.4
1.1062999999999996    -9.0513    0.4
1.0983999999999996    -9.0536    0.4
1.0921999999999996    -9.0551999    0.4
0.8603996999999998    -9.109264194387864    0.4
0.8603996999999994    -14.1996    0.4
0.4403997999999994    -14.1996    0.4
0.44039979999999973    -9.174617656410184    0.4
0.22999999999999945    -9.1931999    0.4
0.22209999999999944    -9.1938    0.4
0.21579999999999944    -9.194    0.4
0.02039989999999966    -9.19732124933472    0.4
0.02039989999999935    -14.1996    0.4
-0.39960000000000073    -14.1996    0.4
-0.3996000000000004    -9.179996558857143    0.4
-0.6572999000000006    -9.1476    0.4
-0.6646999000000006    -9.1466    0.4
-0.6709999000000005    -9.1454    0.4
-0.8195999000000005    -9.116195375722544    0.4
-0.8195999000000008    -14.1996    0.4
-1.2395998000000008    -14.1996    0.4
-1.2395998000000004    -9.012690273170733    0.4
-1.2422999000000003    -9.0119    0.4
-1.2482999000000004    -9.0099    0.4
-1.5146999000000005    -8.9163    0.4
-1.5213999000000005    -8.9138    0.4
-1.5272999000000005    -8.9114    0.4
-1.6595997000000005    -8.854641752469137    0.4
-1.659599700000001    -14.1996    0.4
-2.079599600000001    -14.1996    0.4
-2.0795996000000008    -8.647425431561462    0.4
-2.3034999000000003    -8.5113    0.4
-2.3103999000000006    -8.5069    0.4
-2.3155999000000005    -8.5033    0.4
-2.499599500000001    -8.3723280625    0.4
-2.4995995000000013    -14.1996    0.4
-2.919599400000001    -14.1996    0.4
-2.9195994000000005    -8.015579771484376    0.4
-2.9908999000000005    -7.9479    0.4
-2.9963999000000006    -7.9424    0.4
-3.0006999000000003    -7.9378    0.4
-3.1910999000000007    -7.7298    0.4
-3.1964999000000005    -7.7237    0.4
-3.2004999000000005    -7.7188    0.4
-3.3395993000000006    -7.542861589919183    0.4
-3.339599300000001    -14.1996    0.4
-3.759599200000001    -14.1996    0.4
-3.7595992000000007    -6.865610600000001    0.4
-3.8254000000000006    -6.7319    0.4
-3.8284999000000006    -6.7254    0.4
-3.8309999000000006    -6.7196    0.4
-3.9382000000000006    -6.4588    0.4
-3.9411999000000004    -6.4509999    0.4
-3.9432999000000004    -6.445    0.4
-4.0313    -6.1762    0.4
-4.0335    -6.1689    0.4
-4.0352    -6.1628    0.4
-4.104    -5.8892    0.4
-4.1057    -5.8818    0.4
-4.1069    -5.8756    0.4
-4.1565    -5.598    0.4
-4.1577    -5.5906    0.4
-4.1584    -5.5843    0.4
-4.1795991    -5.388487260526316    0.4
-4.179599100000001    -14.1996    0.4
1111    1111    1111
3.800399    -3.214783196551725    0.4
3.800399000000001    14.2004    0.4
3.380399100000001    14.2004    0.4
3.3803991    -2.510608824880383    0.4
3.2951    -2.3947    0.4
3.2913    -2.3896    0.4
3.2860999    -2.3833    0.4
3.1029    -2.1689    0.4
3.0987    -2.1641    0.4
3.0936    -2.1588    0.4
2.9603992000000003    -2.022902827530365    0.4
2.9603992000000012    14.2004    0.4
2.540399300000001    14.2004    0.4
2.5403993000000002    -1.6577036961604026    0.4
2.4386    -1.5798999000000002    0.4
2.4336    -1.5760999000000002    0.4
2.4270999    -1.5716999000000003    0.4
2.1911    -1.4164999000000003    0.4
2.1858    -1.4130999000000002    0.4
2.1793999    -1.4093999000000001    0.4
2.1203994    -1.3761520477003861    0.4
2.120399400000001    14.2004    0.4
1.7003995000000012    14.2004    0.4
1.7003995000000003    -1.1602513126955079    0.4
1.6649    -1.1435    0.4
1.6592    -1.1409    0.4
1.6516    -1.1378    0.4
1.3884    -1.0362    0.4
1.3825    -1.034    0.4
1.3758999    -1.0319    0.4
1.2803996000000004    -1.0021446671900474    0.4
1.2803996000000013    14.2004    0.4
0.8603997000000012    14.2004    0.4
0.8603997000000003    -0.8899357745627916    0.4
0.8178    -0.88    0.4
0.8116    -0.8787    0.4
0.8041    -0.8773    0.4
0.5249    -0.8325    0.4
0.5185999    -0.8316    0.4
0.5108    -0.8308    0.4
0.44039980000000023    -0.8245823185185185    0.4
0.4403998000000012    14.2004    0.4
0.02039990000000109    14.2004    0.4
0.020399900000000172    -0.80187875066528    0.4
-0.06659990000000006    -0.8004    0.4
-0.07289990000000006    -0.8004    0.4
-0.08019990000000006    -0.8007    0.4
-0.36259990000000003    -0.8151    0.4
-0.36889990000000006    -0.8155    0.4
-0.3772999000000001    -0.8164    0.4
-0.3995999999999999    -0.8192034401416285    0.4
-0.39959999999999896    14.2004    0.4
-0.819599899999999    14.2004    0.4
-0.8195998999999999    -0.8830046151750778    0.4
-0.9477999000000001    -0.9081999999999999    0.4
-0.9539999000000001    -0.9094999999999999    0.4
-0.9613000000000002    -0.9112999999999999    0.4
-1.2341    -0.9848999999999999    0.4
-1.2395998    -0.9864327311475408    0.4
-1.239599799999999    14.2004    0.4
-1.6595996999999991    14.2004    0.4
-1.6595997    -1.1445582046296296    0.4
-1.7865    -1.199    0.4
-1.7922    -1.2016    0.4
-1.7993    -1.2051    0.4
-2.0505    -1.3346999999999998    0.4
-2.0561    -1.3375999999999997    0.4
-2.0627    -1.3414999999999997    0.4
-2.0795996000000003    -1.3517745076411958    0.4
-2.0795995999999994    14.2004    0.4
-2.4995994999999995    14.2004    0.4
-2.4995995000000004    -1.6268718663194446    0.4
-2.546    -1.6598999999999997    0.4
-2.5511    -1.6635999999999997    0.4
-2.5569    -1.6681999999999997    0.4
-2.7753    -1.8473999999999997    0.4
-2.7801    -1.8514999999999997    0.4
-2.7860999    -1.8568999999999998    0.4
-2.9195994    -1.9836201666405435    0.4
-2.919599399999999    14.2004    0.4
-3.3395992999999993    14.2004    0.4
-3.3395993    -2.4563383046236873    0.4
-3.3757    -2.5019999    0.4
-3.3795    -2.507    0.4
-3.3836    -2.5127    0.4
-3.5436    -2.7455    0.4
-3.5471    -2.7508    0.4
-3.5514    -2.7577    0.4
-3.6938    -3.0008999999999997    0.4
-3.6969    -3.0064999999999995    0.4
-3.7006    -3.0136999999999996    0.4
-3.7595992000000003    -3.1335894000000004    0.4
-3.7595991999999994    14.2004    0.4
-4.179599099999999    14.2004    0.4
-4.1795991    -4.610712739473685    0.4
1111    1111    1111
24.2003899    -4.199599900000002    0.4
24.2003899    4.200399999999998    0.4
23.792399922    4.200399999999998    0.4
23.792399922    -4.199599900000002    0.4
23.384399944000002    -4.199599900000002    0.4
23.384399944000002    4.200399999999998    0.4
22.976399966000002    4.200399999999998    0.4
22.976399966000002    -4.199599900000002    0.4
22.568399988000007    -4.199599900000002    0.4
22.568399988000007    4.200399999999998    0.4
22.160400010000007    4.200399999999998    0.4
22.160400010000007    -4.199599900000002    0.4
21.752400032000008    -4.199599900000001    0.4
21.752400032000008    4.200399999999999    0.4
21.34440005400001    4.200399999999999    0.4
21.34440005400001    -4.199599900000001    0.4
20.93640007600001    -4.199599900000001    0.4
20.93640007600001    4.200399999999999    0.4
20.52840009800001    4.200399999999999    0.4
20.52840009800001    -4.199599900000001    0.4
20.12040012000001    -4.199599900000001    0.4
20.12040012000001    4.200399999999999    0.4
19.71240014200001    4.200399999999999    0.4
19.71240014200001    -4.199599900000001    0.4
19.304400164000015    -4.199599900000001    0.4
19.304400164000015    4.200399999999999    0.4
18.896400186000015    4.200399999999999    0.4
18.896400186000015    -4.199599900000001    0.4
18.488400208000016    -4.199599900000001    0.4
18.488400208000016    4.200399999999999    0.4
18.080400230000016    4.200399999999999    0.4
18.080400230000016    -4.199599900000001    0.4
17.672400252000017    -4.199599900000001    0.4
17.672400252000017    4.200399999999999    0.4
17.264400274000018    4.200399999999999    0.4
17.264400274000018    -4.199599900000001    0.4
16.856400296000018    -4.199599900000001    0.4
16.856400296000018    4.200399999999999    0.4
16.448400318000022    4.200399999999999    0.4
16.448400318000022    -4.199599900000001    0.4
16.040400340000023    -4.199599900000001    0.4
16.040400340000023    4.200399999999999    0.4
15.632400362000022    4.200399999999999    0.4
15.632400362000022    -4.199599900000001    0.4
15.22440038400002    -4.199599900000001    0.4
15.22440038400002    4.200399999999999    0.4
14.9989    4.200399999999999    0.4
14.9857    4.200499999999999    0.4
14.9828    4.200499999999999    0.4
14.81640040600002    4.204163844271559    0.4
14.81640040600002    -4.20336374427156    0.4
14.5468    -4.209299900000001    0.4
14.5435    -4.209399900000001    0.4
14.528    -4.209999900000001    0.4
14.5247    -4.210199900000001    0.4
14.5138    -4.2107999000000005    0.4
14.5116    -4.210899900000001    0.4
14.408400428000018    -4.217729283441176    0.4
14.408400428000018    4.218529383441174    0.4
14.0764    4.240499999999999    0.4
14.075    4.240599999999999    0.4
14.0641    4.241399999999999    0.4
14.0592    4.241899999999999    0.4
14.0449    4.243299999999999    0.4
14.0428    4.243499999999999    0.4
14.000400450000019    4.248106949263349    0.4
14.000400450000019    -4.24730684926335    0.4
13.6084    -4.289899900000001    0.4
13.606    -4.290099900000001    0.4
13.592400472000017    -4.291745702751592    0.4
13.592400472000017    4.292628503999997    0.4
13.5912    4.292799999999999    0.4
13.5756    4.294999999999999    0.4
13.5731    4.295299999999999    0.4
13.184400494000016    4.355155397027826    0.4
13.184400494000016    -4.354355297027828    0.4
13.1419    -4.360899900000001    0.4
13.1403    -4.361199900000001    0.4
13.1255    -4.3635999000000005    0.4
13.119    -4.364699900000001    0.4
13.1083    -4.366799900000001    0.4
13.1079    -4.366899900000001    0.4
12.776400516000017    -4.432703168359548    0.4
12.776400516000017    4.433503268359546    0.4
12.6807    4.452499999999999    0.4
12.6793    4.452799999999999    0.4
12.6686    4.454999999999999    0.4
12.6634    4.456199999999999    0.4
12.648    4.4597999999999995    0.4
12.6458999    4.460299999999999    0.4
12.368400538000015    4.528365897298555    0.4
12.368400538000015    -4.527565797298558    0.4
12.2219    -4.563499900000001    0.4
12.2194    -4.564099900000001    0.4
12.2047    -4.5678999000000005    0.4
12.202    -4.568599900000001    0.4
12.1914    -4.571499900000001    0.4
12.1881    -4.572399900000001    0.4
11.960400560000014    -4.6388846601526685    0.4
11.960400560000014    4.639684760152666    0.4
11.7689    4.695599999999999    0.4
11.7667    4.696299999999999    0.4
11.7562    4.699499999999999    0.4
11.7521    4.700799999999999    0.4
11.7381    4.705399999999999    0.4
11.7363    4.7059999999999995    0.4
11.552400582000013    4.768368973554023    0.4
11.552400582000013    -4.767568873554024    0.4
11.3234999    -4.845199900000001    0.4
11.3217    -4.845799900000001    0.4
11.3071    -4.850899900000001    0.4
11.3017    -4.852899900000001    0.4
11.2914999    -4.856799900000001    0.4
11.2904    -4.857199900000001    0.4
11.144400604000014    -4.913993378208248    0.4
11.144400604000014    4.914793478208246    0.4
10.8832    5.016399999999999    0.4
10.8811    5.017199999999999    0.4
10.8709    5.021299999999999    0.4
10.8672    5.022899999999999    0.4
10.8538    5.028599999999999    0.4
10.8516999    5.029499999999999    0.4
10.736400626000012    5.08010229926109    0.4
10.736400626000012    -5.079302199261093    0.4
10.4525    -5.203899900000001    0.4
10.4501    -5.204899900000001    0.4
10.4358    -5.211399900000001    0.4
10.4321    -5.213199900000001    0.4
10.4223    -5.217899900000001    0.4
10.4204    -5.2187999000000005    0.4
10.328400648000011    -5.264141093930465    0.4
10.328400648000011    5.264941193930464    0.4
10.0292    5.412399999999999    0.4
10.0184    5.417799999999999    0.4
10.0134    5.420399999999999    0.4
9.9992    5.427999999999999    0.4
9.9972    5.429099999999999    0.4
9.92040067000001    5.471355698305434    0.4
9.92040067000001    -5.470555598305435    0.4
9.6148    -5.638699900000001    0.4
9.6121    -5.640199900000001    0.4
9.5993    -5.647499900000001    0.4
9.596    -5.649399900000001    0.4
9.5866    -5.654999900000001    0.4
9.5852    -5.6558999000000005    0.4
9.51240069200001    -5.700110638549352    0.4
9.51240069200001    5.700903067884082    0.4
9.2125    5.882999999999999    0.4
9.2030999    5.888699999999999    0.4
9.1978    5.8919999999999995    0.4
9.1855    5.8999999999999995    0.4
9.1835    5.901299999999999    0.4
9.10440071400001    5.954090933167393    0.4
9.10440071400001    -5.9532908331673955    0.4
8.8203    -6.142899900000001    0.4
8.8176    -6.144799900000001    0.4
8.8053    -6.153299900000001    0.4
8.8021999    -6.155399900000001    0.4
8.7933    -6.161799900000001    0.4
8.792    -6.162799900000001    0.4
8.696400736000008    -6.232761179563632    0.4
8.696400736000008    6.233561279563628    0.4
8.44    6.421199999999999    0.4
8.4381    6.422599999999999    0.4
8.4293    6.429199999999999    0.4
8.4269    6.431099999999999    0.4
8.4145    6.440699999999999    0.4
8.4117    6.442799999999999    0.4
8.288400758000009    6.541729509463521    0.4
8.288400758000009    -6.540929445728007    0.4
8.0717    -6.714800000000001    0.4
8.0695    -6.716599900000001    0.4
8.0574    -6.726600000000001    0.4
8.0548    -6.728799900000001    0.4
8.0465    -6.735899900000001    0.4
8.0445    -6.737599900000001    0.4
7.8804007800000075    -6.881687019999994    0.4
7.8804007800000075    6.882487119999992    0.4
7.7165    7.026399999999999    0.4
7.7146    7.028099999999999    0.4
7.7065    7.035399999999999    0.4
7.7038    7.037899999999999    0.4
7.693    7.047999999999999    0.4
7.6913    7.049599999999999    0.4
7.472400802000007    7.259054242294967    0.4
7.4724008020000054    -7.258254208746188    0.4
7.376099999999999    -7.350399900000001    0.4
7.374899999999999    -7.351600000000001    0.4
7.3637999999999995    -7.362399900000001    0.4
7.3591999999999995    -7.366999900000001    0.4
7.3515999999999995    -7.374900000000001    0.4
7.3511999999999995    -7.375300000000001    0.4
7.064400824000005    -7.675031764838189    0.4
7.064400824000007    7.675831665457665    0.4
7.0495999000000005    7.6913    0.4
7.048199900000001    7.6928    0.4
7.040700000000001    7.7008    0.4
7.038599900000001    7.7031    0.4
7.028699900000001    7.714    0.4
7.026399900000001    7.7165    0.4
6.738400000000001    8.0445    0.4
6.7366999000000005    8.0465    0.4
6.729599900000001    8.0548    0.4
6.727400000000001    8.0574    0.4
6.717399900000001    8.0695    0.4
6.715600000000001    8.0717    0.4
6.656400846000006    8.145481909757358    0.4
6.656400846000004    -8.144681936803513    0.4
6.442799999999999    -8.4109    0.4
6.440699999999999    -8.4137    0.4
6.431099999999999    -8.4261    0.4
6.429199999999999    -8.4285    0.4
6.422599999999999    -8.4373    0.4
6.421199999999999    -8.4392    0.4
6.248400868000004    -8.67532303751552    0.4
6.248400868000005    8.67612290086956    0.4
6.163599900000001    8.792    0.4
6.162599900000001    8.7933    0.4
6.156199900000001    8.8021999    0.4
6.154099900000001    8.8053    0.4
6.145599900000001    8.8176    0.4
6.1436999000000005    8.8203    0.4
5.901299900000001    9.1835    0.4
5.9001999000000005    9.1852    0.4
5.894199900000001    9.1944    0.4
5.891399900000001    9.1988    0.4
5.883699900000001    9.2113    0.4
5.883099900000001    9.2124    0.4
5.840400890000004    9.282710030600704    0.4
5.840400890000002    -9.28185770347768    0.4
5.656699999999999    -9.5844    0.4
5.6556999999999995    -9.5859    0.4
5.648199999999999    -9.5985    0.4
5.6457999999999995    -9.6027    0.4
5.640399999999999    -9.6123    0.4
5.639499999999999    -9.614    0.4
5.432400912000002    -9.990400623817484    0.4
5.432400912000004    9.991200442068434    0.4
5.429099900000001    9.9972    0.4
5.4283999000000005    9.9983    0.4
5.423199900000001    10.0079    0.4
5.420699900000001    10.0128    0.4
5.413399900000001    10.0272    0.4
5.4123999000000005    10.0292    0.4
5.219599900000001    10.4204    0.4
5.218699900000001    10.4223    0.4
5.213999900000001    10.4321    0.4
5.212199900000001    10.4358    0.4
5.205699900000001    10.4501    0.4
5.2046999000000005    10.4525    0.4
5.029499900000001    10.8516999    0.4
5.028899900000001    10.8531    0.4
5.024599900000001    10.8631    0.4
5.024400934000003    10.86356815529411    0.4
5.024400934000001    -10.862871488491225    0.4
5.022899999999999    -10.8664    0.4
5.021299999999999    -10.8701    0.4
5.017199999999999    -10.8803    0.4
5.016399999999999    -10.8824    0.4
4.857999999999999    -11.2896    0.4
4.856999999999999    -11.2922999    0.4
4.8515999999999995    -11.3068    0.4
4.850199999999999    -11.3106    0.4
4.846599999999999    -11.3209    0.4
4.845999999999999    -11.3227    0.4
4.7059999999999995    -11.7355    0.4
4.705399999999999    -11.7373    0.4
4.700799999999999    -11.7513    0.4
4.699499999999999    -11.7554    0.4
4.696299999999999    -11.7659    0.4
4.695599999999999    -11.7681    0.4
4.6164009560000006    -12.039343784679735    0.4
4.616400956000002    12.040143442196074    0.4
4.5731999000000005    12.1881    0.4
4.572299900000001    12.1914    0.4
4.5693999000000005    12.202    0.4
4.568699900000001    12.2047    0.4
4.564899900000001    12.2194    0.4
4.564299900000001    12.2219    0.4
4.460299900000001    12.6458999    0.4
4.459799900000001    12.6476    0.4
4.457299900000001    12.6582    0.4
4.456399900000001    12.6625    0.4
4.453099900000001    12.678    0.4
4.452499900000001    12.6807    0.4
4.367699900000001    13.1079    0.4
4.367599900000001    13.1083    0.4
4.3654999000000005    13.119    0.4
4.364399900000001    13.1255    0.4
4.361999900000001    13.1403    0.4
4.3616999000000005    13.1419    0.4
4.295299900000001    13.5731    0.4
4.295199900000001    13.5742    0.4
4.293599900000001    13.585    0.4
4.292799900000001    13.5903    0.4
4.290899900000001    13.606    0.4
4.290699900000001    13.6084    0.4
4.243499900000001    14.0428    0.4
4.243299900000001    14.0443    0.4
4.242199900000001    14.0552    0.4
4.241799900000001    14.06    0.4
4.240699900000001    14.0743    0.4
4.2404999000000005    14.0764    0.4
4.232299900000001    14.2004    0.4
4.208400978000001    14.2004    0.4
4.208400977999999    -14.1996    0.4
1111    1111    1111
11    1111    0.6