7.127263109164106    -2.534169715405017    0.2
10.28128959009804    -1.0821393793613954    0.2
9.962722364794942    -0.7023010786721202    0.2
7.317765043360868    -1.919969443690328    0.2
7.363399893574085    -1.733599960918276    0.2
7.3635998966912    -1.732399955933643    0.2
7.4153999377259545    -1.5026000211686439    0.2
7.415999995630557    -1.4997999956757022    0.2
7.445881252645062    -1.3344899089944047    0.2
9.502844744856239    -0.38751834458938816    0.2
8.799336438627916    -0.18489673198807743    0.2
7.526408169295704    -0.7709192254106982    0.2
7.543899932153823    -0.5602999886142737    0.2
7.54399993231892    -0.5589999351434574    0.2
7.558899923515241    -0.3239999466209271    0.2
7.558999917177816    -0.3214999334674724    0.2
7.561324898286831    -0.22834626537643032    0.2
7.851124089856436    -0.09493038568623113    0.2
1111    1111    1111
10.647120151056182    -0.9137206690004778    0.2
11.461548109747358    -0.5387795866442193    0.2
11.38479989197483    -0.525699996214815    0.2
11.381199966115373    -0.5249999856531655    0.2
11.377699954345664    -0.5240999637301629    0.2
11.374199939092522    -0.5230000230236795    0.2
11.370799928765283    -0.5217000291372811    0.2
11.36739996397221    -0.5201999838126792    0.2
11.364199916220901    -0.5185999756129069    0.2
11.360999955822319    -0.5168000068110921    0.2
11.357999959741381    -0.5147999830876442    0.2
11.354999918358446    -0.5125999497445592    0.2
11.352699905070846    -0.5106999712560336    0.2
11.056947910935028    -0.2584953791390783    0.2
10.663937861552876    -0.43942680679909873    0.2
10.680755572049568    0.03486705540227941    0.2
10.701650849092927    0.044486688062436386    0.2
1111    1111    1111
6.594925979873281    -3.709419922752965    0.2
12.922992375357259    -0.7961455953858252    0.2
12.330099919516305    -0.6869000141019619    0.2
12.330099875956027    -0.6867999638740638    0.2
12.198853626676321    -0.6644327109118793    0.2
6.898607890463497    -3.104525602962676    0.2
1111    1111    1111
14.135592639948399    -0.2378965190624438    0.2
14.304488713078742    -0.1601412359960559    0.2
1111    1111    1111
5.198733479550865    -5.4943531227761895    0.2
14.50478886137731    -1.2100914639099676    0.2
14.481799892661655    -1.205699993059084    0.2
14.47819992324192    -1.2048999322695346    0.2
14.474699909730495    -1.203899950954793    0.2
14.471199985313511    -1.202799968429746    0.2
14.467899932636296    -1.2014000134098923    0.2
14.464499967843222    -1.1998999680852904    0.2
14.461299874789919    -1.1980999502658811    0.2
14.45819996287752    -1.1961999785120465    0.2
14.455199966796583    -1.1941999547885995    0.2
14.452299926623953    -1.1920000105399566    0.2
14.449499982213386    -1.189599971292834    0.2
14.44689995484458    -1.1870999691705402    0.2
14.444399974220245    -1.1844000047044876    0.2
14.441999909427372    -1.1815999882688208    0.2
14.43989994455888    -1.1787000144153001    0.2
14.437799892569831    -1.1755999401059825    0.2
14.435999893229287    -1.1725000004252717    0.2
14.434299900556363    -1.169299966956384    0.2
14.432799914019645    -1.1658999694020213    0.2
14.431499937102569    -1.1624999265456646    0.2
14.430399919045817    -1.1590000116502965    0.2
14.429399909398397    -1.1554999623584905    0.2
14.42869990883921    -1.1518999974673934    0.2
14.428099871155187    -1.1484999496180608    0.2
14.372023826233224    -0.7001322957072427    0.2
6.060217557990134    -4.526667970586157    0.2
1111    1111    1111
0.09485710569169825    -7.844042756347489    0.2
0.794814779106118    -7.5218007644402745    0.2
1111    1111    1111
0.053026953285150835    -10.359878084091141    0.2
14.826436419003842    -3.5585912716019887    0.2
15.306899949972767    -2.9482999987113345    0.2
15.3072999186849    -2.947800020312487    0.2
15.447273504073223    -2.7734591128514507    0.2
0.11739847349756882    -9.83092794727997    0.2
0.5105000047187347    -9.580999968751769    0.2
0.512000061306666    -9.579899963932233    0.2
0.5150000853880856    -9.577799955503464    0.2
0.5178000127293081    -9.57549989192089    0.2
0.5206000709835386    -9.573099917964175    0.2
0.5230999822696738    -9.570499932413934    0.2
0.525599982650252    -9.567799945653391    0.2
0.5279000189453571    -9.564899952756642    0.2
0.5300000038022592    -9.561999914325726    0.2
0.531900066392252    -9.558899960594763    0.2
0.5336999933755036    -9.555699909360024    0.2
0.5352999998335601    -9.552399902216974    0.2
0.5368000468998768    -9.54909989681564    0.2
0.7335243035846082    -9.047964725663142    0.2
15.477867308079649    -2.2600593428206057    0.2
14.784399927720518    -2.194900025952263    0.2
14.780699955116594    -2.1943999777343715    0.2
14.777099940162696    -2.1937999683830247    0.2
14.773599971953264    -2.192999996687921    0.2
14.770099914881555    -2.1918999651452795    0.2
14.766599946904295    -2.1906999323923344    0.2
14.763299894227082    -2.189299977372481    0.2
14.759999887084032    -2.187699970914424    0.2
14.756799928427167    -2.1859999615043497    0.2
14.753699882118328    -2.183999981341181    0.2
14.750699975131834    -2.1818999564074293    0.2
14.747799934959206    -2.1797000121587873    0.2
14.745099948198662    -2.1772000117782087    0.2
14.742499920829859    -2.174700009655914    0.2
14.74009999043342    -2.1720000016295815    0.2
14.73769992389883    -2.1691000258021766    0.2
14.735599917211777    -2.166199961112498    0.2
14.73359995726919    -2.1630999340790584    0.2
14.731799914368366    -2.1598999441704505    0.2
14.730199922905745    -2.1566999997960057    0.2
14.72869993636903    -2.153300002241642    0.2
14.72749991884369    -2.149899957643571    0.2
14.726399991623095    -2.1464000009296393    0.2
14.725499941367419    -2.142899949896118    0.2
14.724799940808229    -2.13929998500502    0.2
14.724299949868676    -2.135699974811928    0.2
14.723999966807046    -2.1319999599251025    0.2
14.723899946089173    -2.1283999917827447    0.2
14.723999933249225    -2.124700018946651    0.2
14.724299931770627    -2.1210999602003033    0.2
14.724899941121976    -2.1174999452464034    0.2
14.725599951683625    -2.1139000193869473    0.2
14.726499973606629    -2.110400007617236    0.2
14.72749995492137    -2.1068999941058113    0.2
14.72781650616708    -2.1060476934397645    0.2
0.8664814608383029    -8.487439576339295    0.2
0.4408633739111787    -8.18406768949324    0.2
15.271319557330017    -1.35651807763539    0.2
1111    1111    1111
4.9340760719523225    -14.932899905289972    0.2
4.934100461959909    -14.932888676775839    0.2
4.953808101324393    -14.469151043938531    0.2
3.94647639793389    -14.932899906106739    0.2
2.95885281109042    -14.932899906923527    0.2
4.992219718785239    -13.996791585662438    0.2
5.037499999753948    -13.571599933919874    0.2
5.038200007296505    -13.566999967161259    0.2
5.047151078792622    -13.516826875031548    0.2
1.9712292242469518    -14.932899907740314    0.2
0.9836056374034827    -14.932899908557102    0.2
5.135525366447588    -13.0214659254141    0.2
5.163600063759789    -12.864099918967844    0.2
5.164599991528299    -12.859099976762401    0.2
5.2540828840714395    -12.512209415369515    0.2
0.04735786636397954    -14.909247843185701    0.2
-0.044083563887512334    -14.496669292154937    0.2
5.401835374988531    -11.989512312121915    0.2
5.568599961110275    -11.485799955785366    0.2
5.570299920457549    -11.481299987217964    0.2
5.582573869650442    -11.451629325562346    0.2
-0.1355249941390042    -14.084090741124177    0.2
-0.22696642439049608    -13.671512190093413    0.2
5.814907477493046    -10.889993314104967    0.2
5.843199962920226    -10.821599942964697    0.2
5.845199934839156    -10.817199977581485    0.2
6.103656368214684    -10.302385199162718    0.2
-0.25222121620179383    -13.228463062028224    0.2
-0.269952330115105    -12.78195023173589    0.2
6.45760688622433    -9.684759980257041    0.2
6.530999872067467    -9.56059996029243    0.2
6.53369991935761    -9.55639995771731    0.2
6.903343324108181    -9.02487895250364    0.2
-0.28768344402841617    -12.335437401443555    0.2
-0.2911000095700196    -12.249399921941745    0.2
-0.21882296034132853    -11.849060090836192    0.2
7.497631856689397    -8.296608471051188    0.2
7.880099900728009    -7.883299994473539    0.2
7.883699941940673    -7.87970001228093    0.2
8.34694865772239    -7.450929722870741    0.2
-0.12929498084007474    -11.353168012019484    0.2
-0.10759992857399503    -11.23299994134262    0.2
0.7133000141002817    -10.594599907854754    0.2
0.716000025610044    -10.592399896241794    0.2
0.7186999900760966    -10.589899915617458    0.2
0.7212999934086941    -10.587299977343099    0.2
0.7236999925789696    -10.584599901488113    0.2
0.7258999786461753    -10.581699952151641    0.2
0.7280000525975212    -10.578699912510425    0.2
0.7300000745792543    -10.575599957037745    0.2
0.7317000421707656    -10.572399907544723    0.2
0.7333000486288217    -10.569099900401671    0.2
0.7347000454672408    -10.565799938560618    0.2
0.7359000364016208    -10.562299879747197    0.2
0.7369000595349271    -10.558799957071928    0.2
0.7376999894114684    -10.555299898026338    0.2
0.7383999999731174    -10.551699972166883    0.2
0.7388000469807054    -10.547999910468516    0.2
0.7389999952742112    -10.544399895282446    0.2
0.7390999824342619    -10.540699922446354    0.2
0.7389000023246504    -10.53709995604571    0.2
0.7385000616129975    -10.53349990229234    0.2
0.7379000187038298    -10.529799976267787    0.2
0.7372000198863553    -10.52629997076843    0.2
0.7362000102389383    -10.522799921476624    0.2
0.7351000411997823    -10.519299873926533    0.2
0.7337000558733675    -10.515899965466613    0.2
0.7322000710783665    -10.512599927303993    0.2
0.7305000766637266    -10.509299934443366    0.2
0.7285999852767207    -10.506199947486776    0.2
0.7272432257627166    -10.50416471979364    0.2
10.47554393727497    -6.01630501298482    0.2
1111    1111    1111
13.786740449180893    -5.0138101442669445    0.2
14.786516508021162    -4.553539700926742    0.2
14.648040018568476    -4.129006534159511    0.2
11.615149596240425    -5.525269034090222    0.2
1111    1111    1111
-7.669351705796719    8.11095327154047    0.2
-2.5708208370009786    11.11973185556565    0.2
-3.1067000689750683    11.189299954720822    0.2
-3.1102999870803605    11.189899933458104    0.2
-3.1139000506556043    11.190599916739476    0.2
-3.1173999983161087    11.191599917926343    0.2
-3.1207999852565314    11.192699896882939    0.2
-3.1241999624722476    11.194099920519383    0.2
-3.127600085157917    11.195599948699918    0.2
-3.130800063336142    11.19729994794371    0.2
-3.1339000031969544    11.199199945025113    0.2
-3.136899982337686    11.201199919876247    0.2
-3.1399000293510406    11.203399919339352    0.2
-3.142600013435017    11.205799984512693    0.2
-3.145300041342999    11.208299881985814    0.2
-3.147800026389482    11.210999922766497    0.2
-3.1502000421910563    11.213699972072009    0.2
-3.152400008132167    11.216699910862712    0.2
-3.1544000355834627    11.219699866703063    0.2
-3.156300067015495    11.222799937258275    0.2
-3.1580000400622374    11.22609992805377    0.2
-3.159500074619163    11.229399935898915    0.2
-3.160800042265975    11.232799894739438    0.2
-3.1619999545457236    11.236199912927757    0.2
-3.1629000269633756    11.239799981302523    0.2
-3.163549777671877    11.242642613059289    0.2
-6.890170832863744    9.0434644752427    0.2
-6.532599940763327    9.557500034058487    0.2
-6.5298999898301    9.561699993225927    0.2
-6.378342940929793    9.818203578646722    0.2
-2.7261429981040326    11.973463839951688    0.2
-2.5539000129064995    12.247899947470097    0.2
-2.5517999912131275    12.250999955203534    0.2
-2.5497000385922592    12.253899973624186    0.2
-2.5472999819437443    12.256699926953065    0.2
-2.544800033647651    12.259399868738896    0.2
-2.542200012934846    12.261899931382706    0.2
-2.539399994384427    12.264299955709106    0.2
-2.537099969928259    12.265999914105958    0.2
-1.6127999751378912    12.952099949169021    0.2
-1.6342754083432798    13.090499786430021    0.2
-5.995644730836459    10.51673982454489    0.2
-5.844199999743631    10.818399996404501    0.2
-5.842200038342505    10.822799955809314    0.2
-5.7015165433456865    11.163008545924539    0.2
-1.7014703687659898    13.523542114299293    0.2
-1.7686653291887007    13.956584442168563    0.2
-5.474004544067284    11.769965283989647    0.2
-5.343299993297691    12.164699889236237    0.2
-5.342000004379016    12.16909991038861    0.2
-5.295921982951969    12.347752396766086    0.2
-1.6761878604892972    14.483853714537117    0.2
-1.520000048272018    14.933699914407864    0.2
-1.7149077928184422    14.933699913347285    0.2
-5.1559671536602565    12.9030393215628    0.2
-5.0617133444267175    13.431356859695468    0.2
-2.5159153741105698    14.933699908988647    0.2
-3.316922955402698    14.93369990463001    0.2
-4.997329457304764    13.942047362851087    0.2
-4.961100054958649    14.28269993509214    0.2
-4.960799964506675    14.286899916982653    0.2
-4.9541872009556025    14.44020261508764    0.2
-4.117930536694826    14.933699900271375    0.2
-4.918938117986953    14.933699895912737    0.2
-4.93326471743625    14.925245388778384    0.2
1111    1111    1111
-14.937175631691183    3.8220171949678754    0.2
-12.509096687086974    5.254891118230628    0.2
-12.858199900586236    5.1647999791289365    0.2
-12.863199940700259    5.163799924016367    0.2
-13.565999940941506    5.038299986120954    0.2
-13.570599957406067    5.037599974488354    0.2
-13.81167129003736    5.011927350475819    0.2
-14.935911444663947    4.348483353060032    0.2
-14.934647257636712    4.87494951115219    0.2
-14.823317759184324    4.940648007313873    0.2
1111    1111    1111
-14.632821416660484    0.6120669084356924    0.2
-1.2867045365381973    8.487965217607549    0.2
-1.442800062006938    8.612199933890238    0.2
-1.4456000153358208    8.614599990538753    0.2
-1.4483000432438025    8.617099888011873    0.2
-1.4508000197654605    8.619699959547653    0.2
-1.453199993268889    8.622499891975915    0.2
-1.455400001508146    8.625399947643864    0.2
-1.4574000289594413    8.628399903484215    0.2
-1.4593000689162992    8.631599943284334    0.2
-1.461000033438216    8.634799964834922    0.2
-1.4626000372400494    8.638099964155243    0.2
-1.463900004886861    8.641499922995765    0.2
-1.4651000626365627    8.644999945728173    0.2
-1.466000024883444    8.648499872613723    0.2
-1.4667999825862355    8.651999944969225    0.2
-1.4673999595010647    8.65559991749713    0.2
-1.4678000572738776    8.659299962441747    0.2
-1.4680000202639518    8.662899933769772    0.2
-1.4679000149716268    8.666799889229967    0.2
-1.460679423148584    8.86952022367796    0.2
-14.94041091504804    0.9147723806357826    0.2
-15.148219494899998    1.2763612250287695    0.2
-1.4430618489543572    9.36413903337417    0.2
-1.4254442747601304    9.858757843070382    0.2
-14.910214408134252    1.9010365637675113    0.2
-14.550099978531975    2.4406000019714424    0.2
-14.547399958526245    2.4449999504516695    0.2
-14.545699873160299    2.4481999794528653    0.2
-14.544199880278946    2.4515999651934086    0.2
-14.542899962832536    2.454999969183482    0.2
-14.541699928508876    2.4584000154717023    0.2
-14.540799955914718    2.4620000099744423    0.2
-14.539999944040638    2.465500026707452    0.2
-14.539499934548262    2.4690999362879165    0.2
-14.539099918349411    2.4728000296557466    0.2
-14.538899953536884    2.4763999489609194    0.2
-14.538999920507694    2.4801000350038036    0.2
-14.539199969619922    2.483699955508855    0.2
-14.539599921922782    2.4872999959093844    0.2
-14.540299918905493    2.490900046034618    0.2
-14.541099920432293    2.4944999506899004    0.2
-14.54209990274705    2.4979999551727774    0.2
-14.570316804063417    2.585841385259074    0.2
-1.514264824652415    10.29056468663037    0.2
-1.7655571597333615    10.626492611269645    0.2
-14.701074403115921    2.992900061427794    0.2
-14.831832002168424    3.399958737596517    0.2
-2.016849494814309    10.962420535908924    0.2
1111    1111    1111
-7.522617884578105    -0.7840989548883157    0.2
-7.522601049031191    -0.7840890197845947    0.2
-7.5377999289285205    -0.6273000048832493    0.2
-7.5378999721711155    -0.6261999917016867    0.2
-7.556499914917228    -0.39129997359591595    0.2
-7.556599917187221    -0.38760002449815856    0.2
-7.557800196141646    -0.33886464640545055    0.2
-8.28119170392545    -0.7657572028095818    0.2
-9.404499926390741    -1.1576000514704168    0.2
-9.631360722220185    -1.0965198907461513    0.2
-7.5631664265310015    0.1239765355003466    0.2
-7.558199969923768    0.32230001231483474    0.2
-7.558099951181433    0.32479998751094863    0.2
-7.5431999190001395    0.5597999601722163    0.2
-7.543099954680416    0.5610999797162166    0.2
-7.5395433453973535    0.6039250806683478    0.2
-10.173629371501592    -0.9505190970314881    0.2
-10.56999992590228    -0.8438000093167375    0.2
-10.654319361846703    -0.7681790999250255    0.2
-7.482189163322582    1.1037792450703896    0.2
-7.457399928446675    1.266799930068054    0.2
-7.457099955364754    1.2686999698992474    0.2
-7.4151998915296335    1.5005999488601405    0.2
-7.414599879892929    1.503399976061048    0.2
-7.386968905089841    1.625979187489086    0.2
-10.967714726434103    -0.4871140974875292    0.2
-11.281110091021505    -0.20604909505003555    0.2
-7.244475277454287    2.1760764017129595    0.2
-7.239799951589754    2.192100024988543    0.2
-7.239299921322422    2.193799971135264    0.2
-7.1672998675974675    2.4179999680311246    0.2
-7.166699910383377    2.419600039579919    0.2
-7.0890998810538175    2.642099979209734    0.2
-7.088099941614512    2.644899954387789    0.2
-7.041242216618741    2.7620175699151153    0.2
-11.813289725839839    -0.05409450573589858    0.2
-12.422399977494672    0.03609998647239454    0.2
-12.425169058971873    0.050827173194749165    0.2
-6.759306508180015    3.3944032623749942    0.2
-6.700999981054425    3.5096999719310813    0.2
-6.700299927375006    3.51099997202567    0.2
-6.5894999303445285    3.7188999638672917    0.2
-6.587899960893322    3.721799974962996    0.2
-6.466799895526    3.9238999503670273    0.2
-6.4661999577613205    3.9248999325561247    0.2
-6.359153663021714    4.096552029410638    0.2
-12.504038972561279    0.4702918779249723    0.2
-12.582908886150689    0.8897565826551936    0.2
-5.736329138420514    4.930105273072497    0.2
-5.618099909992954    5.0659999902856745    0.2
-5.6166999517037075    5.067499953244675    0.2
-5.456599919990018    5.2402999673974975    0.2
-5.454799946576136    5.2421999430813715    0.2
-5.287999947473807    5.40850002993605    0.2
-5.287099905681481    5.409399947033379    0.2
-5.117299948087713    5.572699955752468    0.2
-5.115199980816954    5.574600007833792    0.2
-4.9383999456818355    5.73040002706855    0.2
-4.936999910995141    5.731599996170673    0.2
-4.756199930254301    5.8824999884859865    0.2
-4.754799887042781    5.883599988343203    0.2
-4.569899982926486    6.029499993018992    0.2
-4.567699927715225    6.031199942891019    0.2
-4.376799972944584    6.169299984874891    0.2
-4.3757999448577    6.169999972007232    0.2
-4.182499968160419    6.304499967591175    0.2
-4.1800999659345175    6.306099965267944    0.2
-3.9897121261554145    6.4268383339765265    0.2
-14.088754907462617    0.4671247573618107    0.2
1111    1111    1111
-2.1307052808513856    7.257437982061457    0.2
-0.8929751505766852    7.987855430657356    0.2
1111    1111    1111
-8.976473539970511    -1.1494508711321938    0.2
-7.359467360890376    -1.7467765091893162    0.2
-7.401599904376059    -1.5681999759302467    0.2
-7.402199984450099    -1.5650999758794821    0.2
-7.445199914862477    -1.3333999730851995    0.2
-7.445499978108465    -1.3321999479902922    0.2
-7.484034648234563    -1.1008919654414053    0.2
-8.065775923411877    -0.8859954592467725    0.2
1111    1111    1111
-13.292786583342764    -0.8241340301510469    0.2
-6.851656560929821    -3.2035016233134885    0.2
-6.8796999095634535    -3.1433000284182153    0.2
-6.8803998727127755    -3.141799941184223    0.2
-6.974799906942437    -2.926099997119605    0.2
-6.97539989210515    -2.924599956718641    0.2
-7.064299958547359    -2.7063999435055783    0.2
-7.06539993842798    -2.703700006604051    0.2
-7.144799956185519    -2.4818999658634717    0.2
-7.145199938265256    -2.4807000223915163    0.2
-7.152985775242248    -2.457621671008526    0.2
-12.78326332783765    -0.37778476311500775    0.2
1111    1111    1111
-16.4650686768551    -1.554729429037514    0.2
-4.757523289596467    -5.879522437871412    0.2
-4.886499896936347    -5.775199950144928    0.2
-4.888699982663038    -5.7733999667407785    0.2
-5.0654999500904445    -5.617600011909438    0.2
-5.066899897613917    -5.616299962686706    0.2
-5.238899895746571    -5.455499992153447    0.2
-5.239899990199737    -5.454599983056411    0.2
-5.40869994306734    -5.290199932301601    0.2
-5.41099991339131    -5.287799964841641    0.2
-5.571599929962359    -5.115399977508177    0.2
-5.572399939986322    -5.114500002924338    0.2
-5.587948623689005    -5.097151154998315    0.2
-16.491493432026104    -1.069357727870285    0.2
-16.504099971920905    -0.8377999452163412    0.2
-15.380699930750477    -1.1860999815290274    0.2
-15.375899920345342    -1.1874000038982881    0.2
-15.372299913256835    -1.1880999267674053    0.2
-15.368699940958255    -1.1885999528161628    0.2
-15.365099968798033    -1.1888999882401414    0.2
-15.361399937166617    -1.1890999987061157    0.2
-15.357799930631561    -1.1889999590761127    0.2
-15.35409994624826    -1.188699975654357    0.2
-15.350499939989932    -1.1881999547747935    0.2
-15.346899886898576    -1.1875999559086186    0.2
-15.343399987359565    -1.1866999660993258    0.2
-15.339899959502935    -1.1855999265123938    0.2
-15.336399919464837    -1.1844000027432697    0.2
-15.333099976314136    -1.1828999473935786    0.2
-15.329799892525982    -1.181299948708836    0.2
-15.326599915318784    -1.1794999717191468    0.2
-15.323599975707758    -1.1775999822296503    0.2
-15.320599954750506    -1.1753999303243416    0.2
-15.188794503679457    -1.074967237897713    0.2
-6.141475023765677    -4.41706694720149    0.2
-6.169899935665541    -4.3790999464976155    0.2
-6.171799925016674    -4.37629999751137    0.2
-6.303299893421942    -4.18079994810528    0.2
-6.304099903584269    -4.179699982896661    0.2
-6.4315999796696985    -3.981699971434919    0.2
-6.432599946220334    -3.979999940685901    0.2
-6.545521068179171    -3.7922011114669845    0.2
-14.768413402515582    -0.7546466025060754    0.2
1111    1111    1111
-16.430175356036017    -2.1956533560570772    0.2
0.6738011513092808    -8.51389988642964    0.2
1111    1111    1111
-17.43546914795971    -2.943597659256109    0.2
0.36127471756438867    -9.517753975010384    0.2
0.42049993571579103    -9.480099951995268    0.2
0.5919903059970038    -9.043330866529509    0.2
-17.433072167996272    -2.384833154775282    0.2
1111    1111    1111
-17.185250044825843    -4.471997071079119    0.2
-15.93755068265683    -4.932899958930195    0.2
-15.003999905632837    -4.932899961439047    0.2
-15.0013999805393    -4.932999972278502    0.2
-14.599260285560963    -4.948612109995594    0.2
-17.290035542913877    -3.954633813399985    0.2
-17.394821041001908    -3.4372705557208496    0.2
-12.40133569124525    -5.2818750236945435    0.2
1111    1111    1111
-9.148735195733668    -6.8163418175933455    0.2
-0.44615007045978183    -10.03109589828448    0.2
1111    1111    1111
-4.935500428812877    -14.932689166058918    0.2
-4.935471121194837    -14.932699992357465    0.2
-4.285700007603041    -14.932899901501775    0.2
-3.751067937164028    -14.93289991178386    0.2
-4.952928194560769    -14.488930090027583    0.2
-4.960999987115075    -14.283399945909823    0.2
-4.961300064894703    -14.278899964375842    0.2
-4.986910670702662    -14.039045007097545    0.2
-2.5671770299414844    -14.932899934552541    0.2
-1.383286122718935    -14.932899957321222    0.2
-5.0355244268840496    -13.583755097149371    0.2
-5.037099905164479    -13.569000027375587    0.2
-5.037799976513499    -13.564399939675738    0.2
-5.117870599893964    -13.11600435825324    0.2
-0.1993952154963914    -14.932899980089903    0.2
-0.08399999884772757    -14.932899982309193    0.2
-0.17928807879305175    -14.502995719078193    0.2
-5.220101637345262    -12.640908106709228    0.2
-5.342899986710007    -12.165399982987942    0.2
-5.344099911032582    -12.161099980450722    0.2
-5.34535710070547    -12.157306581607907    0.2
-0.2848670646599736    -14.026662728027917    0.2
-0.36780007333722153    -13.652499936486947    0.2
-0.3684999910371456    -13.648899965018542    0.2
-0.36900001191670917    -13.645299958760216    0.2
-0.3693000082117486    -13.6406999054352    0.2
-0.37262527759596864    -13.556912769682992    0.2
-5.510515028438234    -11.658964998429045    0.2
-5.568699945648648    -11.483399924697396    0.2
-5.570399957801738    -11.478899944131953    0.2
-5.7068813229705295    -11.149094975932863    0.2
-0.39023995677713996    -13.113073986940076    0.2
-0.40785463595831173    -12.669235204197161    0.2
-5.940589171912039    -10.625430901130576    0.2
-6.165999962129586    -10.176999911681875    0.2
-6.168199920922287    -10.172999972252281    0.2
-6.220395993171106    -10.084737764590859    0.2
-0.4224470307012562    -12.226512859971184    0.2
-0.3484328137346693    -11.816521992940665    0.2
-6.55569239859679    -9.523546653648404    0.2
-6.941999921595599    -8.968199971154194    0.2
-6.9447999459286995    -8.964399988112909    0.2
-6.969999660229455    -8.93316875869247    0.2
-0.2744185967680828    -11.406531125910146    0.2
-0.23429997540961756    -11.18429992454174    0.2
-0.23360005254050087    -11.180699917453236    0.2
-0.23259998563261997    -11.177199910544704    0.2
-0.23150003454255108    -11.173699915817645    0.2
-0.23020004585630893    -11.17029993359039    0.2
-0.2287000195738953    -11.166999963862944    0.2
-0.2270000026667005    -11.163699993997131    0.2
-0.2251000541492254    -11.16059988616176    0.2
-0.2231000684922777    -11.157499953615396    0.2
-0.22090005742062768    -11.154599917751028    0.2
-0.21850000875280529    -11.151799894386468    0.2
-0.21599998196000936    -11.149199908479716    0.2
-0.21340007098502412    -11.146599934754436    0.2
-0.20960004124907394    -11.143499941809946    0.2
-0.07852502683701124    -11.04156275985542    0.2
-7.490310925652638    -8.303632751652637    0.2
-7.881099924434853    -7.881500023482807    0.2
-7.88469991112871    -7.877900031619754    0.2
-8.167691019068464    -7.616075174186301    0.2
0.302723884830423    -10.745065064601073    0.2
1111    1111    1111
-2.647406660055633    11.848077410196364    0.2
8.016816112333416    7.757208116387311    0.2
7.885799900703029    7.87839999113213    0.2
7.882199944648084    7.881999966394886    0.2
7.397099910286852    8.405900003553104    0.2
7.394099905339341    8.409299930025092    0.2
7.340887128872593    8.47526383090712    0.2
-2.3910460850712743    12.208500429958821    0.2
-1.9835504416012943    12.510946996670587    0.2
6.8311523791098345    9.129566292897001    0.2
6.535299926299759    9.55470000781102    0.2
6.5325999567041375    9.558899946225178    0.2
6.4224872215945545    9.745097763293053    0.2
-1.5760547981313167    12.813393563382354    0.2
-1.50099995243587    12.869099877693763    0.2
-1.4985999418549198    12.870899905599472    0.2
-1.4958000172293726    12.873299902310148    0.2
-1.4931999308905484    12.875799907316274    0.2
-1.4906999457924472    12.878499933725271    0.2
-1.4882999955360985    12.881299919728281    0.2
-1.4840999921966338    12.887299992511045    0.2
-1.4823000018964851    12.890399959931742    0.2
-1.4806000194709874    12.893699912939438    0.2
-1.4790999598495214    12.89699997743154    0.2
-1.4777999968786606    12.900399935118688    0.2
-1.4766999655605968    12.903899936917156    0.2
-1.4757999862285036    12.907399992649827    0.2
-1.4749999483720915    12.910999972160644    0.2
-1.4744999309444315    12.914599903390826    0.2
-1.4741999385356408    12.918299914548196    0.2
-1.4739999990869368    12.921899926679686    0.2
-1.474099959733814    12.925599880707653    0.2
-1.474399963517893    12.92919995604291    0.2
-1.4747999357447537    12.93279992916333    0.2
-1.5244063508908061    13.252345565081116    0.2
6.089502220407977    10.331597804556049    0.2
5.846399941058859    10.815300005993876    0.2
5.844399963065991    10.819700008437973    0.2
5.81258030824851    10.896591658794247    0.2
-1.6001349361907806    13.740160273634194    0.2
-1.659800003954321    14.124499919311967    0.2
-1.6299797791137198    14.210373662636705    0.2
5.586907562564233    11.44192597984926    0.2
5.57139990688994    11.479399963925863    0.2
5.569699940477056    11.483899947277504    0.2
5.408834985361273    11.96900054848007    0.2
-1.4893976534750522    14.615210092867239    0.2
-1.3787999464636762    14.933699948492613    0.2
-1.1237242189600156    14.933699946939432    0.2
5.261558311544421    12.484261596498435    0.2
5.165299939593401    12.85699997514341    0.2
5.164199948059854    12.861999940738905    0.2
5.141491376168712    12.98908480147308    0.2
0.07219985137208518    14.933699939657334    0.2
1.2681239217041806    14.933699932375234    0.2
5.053482878107291    13.481610169126089    0.2
5.038599975199731    13.564899935316332    0.2
5.037900051401457    13.56949987580362    0.2
4.995936623202634    13.962450010528356    0.2
2.4640479920362814    14.933699925093137    0.2
3.659972062368377    14.933699917811039    0.2
4.955799540939135    14.43661157341859    0.2
4.937509737849291    14.902392369568267    0.2
4.857040326738016    14.933260989816741    0.2
1111    1111    1111
14.147371287545688    4.976288023316666    0.2
16.56189071738891    4.050061742633094    0.2
16.422364010810355    4.724554931024046    0.2
15.877157326277995    4.933699969733062    0.2
1111    1111    1111
-2.0183514096561934    11.17757014550376    0.2
8.92208185697517    6.98074460400179    0.2
1111    1111    1111
-1.3213286864947018    9.037650493070288    0.2
17.219057722788197    1.9254305895752832    0.2
17.624781376675045    2.2379260074988343    0.2
-1.3048905141105305    9.499478502481724    0.2
-1.2884523417263587    9.961306511893161    0.2
17.21421582029065    2.8635555877930576    0.2
16.749799981523044    3.221299954555855    0.2
16.746999911002728    3.223600008001158    0.2
16.744299950992705    3.2259999312904055    0.2
16.741699911144824    3.228699977223245    0.2
16.739299923282914    3.231399969221881    0.2
16.736999921982125    3.234300022055252    0.2
16.734899936851434    3.2371999275883496    0.2
16.732999906724643    3.240299996171025    0.2
16.731299919735058    3.243499943446408    0.2
16.729699928155355    3.2468000189296173    0.2
16.728299979712858    3.250199973105534    0.2
16.727099896524184    3.2535999449789887    0.2
16.725999902111464    3.257100009244396    0.2
16.725199985677705    3.2605999926084994    0.2
16.667076953986825    3.5415756302735923    0.2
-1.5173951170768567    10.517264342651966    0.2
1111    1111    1111
-0.7617744155678574    7.9433033811809    0.2
0.23635961163034747    7.560412294777202    0.2
0.3224000045506483    7.557999947417079    0.2
0.3240000610556608    7.557999975121011    0.2
0.5593000281633964    7.545799904502024    0.2
0.5623000082861447    7.545499935865137    0.2
0.7967000521017134    7.5223998837600075    0.2
0.7980000036606669    7.52229996637226    0.2
1.0318999793095702    7.494799926009342    0.2
1.0343000477567543    7.494499918361385    0.2
1.2671000083796204    7.458399944620092    0.2
1.2692999978737314    7.4579999649133555    0.2
1.50070004944935    7.414299895978616    0.2
1.5020000404401728    7.413999890789028    0.2
1.7326000299666746    7.365599987435125    0.2
1.7357999900228558    7.364899954258164    0.2
1.9636999996628428    7.305099894051725    0.2
1.964900058026753    7.30479988001337    0.2
2.191600049366759    7.240899933300001    0.2
2.19370006114852    7.240199960131613    0.2
2.3323076099483653    7.196240632977088    0.2
-1.107409874224086    8.515739947246088    0.2
1111    1111    1111
5.262464362372594    5.434202840175716    0.2
16.311980964302183    1.1955321800596481    0.2
16.747599949184607    1.562199928473353    0.2
16.749799907779586    1.564000010313265    0.2
16.751975942440083    1.5656760305625745    0.2
3.8330954617097244    6.5214475478120555    0.2
1111    1111    1111
7.302423360373339    1.9742799440459122    0.2
13.770480477582936    -0.5069113078757823    0.2
14.027744063430118    -0.15936958056578643    0.2
7.1463816365856285    2.480368434325945    0.2
7.145999893693032    2.481499974402551    0.2
7.145599934246968    2.4826999273564225    0.2
7.0661999131314515    2.704499988982622    0.2
7.065099961345802    2.7071999604045534    0.2
6.976199940544144    2.9254000070567123    0.2
6.9755999741975465    2.9268999985576714    0.2
6.9413026239652105    3.0052679662935864    0.2
14.283508456249734    0.1887472475136578    0.2
14.487994198460957    0.5565349190928242    0.2
6.679017263616142    3.552112247196895    0.2
6.670099922103336    3.569099973919867    0.2
6.669499883704198    3.5701999548149566    0.2
6.5560999650244085    3.7765999455663533    0.2
6.55479988920025    3.7788999603166196    0.2
6.433399959456107    3.980800001110492    0.2
6.4323999648061045    3.9824999299178145    0.2
6.33794772459275    4.129178681580645    0.2
14.69247994067218    0.9243225906719896    0.2
14.876999957446284    1.2561999460085547    0.2
14.878899916189212    1.2593000156440892    0.2
14.88089995847533    1.2623999291305807    0.2
14.883099977078881    1.2652999592449117    0.2
14.88549992733523    1.268099945247923    0.2
14.887999885466229    1.2706999456639325    0.2
14.89059990540608    1.2733000124789147    0.2
14.893399896430601    1.2755999473807345    0.2
14.896299949263975    1.2778999486815268    0.2
14.899299889638824    1.2798999742182007    0.2
14.902399958221498    1.2818000043449915    0.2
14.905699931489869    1.2834999643674765    0.2
14.9089998866399    1.284999965770064    0.2
14.912135426302706    1.286291044210282    0.2
5.890657611029102    4.746992059837563    0.2
1111    1111    1111
15.14281037766461    0.9131998596241067    0.2
15.715539149061545    0.6934971588651822    0.2
1111    1111    1111
7.500904869524108    0.9779924835605112    0.2
10.53948916953594    -0.187629378892757    0.2
10.553399939865281    0.20419992863958347    0.2
10.553599879313984    0.20779994077107    0.2
10.553999906564526    0.2113999923344272    0.2
10.554699918427954    0.21499999881234633    0.2
10.555499956284365    0.21859997832316402    0.2
10.556499961609443    0.22210000708873334    0.2
10.55769989858732    0.22549999174298208    0.2
10.559099923367034    0.22890001582910013    0.2
10.560699973165617    0.23219995998803    0.2
10.56239996443988    0.23539998036881293    0.2
10.564399913359928    0.23849992967117295    0.2
10.566399964494815    0.24149991053075182    0.2
10.56869991572528    0.24439994949385024    0.2
10.571099968196467    0.24709996705407944    0.2
10.57369995232045    0.24969994050298805    0.2
10.576399971286188    0.2521999543578817    0.2
10.5791999047605    0.25450001844164394    0.2
10.581573364996352    0.2563005382141248    0.2
7.421038038358717    1.468703654287081    0.2
1111    1111    1111
7.554609613666365    0.4260767772283409    0.2
8.74313666788985    -0.02985038546866914    0.2
1111    1111    1111
10.50558672058389    -1.1421843002703862    0.2
10.505600338778992    -1.142189524303808    0.2
10.522544510216601    -0.6649157843380866    0.2
9.907423642829432    -0.42895118362751594    0.2
1111    1111    1111
-24.932899983021773    0.6876177928130437    0.2
-14.962197113960471    0.6850687127741117    0.2
-15.205063054400192    1.1077311896911588    0.2
-24.932899982711447    1.1102181793509238    0.2
-24.93289998240112    1.5328185658888038    0.2
-15.318004922260357    1.5303604506088588    0.2
-15.035990509990972    1.9528887381866498    0.2
-24.932899982090795    1.9554189524266836    0.2
-24.93289998178047    2.3780193389645636    0.2
-14.753976097721583    2.3754170257644405    0.2
-14.678899930680876    2.487899944783891    0.2
-14.778532211403265    2.798023690244892    0.2
-24.932899981470136    2.8006197255024436    0.2
-24.93289998115981    3.223220112040323    0.2
-14.914310588473844    3.2206587894761545    0.2
-15.050088965544425    3.643293888707417    0.2
-24.93289998084948    3.6458204985782032    0.2
-24.932899980539155    4.068420885116083    0.2
-15.069970739885301    4.065899358160269    0.2
-15.068962313658687    4.488499486886999    0.2
-24.93289998022883    4.491021271653963    0.2
-24.9328999799185    4.913621658191843    0.2
-15.067953887432072    4.91109961561373    0.2
1111    1111    1111
-13.212897206329727    0.684621491997883    0.2
-12.67991345570914    0.6844852309681819    0.2
1111    1111    1111
-24.932899959834042    -0.020539630335646555    0.2
-12.58116604154638    -0.023697437642792845    0.2
1111    1111    1111
-14.288140704752212    -0.5647382553074249    0.2
-13.199168884415945    -0.5650166585821622    0.2
1111    1111    1111
-24.932899970243053    -1.3521975738519008    0.2
-16.609549154974786    -1.3543254967976406    0.2
-16.638831835509254    -0.816651292904137    0.2
-24.932899961984536    -0.8145308562829291    0.2
1111    1111    1111
-24.291017090386763    -4.932889092719424    0.2
-24.248386400211388    -4.93289999155402    0.2
-17.22789999339525    -4.932899928027774    0.2
-17.31816947574721    -4.487114822934607    0.2
-24.93289993992825    -4.4851680637459115    0.2
-24.93289994598269    -4.037601136617765    0.2
-17.408804461179578    -4.0395247243390315    0.2
-17.499439446611945    -3.5919346257434563    0.2
-24.932899952037126    -3.5900342094896165    0.2
-24.93289995809156    -3.1424672823614697    0.2
-17.569709912486545    -3.144349733479972    0.2
-17.567813315346587    -2.6967832912317173    0.2
-24.932899964146003    -2.6949003552333224    0.2
-24.932899970200438    -2.2473334281051756    0.2
-17.565916718206637    -2.249216848983464    0.2
-17.564099997556085    -1.820499974430236    0.2
-17.563999977194133    -1.8168999998834934    0.2
-17.563599931225156    -1.8131999020371246    0.2
-17.56309991085071    -1.8095999297531837    0.2
-17.562399990457234    -1.8059999085750804    0.2
-17.56149999563599    -1.802499938550674    0.2
-17.561233202287216    -1.8016511192305207    0.2
-24.932899976254877    -1.7997665009770285    0.2
1111    1111    1111
-17.12497712620073    -1.9998536451262579    0.2
-16.57438491061365    -1.9999944078833851    0.2
1111    1111    1111
15.839656272331025    0.6238084326766616    0.2
24.933700013501287    0.6221261255057923    0.2
24.933700008960113    1.0504401691990004    0.2
16.348400082256614    1.0520283638505579    0.2
16.831899988411696    1.4589999918033412    0.2
16.859489893914052    1.4802478610375893    0.2
24.933700004418927    1.4787542128922089    0.2
24.933699999877746    1.9070682565854167    0.2
17.415512994317453    1.9084590460154403    0.2
17.97153609472085    2.3366702309932914    0.2
24.93369999533657    2.335382300278625    0.2
24.933699990795386    2.7636963439718327    0.2
17.56060230449776    2.7650602933283794    0.2
17.004411872666005    3.193477226689906    0.2
24.933699986254208    3.1920103876650407    0.2
24.933699981713033    3.6203244313582483    0.2
16.786667993506907    3.6218315508229386    0.2
16.698065213568903    4.050161985143755    0.2
24.933699977171848    4.048638475051457    0.2
24.93369997263067    4.476952518744665    0.2
16.6094624336309    4.478492419464571    0.2
16.52085965369289    4.906822853785386    0.2
24.933699968089492    4.905266562437874    0.2
1111    1111    1111
14.678122120547865    0.6240233048818511    0.2
15.122925670713366    0.6239410206721674    0.2
14.938604032395052    1.0486365255986616    0.2
14.914190674621864    1.0486410418257677    0.2
1111    1111    1111
15.050596658356989    -4.9328899942649045    0.2
15.104656916688914    -4.932899994872207    0.2
24.93329998946    -4.932899995543868    0.2
24.93356311757146    -4.507278060014191    0.2
14.911165513979208    -4.505424016660354    0.2
14.771731107597711    -4.077948038452195    0.2
24.93369997980268    -4.0798279010953085    0.2
24.933699983535668    -3.652377716858972    0.2
14.923767849973869    -3.650525979492462    0.2
15.260206710955398    -3.223138033081037    0.2
24.933699987268657    -3.2249275326226354    0.2
24.933699991001646    -2.7974773483862987    0.2
15.600342833541685    -2.795750770626045    0.2
15.943492952562329    -2.368364065730259    0.2
24.93369999473463    -2.370027164149962    0.2
24.93369999846762    -1.9425769799136252    0.2
15.079424170229172    -1.9407540374073649    0.2
15.51908457508415    -1.5133851859495595    0.2
24.93370000220061    -1.5151267956772885    0.2
24.9337000059336    -1.0876766114409517    0.2
14.564753534905343    -1.0857584600113956    0.2
14.554499956884333    -1.0837999554761892    0.2
14.501268166786884    -0.6582965316159859    0.2
24.933700009666584    -0.6602264272046148    0.2
24.93370001339958    -0.23277624296827792    0.2
14.447791593365993    -0.23083645474752854    0.2
14.402799973139862    0.12879992825201575    0.2
14.440502185962687    0.1966150779569898    0.2
24.933700017132566    0.19467394126805893    0.2
1111    1111    1111
7.127263109164106    -2.534169715405017    0.4
10.28128959009804    -1.0821393793613954    0.4
9.962722364794942    -0.7023010786721202    0.4
7.317765043360868    -1.919969443690328    0.4
7.363399893574085    -1.733599960918276    0.4
7.3635998966912    -1.732399955933643    0.4
7.4153999377259545    -1.5026000211686439    0.4
7.415999995630557    -1.4997999956757022    0.4
7.445881252645062    -1.3344899089944047    0.4
9.502844744856239    -0.38751834458938816    0.4
8.799336438627916    -0.18489673198807743    0.4
7.526408169295704    -0.7709192254106982    0.4
7.543899932153823    -0.5602999886142737    0.4
7.54399993231892    -0.5589999351434574    0.4
7.558899923515241    -0.3239999466209271    0.4
7.558999917177816    -0.3214999334674724    0.4
7.561324898286831    -0.22834626537643032    0.4
7.851124089856436    -0.09493038568623113    0.4
1111    1111    1111
10.647120151056182    -0.9137206690004778    0.4
11.461548109747358    -0.5387795866442193    0.4
11.38479989197483    -0.525699996214815    0.4
11.381199966115373    -0.5249999856531655    0.4
11.377699954345664    -0.5240999637301629    0.4
11.374199939092522    -0.5230000230236795    0.4
11.370799928765283    -0.5217000291372811    0.4
11.36739996397221    -0.5201999838126792    0.4
11.364199916220901    -0.5185999756129069    0.4
11.360999955822319    -0.5168000068110921    0.4
11.357999959741381    -0.5147999830876442    0.4
11.354999918358446    -0.5125999497445592    0.4
11.352699905070846    -0.5106999712560336    0.4
11.056947910935028    -0.2584953791390783    0.4
10.663937861552876    -0.43942680679909873    0.4
10.680755572049568    0.03486705540227941    0.4
10.701650849092927    0.044486688062436386    0.4
1111    1111    1111
6.594925979873281    -3.709419922752965    0.4
12.922992375357259    -0.7961455953858252    0.4
12.330099919516305    -0.6869000141019619    0.4
12.330099875956027    -0.6867999638740638    0.4
12.198853626676321    -0.6644327109118793    0.4
6.898607890463497    -3.104525602962676    0.4
1111    1111    1111
14.135592639948399    -0.2378965190624438    0.4
14.304488713078742    -0.1601412359960559    0.4
1111    1111    1111
5.198733479550865    -5.4943531227761895    0.4
14.50478886137731    -1.2100914639099676    0.4
14.481799892661655    -1.205699993059084    0.4
14.47819992324192    -1.2048999322695346    0.4
14.474699909730495    -1.203899950954793    0.4
14.471199985313511    -1.202799968429746    0.4
14.467899932636296    -1.2014000134098923    0.4
14.464499967843222    -1.1998999680852904    0.4
14.461299874789919    -1.1980999502658811    0.4
14.45819996287752    -1.1961999785120465    0.4
14.455199966796583    -1.1941999547885995    0.4
14.452299926623953    -1.1920000105399566    0.4
14.449499982213386    -1.189599971292834    0.4
14.44689995484458    -1.1870999691705402    0.4
14.444399974220245    -1.1844000047044876    0.4
14.441999909427372    -1.1815999882688208    0.4
14.43989994455888    -1.1787000144153001    0.4
14.437799892569831    -1.1755999401059825    0.4
14.435999893229287    -1.1725000004252717    0.4
14.434299900556363    -1.169299966956384    0.4
14.432799914019645    -1.1658999694020213    0.4
14.431499937102569    -1.1624999265456646    0.4
14.430399919045817    -1.1590000116502965    0.4
14.429399909398397    -1.1554999623584905    0.4
14.42869990883921    -1.1518999974673934    0.4
14.428099871155187    -1.1484999496180608    0.4
14.372023826233224    -0.7001322957072427    0.4
6.060217557990134    -4.526667970586157    0.4
1111    1111    1111
0.09485710569169825    -7.844042756347489    0.4
0.794814779106118    -7.5218007644402745    0.4
1111    1111    1111
0.053026953285150835    -10.359878084091141    0.4
14.826436419003842    -3.5585912716019887    0.4
15.306899949972767    -2.9482999987113345    0.4
15.3072999186849    -2.947800020312487    0.4
15.447273504073223    -2.7734591128514507    0.4
0.11739847349756882    -9.83092794727997    0.4
0.5105000047187347    -9.580999968751769    0.4
0.512000061306666    -9.579899963932233    0.4
0.5150000853880856    -9.577799955503464    0.4
0.5178000127293081    -9.57549989192089    0.4
0.5206000709835386    -9.573099917964175    0.4
0.5230999822696738    -9.570499932413934    0.4
0.525599982650252    -9.567799945653391    0.4
0.5279000189453571    -9.564899952756642    0.4
0.5300000038022592    -9.561999914325726    0.4
0.531900066392252    -9.558899960594763    0.4
0.5336999933755036    -9.555699909360024    0.4
0.5352999998335601    -9.552399902216974    0.4
0.5368000468998768    -9.54909989681564    0.4
0.7335243035846082    -9.047964725663142    0.4
15.477867308079649    -2.2600593428206057    0.4
14.784399927720518    -2.194900025952263    0.4
14.780699955116594    -2.1943999777343715    0.4
14.777099940162696    -2.1937999683830247    0.4
14.773599971953264    -2.192999996687921    0.4
14.770099914881555    -2.1918999651452795    0.4
14.766599946904295    -2.1906999323923344    0.4
14.763299894227082    -2.189299977372481    0.4
14.759999887084032    -2.187699970914424    0.4
14.756799928427167    -2.1859999615043497    0.4
14.753699882118328    -2.183999981341181    0.4
14.750699975131834    -2.1818999564074293    0.4
14.747799934959206    -2.1797000121587873    0.4
14.745099948198662    -2.1772000117782087    0.4
14.742499920829859    -2.174700009655914    0.4
14.74009999043342    -2.1720000016295815    0.4
14.73769992389883    -2.1691000258021766    0.4
14.735599917211777    -2.166199961112498    0.4
14.73359995726919    -2.1630999340790584    0.4
14.731799914368366    -2.1598999441704505    0.4
14.730199922905745    -2.1566999997960057    0.4
14.72869993636903    -2.153300002241642    0.4
14.72749991884369    -2.149899957643571    0.4
14.726399991623095    -2.1464000009296393    0.4
14.725499941367419    -2.142899949896118    0.4
14.724799940808229    -2.13929998500502    0.4
14.724299949868676    -2.135699974811928    0.4
14.723999966807046    -2.1319999599251025    0.4
14.723899946089173    -2.1283999917827447    0.4
14.723999933249225    -2.124700018946651    0.4
14.724299931770627    -2.1210999602003033    0.4
14.724899941121976    -2.1174999452464034    0.4
14.725599951683625    -2.1139000193869473    0.4
14.726499973606629    -2.110400007617236    0.4
14.72749995492137    -2.1068999941058113    0.4
14.72781650616708    -2.1060476934397645    0.4
0.8664814608383029    -8.487439576339295    0.4
0.4408633739111787    -8.18406768949324    0.4
15.271319557330017    -1.35651807763539    0.4
1111    1111    1111
4.9340760719523225    -14.932899905289972    0.4
4.934100461959909    -14.932888676775839    0.4
4.953808101324393    -14.469151043938531    0.4
3.94647639793389    -14.932899906106739    0.4
2.95885281109042    -14.932899906923527    0.4
4.992219718785239    -13.996791585662438    0.4
5.037499999753948    -13.571599933919874    0.4
5.038200007296505    -13.566999967161259    0.4
5.047151078792622    -13.516826875031548    0.4
1.9712292242469518    -14.932899907740314    0.4
0.9836056374034827    -14.932899908557102    0.4
5.135525366447588    -13.0214659254141    0.4
5.163600063759789    -12.864099918967844    0.4
5.164599991528299    -12.859099976762401    0.4
5.2540828840714395    -12.512209415369515    0.4
0.04735786636397954    -14.909247843185701    0.4
-0.044083563887512334    -14.496669292154937    0.4
5.401835374988531    -11.989512312121915    0.4
5.568599961110275    -11.485799955785366    0.4
5.570299920457549    -11.481299987217964    0.4
5.582573869650442    -11.451629325562346    0.4
-0.1355249941390042    -14.084090741124177    0.4
-0.22696642439049608    -13.671512190093413    0.4
5.814907477493046    -10.889993314104967    0.4
5.843199962920226    -10.821599942964697    0.4
5.845199934839156    -10.817199977581485    0.4
6.103656368214684    -10.302385199162718    0.4
-0.25222121620179383    -13.228463062028224    0.4
-0.269952330115105    -12.78195023173589    0.4
6.45760688622433    -9.684759980257041    0.4
6.530999872067467    -9.56059996029243    0.4
6.53369991935761    -9.55639995771731    0.4
6.903343324108181    -9.02487895250364    0.4
-0.28768344402841617    -12.335437401443555    0.4
-0.2911000095700196    -12.249399921941745    0.4
-0.21882296034132853    -11.849060090836192    0.4
7.497631856689397    -8.296608471051188    0.4
7.880099900728009    -7.883299994473539    0.4
7.883699941940673    -7.87970001228093    0.4
8.34694865772239    -7.450929722870741    0.4
-0.12929498084007474    -11.353168012019484    0.4
-0.10759992857399503    -11.23299994134262    0.4
0.7133000141002817    -10.594599907854754    0.4
0.716000025610044    -10.592399896241794    0.4
0.7186999900760966    -10.589899915617458    0.4
0.7212999934086941    -10.587299977343099    0.4
0.7236999925789696    -10.584599901488113    0.4
0.7258999786461753    -10.581699952151641    0.4
0.7280000525975212    -10.578699912510425    0.4
0.7300000745792543    -10.575599957037745    0.4
0.7317000421707656    -10.572399907544723    0.4
0.7333000486288217    -10.569099900401671    0.4
0.7347000454672408    -10.565799938560618    0.4
0.7359000364016208    -10.562299879747197    0.4
0.7369000595349271    -10.558799957071928    0.4
0.7376999894114684    -10.555299898026338    0.4
0.7383999999731174    -10.551699972166883    0.4
0.7388000469807054    -10.547999910468516    0.4
0.7389999952742112    -10.544399895282446    0.4
0.7390999824342619    -10.540699922446354    0.4
0.7389000023246504    -10.53709995604571    0.4
0.7385000616129975    -10.53349990229234    0.4
0.7379000187038298    -10.529799976267787    0.4
0.7372000198863553    -10.52629997076843    0.4
0.7362000102389383    -10.522799921476624    0.4
0.7351000411997823    -10.519299873926533    0.4
0.7337000558733675    -10.515899965466613    0.4
0.7322000710783665    -10.512599927303993    0.4
0.7305000766637266    -10.509299934443366    0.4
0.7285999852767207    -10.506199947486776    0.4
0.7272432257627166    -10.50416471979364    0.4
10.47554393727497    -6.01630501298482    0.4
1111    1111    1111
13.786740449180893    -5.0138101442669445    0.4
14.786516508021162    -4.553539700926742    0.4
14.648040018568476    -4.129006534159511    0.4
11.615149596240425    -5.525269034090222    0.4
1111    1111    1111
-7.669351705796719    8.11095327154047    0.4
-2.5708208370009786    11.11973185556565    0.4
-3.1067000689750683    11.189299954720822    0.4
-3.1102999870803605    11.189899933458104    0.4
-3.1139000506556043    11.190599916739476    0.4
-3.1173999983161087    11.191599917926343    0.4
-3.1207999852565314    11.192699896882939    0.4
-3.1241999624722476    11.194099920519383    0.4
-3.127600085157917    11.195599948699918    0.4
-3.130800063336142    11.19729994794371    0.4
-3.1339000031969544    11.199199945025113    0.4
-3.136899982337686    11.201199919876247    0.4
-3.1399000293510406    11.203399919339352    0.4
-3.142600013435017    11.205799984512693    0.4
-3.145300041342999    11.208299881985814    0.4
-3.147800026389482    11.210999922766497    0.4
-3.1502000421910563    11.213699972072009    0.4
-3.152400008132167    11.216699910862712    0.4
-3.1544000355834627    11.219699866703063    0.4
-3.156300067015495    11.222799937258275    0.4
-3.1580000400622374    11.22609992805377    0.4
-3.159500074619163    11.229399935898915    0.4
-3.160800042265975    11.232799894739438    0.4
-3.1619999545457236    11.236199912927757    0.4
-3.1629000269633756    11.239799981302523    0.4
-3.163549777671877    11.242642613059289    0.4
-6.890170832863744    9.0434644752427    0.4
-6.532599940763327    9.557500034058487    0.4
-6.5298999898301    9.561699993225927    0.4
-6.378342940929793    9.818203578646722    0.4
-2.7261429981040326    11.973463839951688    0.4
-2.5539000129064995    12.247899947470097    0.4
-2.5517999912131275    12.250999955203534    0.4
-2.5497000385922592    12.253899973624186    0.4
-2.5472999819437443    12.256699926953065    0.4
-2.544800033647651    12.259399868738896    0.4
-2.542200012934846    12.261899931382706    0.4
-2.539399994384427    12.264299955709106    0.4
-2.537099969928259    12.265999914105958    0.4
-1.6127999751378912    12.952099949169021    0.4
-1.6342754083432798    13.090499786430021    0.4
-5.995644730836459    10.51673982454489    0.4
-5.844199999743631    10.818399996404501    0.4
-5.842200038342505    10.822799955809314    0.4
-5.7015165433456865    11.163008545924539    0.4
-1.7014703687659898    13.523542114299293    0.4
-1.7686653291887007    13.956584442168563    0.4
-5.474004544067284    11.769965283989647    0.4
-5.343299993297691    12.164699889236237    0.4
-5.342000004379016    12.16909991038861    0.4
-5.295921982951969    12.347752396766086    0.4
-1.6761878604892972    14.483853714537117    0.4
-1.520000048272018    14.933699914407864    0.4
-1.7149077928184422    14.933699913347285    0.4
-5.1559671536602565    12.9030393215628    0.4
-5.0617133444267175    13.431356859695468    0.4
-2.5159153741105698    14.933699908988647    0.4
-3.316922955402698    14.93369990463001    0.4
-4.997329457304764    13.942047362851087    0.4
-4.961100054958649    14.28269993509214    0.4
-4.960799964506675    14.286899916982653    0.4
-4.9541872009556025    14.44020261508764    0.4
-4.117930536694826    14.933699900271375    0.4
-4.918938117986953    14.933699895912737    0.4
-4.93326471743625    14.925245388778384    0.4
1111    1111    1111
-14.937175631691183    3.8220171949678754    0.4
-12.509096687086974    5.254891118230628    0.4
-12.858199900586236    5.1647999791289365    0.4
-12.863199940700259    5.163799924016367    0.4
-13.565999940941506    5.038299986120954    0.4
-13.570599957406067    5.037599974488354    0.4
-13.81167129003736    5.011927350475819    0.4
-14.935911444663947    4.348483353060032    0.4
-14.934647257636712    4.87494951115219    0.4
-14.823317759184324    4.940648007313873    0.4
1111    1111    1111
-14.632821416660484    0.6120669084356924    0.4
-1.2867045365381973    8.487965217607549    0.4
-1.442800062006938    8.612199933890238    0.4
-1.4456000153358208    8.614599990538753    0.4
-1.4483000432438025    8.617099888011873    0.4
-1.4508000197654605    8.619699959547653    0.4
-1.453199993268889    8.622499891975915    0.4
-1.455400001508146    8.625399947643864    0.4
-1.4574000289594413    8.628399903484215    0.4
-1.4593000689162992    8.631599943284334    0.4
-1.461000033438216    8.634799964834922    0.4
-1.4626000372400494    8.638099964155243    0.4
-1.463900004886861    8.641499922995765    0.4
-1.4651000626365627    8.644999945728173    0.4
-1.466000024883444    8.648499872613723    0.4
-1.4667999825862355    8.651999944969225    0.4
-1.4673999595010647    8.65559991749713    0.4
-1.4678000572738776    8.659299962441747    0.4
-1.4680000202639518    8.662899933769772    0.4
-1.4679000149716268    8.666799889229967    0.4
-1.460679423148584    8.86952022367796    0.4
-14.94041091504804    0.9147723806357826    0.4
-15.148219494899998    1.2763612250287695    0.4
-1.4430618489543572    9.36413903337417    0.4
-1.4254442747601304    9.858757843070382    0.4
-14.910214408134252    1.9010365637675113    0.4
-14.550099978531975    2.4406000019714424    0.4
-14.547399958526245    2.4449999504516695    0.4
-14.545699873160299    2.4481999794528653    0.4
-14.544199880278946    2.4515999651934086    0.4
-14.542899962832536    2.454999969183482    0.4
-14.541699928508876    2.4584000154717023    0.4
-14.540799955914718    2.4620000099744423    0.4
-14.539999944040638    2.465500026707452    0.4
-14.539499934548262    2.4690999362879165    0.4
-14.539099918349411    2.4728000296557466    0.4
-14.538899953536884    2.4763999489609194    0.4
-14.538999920507694    2.4801000350038036    0.4
-14.539199969619922    2.483699955508855    0.4
-14.539599921922782    2.4872999959093844    0.4
-14.540299918905493    2.490900046034618    0.4
-14.541099920432293    2.4944999506899004    0.4
-14.54209990274705    2.4979999551727774    0.4
-14.570316804063417    2.585841385259074    0.4
-1.514264824652415    10.29056468663037    0.4
-1.7655571597333615    10.626492611269645    0.4
-14.701074403115921    2.992900061427794    0.4
-14.831832002168424    3.399958737596517    0.4
-2.016849494814309    10.962420535908924    0.4
1111    1111    1111
-7.522617884578105    -0.7840989548883157    0.4
-7.522601049031191    -0.7840890197845947    0.4
-7.5377999289285205    -0.6273000048832493    0.4
-7.5378999721711155    -0.6261999917016867    0.4
-7.556499914917228    -0.39129997359591595    0.4
-7.556599917187221    -0.38760002449815856    0.4
-7.557800196141646    -0.33886464640545055    0.4
-8.28119170392545    -0.7657572028095818    0.4
-9.404499926390741    -1.1576000514704168    0.4
-9.631360722220185    -1.0965198907461513    0.4
-7.5631664265310015    0.1239765355003466    0.4
-7.558199969923768    0.32230001231483474    0.4
-7.558099951181433    0.32479998751094863    0.4
-7.5431999190001395    0.5597999601722163    0.4
-7.543099954680416    0.5610999797162166    0.4
-7.5395433453973535    0.6039250806683478    0.4
-10.173629371501592    -0.9505190970314881    0.4
-10.56999992590228    -0.8438000093167375    0.4
-10.654319361846703    -0.7681790999250255    0.4
-7.482189163322582    1.1037792450703896    0.4
-7.457399928446675    1.266799930068054    0.4
-7.457099955364754    1.2686999698992474    0.4
-7.4151998915296335    1.5005999488601405    0.4
-7.414599879892929    1.503399976061048    0.4
-7.386968905089841    1.625979187489086    0.4
-10.967714726434103    -0.4871140974875292    0.4
-11.281110091021505    -0.20604909505003555    0.4
-7.244475277454287    2.1760764017129595    0.4
-7.239799951589754    2.192100024988543    0.4
-7.239299921322422    2.193799971135264    0.4
-7.1672998675974675    2.4179999680311246    0.4
-7.166699910383377    2.419600039579919    0.4
-7.0890998810538175    2.642099979209734    0.4
-7.088099941614512    2.644899954387789    0.4
-7.041242216618741    2.7620175699151153    0.4
-11.813289725839839    -0.05409450573589858    0.4
-12.422399977494672    0.03609998647239454    0.4
-12.425169058971873    0.050827173194749165    0.4
-6.759306508180015    3.3944032623749942    0.4
-6.700999981054425    3.5096999719310813    0.4
-6.700299927375006    3.51099997202567    0.4
-6.5894999303445285    3.7188999638672917    0.4
-6.587899960893322    3.721799974962996    0.4
-6.466799895526    3.9238999503670273    0.4
-6.4661999577613205    3.9248999325561247    0.4
-6.359153663021714    4.096552029410638    0.4
-12.504038972561279    0.4702918779249723    0.4
-12.582908886150689    0.8897565826551936    0.4
-5.736329138420514    4.930105273072497    0.4
-5.618099909992954    5.0659999902856745    0.4
-5.6166999517037075    5.067499953244675    0.4
-5.456599919990018    5.2402999673974975    0.4
-5.454799946576136    5.2421999430813715    0.4
-5.287999947473807    5.40850002993605    0.4
-5.287099905681481    5.409399947033379    0.4
-5.117299948087713    5.572699955752468    0.4
-5.115199980816954    5.574600007833792    0.4
-4.9383999456818355    5.73040002706855    0.4
-4.936999910995141    5.731599996170673    0.4
-4.756199930254301    5.8824999884859865    0.4
-4.754799887042781    5.883599988343203    0.4
-4.569899982926486    6.029499993018992    0.4
-4.567699927715225    6.031199942891019    0.4
-4.376799972944584    6.169299984874891    0.4
-4.3757999448577    6.169999972007232    0.4
-4.182499968160419    6.304499967591175    0.4
-4.1800999659345175    6.306099965267944    0.4
-3.9897121261554145    6.4268383339765265    0.4
-14.088754907462617    0.4671247573618107    0.4
1111    1111    1111
-2.1307052808513856    7.257437982061457    0.4
-0.8929751505766852    7.987855430657356    0.4
1111    1111    1111
-8.976473539970511    -1.1494508711321938    0.4
-7.359467360890376    -1.7467765091893162    0.4
-7.401599904376059    -1.5681999759302467    0.4
-7.402199984450099    -1.5650999758794821    0.4
-7.445199914862477    -1.3333999730851995    0.4
-7.445499978108465    -1.3321999479902922    0.4
-7.484034648234563    -1.1008919654414053    0.4
-8.065775923411877    -0.8859954592467725    0.4
1111    1111    1111
-13.292786583342764    -0.8241340301510469    0.4
-6.851656560929821    -3.2035016233134885    0.4
-6.8796999095634535    -3.1433000284182153    0.4
-6.8803998727127755    -3.141799941184223    0.4
-6.974799906942437    -2.926099997119605    0.4
-6.97539989210515    -2.924599956718641    0.4
-7.064299958547359    -2.7063999435055783    0.4
-7.06539993842798    -2.703700006604051    0.4
-7.144799956185519    -2.4818999658634717    0.4
-7.145199938265256    -2.4807000223915163    0.4
-7.152985775242248    -2.457621671008526    0.4
-12.78326332783765    -0.37778476311500775    0.4
1111    1111    1111
-16.4650686768551    -1.554729429037514    0.4
-4.757523289596467    -5.879522437871412    0.4
-4.886499896936347    -5.775199950144928    0.4
-4.888699982663038    -5.7733999667407785    0.4
-5.0654999500904445    -5.617600011909438    0.4
-5.066899897613917    -5.616299962686706    0.4
-5.238899895746571    -5.455499992153447    0.4
-5.239899990199737    -5.454599983056411    0.4
-5.40869994306734    -5.290199932301601    0.4
-5.41099991339131    -5.287799964841641    0.4
-5.571599929962359    -5.115399977508177    0.4
-5.572399939986322    -5.114500002924338    0.4
-5.587948623689005    -5.097151154998315    0.4
-16.491493432026104    -1.069357727870285    0.4
-16.504099971920905    -0.8377999452163412    0.4
-15.380699930750477    -1.1860999815290274    0.4
-15.375899920345342    -1.1874000038982881    0.4
-15.372299913256835    -1.1880999267674053    0.4
-15.368699940958255    -1.1885999528161628    0.4
-15.365099968798033    -1.1888999882401414    0.4
-15.361399937166617    -1.1890999987061157    0.4
-15.357799930631561    -1.1889999590761127    0.4
-15.35409994624826    -1.188699975654357    0.4
-15.350499939989932    -1.1881999547747935    0.4
-15.346899886898576    -1.1875999559086186    0.4
-15.343399987359565    -1.1866999660993258    0.4
-15.339899959502935    -1.1855999265123938    0.4
-15.336399919464837    -1.1844000027432697    0.4
-15.333099976314136    -1.1828999473935786    0.4
-15.329799892525982    -1.181299948708836    0.4
-15.326599915318784    -1.1794999717191468    0.4
-15.323599975707758    -1.1775999822296503    0.4
-15.320599954750506    -1.1753999303243416    0.4
-15.188794503679457    -1.074967237897713    0.4
-6.141475023765677    -4.41706694720149    0.4
-6.169899935665541    -4.3790999464976155    0.4
-6.171799925016674    -4.37629999751137    0.4
-6.303299893421942    -4.18079994810528    0.4
-6.304099903584269    -4.179699982896661    0.4
-6.4315999796696985    -3.981699971434919    0.4
-6.432599946220334    -3.979999940685901    0.4
-6.545521068179171    -3.7922011114669845    0.4
-14.768413402515582    -0.7546466025060754    0.4
1111    1111    1111
-16.430175356036017    -2.1956533560570772    0.4
0.6738011513092808    -8.51389988642964    0.4
1111    1111    1111
-17.43546914795971    -2.943597659256109    0.4
0.36127471756438867    -9.517753975010384    0.4
0.42049993571579103    -9.480099951995268    0.4
0.5919903059970038    -9.043330866529509    0.4
-17.433072167996272    -2.384833154775282    0.4
1111    1111    1111
-17.185250044825843    -4.471997071079119    0.4
-15.93755068265683    -4.932899958930195    0.4
-15.003999905632837    -4.932899961439047    0.4
-15.0013999805393    -4.932999972278502    0.4
-14.599260285560963    -4.948612109995594    0.4
-17.290035542913877    -3.954633813399985    0.4
-17.394821041001908    -3.4372705557208496    0.4
-12.40133569124525    -5.2818750236945435    0.4
1111    1111    1111
-9.148735195733668    -6.8163418175933455    0.4
-0.44615007045978183    -10.03109589828448    0.4
1111    1111    1111
-4.935500428812877    -14.932689166058918    0.4
-4.935471121194837    -14.932699992357465    0.4
-4.285700007603041    -14.932899901501775    0.4
-3.751067937164028    -14.93289991178386    0.4
-4.952928194560769    -14.488930090027583    0.4
-4.960999987115075    -14.283399945909823    0.4
-4.961300064894703    -14.278899964375842    0.4
-4.986910670702662    -14.039045007097545    0.4
-2.5671770299414844    -14.932899934552541    0.4
-1.383286122718935    -14.932899957321222    0.4
-5.0355244268840496    -13.583755097149371    0.4
-5.037099905164479    -13.569000027375587    0.4
-5.037799976513499    -13.564399939675738    0.4
-5.117870599893964    -13.11600435825324    0.4
-0.1993952154963914    -14.932899980089903    0.4
-0.08399999884772757    -14.932899982309193    0.4
-0.17928807879305175    -14.502995719078193    0.4
-5.220101637345262    -12.640908106709228    0.4
-5.342899986710007    -12.165399982987942    0.4
-5.344099911032582    -12.161099980450722    0.4
-5.34535710070547    -12.157306581607907    0.4
-0.2848670646599736    -14.026662728027917    0.4
-0.36780007333722153    -13.652499936486947    0.4
-0.3684999910371456    -13.648899965018542    0.4
-0.36900001191670917    -13.645299958760216    0.4
-0.3693000082117486    -13.6406999054352    0.4
-0.37262527759596864    -13.556912769682992    0.4
-5.510515028438234    -11.658964998429045    0.4
-5.568699945648648    -11.483399924697396    0.4
-5.570399957801738    -11.478899944131953    0.4
-5.7068813229705295    -11.149094975932863    0.4
-0.39023995677713996    -13.113073986940076    0.4
-0.40785463595831173    -12.669235204197161    0.4
-5.940589171912039    -10.625430901130576    0.4
-6.165999962129586    -10.176999911681875    0.4
-6.168199920922287    -10.172999972252281    0.4
-6.220395993171106    -10.084737764590859    0.4
-0.4224470307012562    -12.226512859971184    0.4
-0.3484328137346693    -11.816521992940665    0.4
-6.55569239859679    -9.523546653648404    0.4
-6.941999921595599    -8.968199971154194    0.4
-6.9447999459286995    -8.964399988112909    0.4
-6.969999660229455    -8.93316875869247    0.4
-0.2744185967680828    -11.406531125910146    0.4
-0.23429997540961756    -11.18429992454174    0.4
-0.23360005254050087    -11.180699917453236    0.4
-0.23259998563261997    -11.177199910544704    0.4
-0.23150003454255108    -11.173699915817645    0.4
-0.23020004585630893    -11.17029993359039    0.4
-0.2287000195738953    -11.166999963862944    0.4
-0.2270000026667005    -11.163699993997131    0.4
-0.2251000541492254    -11.16059988616176    0.4
-0.2231000684922777    -11.157499953615396    0.4
-0.22090005742062768    -11.154599917751028    0.4
-0.21850000875280529    -11.151799894386468    0.4
-0.21599998196000936    -11.149199908479716    0.4
-0.21340007098502412    -11.146599934754436    0.4
-0.20960004124907394    -11.143499941809946    0.4
-0.07852502683701124    -11.04156275985542    0.4
-7.490310925652638    -8.303632751652637    0.4
-7.881099924434853    -7.881500023482807    0.4
-7.88469991112871    -7.877900031619754    0.4
-8.167691019068464    -7.616075174186301    0.4
0.302723884830423    -10.745065064601073    0.4
1111    1111    1111
-2.647406660055633    11.848077410196364    0.4
8.016816112333416    7.757208116387311    0.4
7.885799900703029    7.87839999113213    0.4
7.882199944648084    7.881999966394886    0.4
7.397099910286852    8.405900003553104    0.4
7.394099905339341    8.409299930025092    0.4
7.340887128872593    8.47526383090712    0.4
-2.3910460850712743    12.208500429958821    0.4
-1.9835504416012943    12.510946996670587    0.4
6.8311523791098345    9.129566292897001    0.4
6.535299926299759    9.55470000781102    0.4
6.5325999567041375    9.558899946225178    0.4
6.4224872215945545    9.745097763293053    0.4
-1.5760547981313167    12.813393563382354    0.4
-1.50099995243587    12.869099877693763    0.4
-1.4985999418549198    12.870899905599472    0.4
-1.4958000172293726    12.873299902310148    0.4
-1.4931999308905484    12.875799907316274    0.4
-1.4906999457924472    12.878499933725271    0.4
-1.4882999955360985    12.881299919728281    0.4
-1.4840999921966338    12.887299992511045    0.4
-1.4823000018964851    12.890399959931742    0.4
-1.4806000194709874    12.893699912939438    0.4
-1.4790999598495214    12.89699997743154    0.4
-1.4777999968786606    12.900399935118688    0.4
-1.4766999655605968    12.903899936917156    0.4
-1.4757999862285036    12.907399992649827    0.4
-1.4749999483720915    12.910999972160644    0.4
-1.4744999309444315    12.914599903390826    0.4
-1.4741999385356408    12.918299914548196    0.4
-1.4739999990869368    12.921899926679686    0.4
-1.474099959733814    12.925599880707653    0.4
-1.474399963517893    12.92919995604291    0.4
-1.4747999357447537    12.93279992916333    0.4
-1.5244063508908061    13.252345565081116    0.4
6.089502220407977    10.331597804556049    0.4
5.846399941058859    10.815300005993876    0.4
5.844399963065991    10.819700008437973    0.4
5.81258030824851    10.896591658794247    0.4
-1.6001349361907806    13.740160273634194    0.4
-1.659800003954321    14.124499919311967    0.4
-1.6299797791137198    14.210373662636705    0.4
5.586907562564233    11.44192597984926    0.4
5.57139990688994    11.479399963925863    0.4
5.569699940477056    11.483899947277504    0.4
5.408834985361273    11.96900054848007    0.4
-1.4893976534750522    14.615210092867239    0.4
-1.3787999464636762    14.933699948492613    0.4
-1.1237242189600156    14.933699946939432    0.4
5.261558311544421    12.484261596498435    0.4
5.165299939593401    12.85699997514341    0.4
5.164199948059854    12.861999940738905    0.4
5.141491376168712    12.98908480147308    0.4
0.07219985137208518    14.933699939657334    0.4
1.2681239217041806    14.933699932375234    0.4
5.053482878107291    13.481610169126089    0.4
5.038599975199731    13.564899935316332    0.4
5.037900051401457    13.56949987580362    0.4
4.995936623202634    13.962450010528356    0.4
2.4640479920362814    14.933699925093137    0.4
3.659972062368377    14.933699917811039    0.4
4.955799540939135    14.43661157341859    0.4
4.937509737849291    14.902392369568267    0.4
4.857040326738016    14.933260989816741    0.4
1111    1111    1111
14.147371287545688    4.976288023316666    0.4
16.56189071738891    4.050061742633094    0.4
16.422364010810355    4.724554931024046    0.4
15.877157326277995    4.933699969733062    0.4
1111    1111    1111
-2.0183514096561934    11.17757014550376    0.4
8.92208185697517    6.98074460400179    0.4
1111    1111    1111
-1.3213286864947018    9.037650493070288    0.4
17.219057722788197    1.9254305895752832    0.4
17.624781376675045    2.2379260074988343    0.4
-1.3048905141105305    9.499478502481724    0.4
-1.2884523417263587    9.961306511893161    0.4
17.21421582029065    2.8635555877930576    0.4
16.749799981523044    3.221299954555855    0.4
16.746999911002728    3.223600008001158    0.4
16.744299950992705    3.2259999312904055    0.4
16.741699911144824    3.228699977223245    0.4
16.739299923282914    3.231399969221881    0.4
16.736999921982125    3.234300022055252    0.4
16.734899936851434    3.2371999275883496    0.4
16.732999906724643    3.240299996171025    0.4
16.731299919735058    3.243499943446408    0.4
16.729699928155355    3.2468000189296173    0.4
16.728299979712858    3.250199973105534    0.4
16.727099896524184    3.2535999449789887    0.4
16.725999902111464    3.257100009244396    0.4
16.725199985677705    3.2605999926084994    0.4
16.667076953986825    3.5415756302735923    0.4
-1.5173951170768567    10.517264342651966    0.4
1111    1111    1111
-0.7617744155678574    7.9433033811809    0.4
0.23635961163034747    7.560412294777202    0.4
0.3224000045506483    7.557999947417079    0.4
0.3240000610556608    7.557999975121011    0.4
0.5593000281633964    7.545799904502024    0.4
0.5623000082861447    7.545499935865137    0.4
0.7967000521017134    7.5223998837600075    0.4
0.7980000036606669    7.52229996637226    0.4
1.0318999793095702    7.494799926009342    0.4
1.0343000477567543    7.494499918361385    0.4
1.2671000083796204    7.458399944620092    0.4
1.2692999978737314    7.4579999649133555    0.4
1.50070004944935    7.414299895978616    0.4
1.5020000404401728    7.413999890789028    0.4
1.7326000299666746    7.365599987435125    0.4
1.7357999900228558    7.364899954258164    0.4
1.9636999996628428    7.305099894051725    0.4
1.964900058026753    7.30479988001337    0.4
2.191600049366759    7.240899933300001    0.4
2.19370006114852    7.240199960131613    0.4
2.3323076099483653    7.196240632977088    0.4
-1.107409874224086    8.515739947246088    0.4
1111    1111    1111
5.262464362372594    5.434202840175716    0.4
16.311980964302183    1.1955321800596481    0.4
16.747599949184607    1.562199928473353    0.4
16.749799907779586    1.564000010313265    0.4
16.751975942440083    1.5656760305625745    0.4
3.8330954617097244    6.5214475478120555    0.4
1111    1111    1111
7.302423360373339    1.9742799440459122    0.4
13.770480477582936    -0.5069113078757823    0.4
14.027744063430118    -0.15936958056578643    0.4
7.1463816365856285    2.480368434325945    0.4
7.145999893693032    2.481499974402551    0.4
7.145599934246968    2.4826999273564225    0.4
7.0661999131314515    2.704499988982622    0.4
7.065099961345802    2.7071999604045534    0.4
6.976199940544144    2.9254000070567123    0.4
6.9755999741975465    2.9268999985576714    0.4
6.9413026239652105    3.0052679662935864    0.4
14.283508456249734    0.1887472475136578    0.4
14.487994198460957    0.5565349190928242    0.4
6.679017263616142    3.552112247196895    0.4
6.670099922103336    3.569099973919867    0.4
6.669499883704198    3.5701999548149566    0.4
6.5560999650244085    3.7765999455663533    0.4
6.55479988920025    3.7788999603166196    0.4
6.433399959456107    3.980800001110492    0.4
6.4323999648061045    3.9824999299178145    0.4
6.33794772459275    4.129178681580645    0.4
14.69247994067218    0.9243225906719896    0.4
14.876999957446284    1.2561999460085547    0.4
14.878899916189212    1.2593000156440892    0.4
14.88089995847533    1.2623999291305807    0.4
14.883099977078881    1.2652999592449117    0.4
14.88549992733523    1.268099945247923    0.4
14.887999885466229    1.2706999456639325    0.4
14.89059990540608    1.2733000124789147    0.4
14.893399896430601    1.2755999473807345    0.4
14.896299949263975    1.2778999486815268    0.4
14.899299889638824    1.2798999742182007    0.4
14.902399958221498    1.2818000043449915    0.4
14.905699931489869    1.2834999643674765    0.4
14.9089998866399    1.284999965770064    0.4
14.912135426302706    1.286291044210282    0.4
5.890657611029102    4.746992059837563    0.4
1111    1111    1111
15.14281037766461    0.9131998596241067    0.4
15.715539149061545    0.6934971588651822    0.4
1111    1111    1111
7.500904869524108    0.9779924835605112    0.4
10.53948916953594    -0.187629378892757    0.4
10.553399939865281    0.20419992863958347    0.4
10.553599879313984    0.20779994077107    0.4
10.553999906564526    0.2113999923344272    0.4
10.554699918427954    0.21499999881234633    0.4
10.555499956284365    0.21859997832316402    0.4
10.556499961609443    0.22210000708873334    0.4
10.55769989858732    0.22549999174298208    0.4
10.559099923367034    0.22890001582910013    0.4
10.560699973165617    0.23219995998803    0.4
10.56239996443988    0.23539998036881293    0.4
10.564399913359928    0.23849992967117295    0.4
10.566399964494815    0.24149991053075182    0.4
10.56869991572528    0.24439994949385024    0.4
10.571099968196467    0.24709996705407944    0.4
10.57369995232045    0.24969994050298805    0.4
10.576399971286188    0.2521999543578817    0.4
10.5791999047605    0.25450001844164394    0.4
10.581573364996352    0.2563005382141248    0.4
7.421038038358717    1.468703654287081    0.4
1111    1111    1111
7.554609613666365    0.4260767772283409    0.4
8.74313666788985    -0.02985038546866914    0.4
1111    1111    1111
10.50558672058389    -1.1421843002703862    0.4
10.505600338778992    -1.142189524303808    0.4
10.522544510216601    -0.6649157843380866    0.4
9.907423642829432    -0.42895118362751594    0.4
1111    1111    1111
-24.932899983021773    0.6876177928130437    0.4
-14.962197113960471    0.6850687127741117    0.4
-15.205063054400192    1.1077311896911588    0.4
-24.932899982711447    1.1102181793509238    0.4
-24.93289998240112    1.5328185658888038    0.4
-15.318004922260357    1.5303604506088588    0.4
-15.035990509990972    1.9528887381866498    0.4
-24.932899982090795    1.9554189524266836    0.4
-24.93289998178047    2.3780193389645636    0.4
-14.753976097721583    2.3754170257644405    0.4
-14.678899930680876    2.487899944783891    0.4
-14.778532211403265    2.798023690244892    0.4
-24.932899981470136    2.8006197255024436    0.4
-24.93289998115981    3.223220112040323    0.4
-14.914310588473844    3.2206587894761545    0.4
-15.050088965544425    3.643293888707417    0.4
-24.93289998084948    3.6458204985782032    0.4
-24.932899980539155    4.068420885116083    0.4
-15.069970739885301    4.065899358160269    0.4
-15.068962313658687    4.488499486886999    0.4
-24.93289998022883    4.491021271653963    0.4
-24.9328999799185    4.913621658191843    0.4
-15.067953887432072    4.91109961561373    0.4
1111    1111    1111
-13.212897206329727    0.684621491997883    0.4
-12.67991345570914    0.6844852309681819    0.4
1111    1111    1111
-24.932899959834042    -0.020539630335646555    0.4
-12.58116604154638    -0.023697437642792845    0.4
1111    1111    1111
-14.288140704752212    -0.5647382553074249    0.4
-13.199168884415945    -0.5650166585821622    0.4
1111    1111    1111
-24.932899970243053    -1.3521975738519008    0.4
-16.609549154974786    -1.3543254967976406    0.4
-16.638831835509254    -0.816651292904137    0.4
-24.932899961984536    -0.8145308562829291    0.4
1111    1111    1111
-24.291017090386763    -4.932889092719424    0.4
-24.248386400211388    -4.93289999155402    0.4
-17.22789999339525    -4.932899928027774    0.4
-17.31816947574721    -4.487114822934607    0.4
-24.93289993992825    -4.4851680637459115    0.4
-24.93289994598269    -4.037601136617765    0.4
-17.408804461179578    -4.0395247243390315    0.4
-17.499439446611945    -3.5919346257434563    0.4
-24.932899952037126    -3.5900342094896165    0.4
-24.93289995809156    -3.1424672823614697    0.4
-17.569709912486545    -3.144349733479972    0.4
-17.567813315346587    -2.6967832912317173    0.4
-24.932899964146003    -2.6949003552333224    0.4
-24.932899970200438    -2.2473334281051756    0.4
-17.565916718206637    -2.249216848983464    0.4
-17.564099997556085    -1.820499974430236    0.4
-17.563999977194133    -1.8168999998834934    0.4
-17.563599931225156    -1.8131999020371246    0.4
-17.56309991085071    -1.8095999297531837    0.4
-17.562399990457234    -1.8059999085750804    0.4
-17.56149999563599    -1.802499938550674    0.4
-17.561233202287216    -1.8016511192305207    0.4
-24.932899976254877    -1.7997665009770285    0.4
1111    1111    1111
-17.12497712620073    -1.9998536451262579    0.4
-16.57438491061365    -1.9999944078833851    0.4
1111    1111    1111
15.839656272331025    0.6238084326766616    0.4
24.933700013501287    0.6221261255057923    0.4
24.933700008960113    1.0504401691990004    0.4
16.348400082256614    1.0520283638505579    0.4
16.831899988411696    1.4589999918033412    0.4
16.859489893914052    1.4802478610375893    0.4
24.933700004418927    1.4787542128922089    0.4
24.933699999877746    1.9070682565854167    0.4
17.415512994317453    1.9084590460154403    0.4
17.97153609472085    2.3366702309932914    0.4
24.93369999533657    2.335382300278625    0.4
24.933699990795386    2.7636963439718327    0.4
17.56060230449776    2.7650602933283794    0.4
17.004411872666005    3.193477226689906    0.4
24.933699986254208    3.1920103876650407    0.4
24.933699981713033    3.6203244313582483    0.4
16.786667993506907    3.6218315508229386    0.4
16.698065213568903    4.050161985143755    0.4
24.933699977171848    4.048638475051457    0.4
24.93369997263067    4.476952518744665    0.4
16.6094624336309    4.478492419464571    0.4
16.52085965369289    4.906822853785386    0.4
24.933699968089492    4.905266562437874    0.4
1111    1111    1111
14.678122120547865    0.6240233048818511    0.4
15.122925670713366    0.6239410206721674    0.4
14.938604032395052    1.0486365255986616    0.4
14.914190674621864    1.0486410418257677    0.4
1111    1111    1111
15.050596658356989    -4.9328899942649045    0.4
15.104656916688914    -4.932899994872207    0.4
24.93329998946    -4.932899995543868    0.4
24.93356311757146    -4.507278060014191    0.4
14.911165513979208    -4.505424016660354    0.4
14.771731107597711    -4.077948038452195    0.4
24.93369997980268    -4.0798279010953085    0.4
24.933699983535668    -3.652377716858972    0.4
14.923767849973869    -3.650525979492462    0.4
15.260206710955398    -3.223138033081037    0.4
24.933699987268657    -3.2249275326226354    0.4
24.933699991001646    -2.7974773483862987    0.4
15.600342833541685    -2.795750770626045    0.4
15.943492952562329    -2.368364065730259    0.4
24.93369999473463    -2.370027164149962    0.4
24.93369999846762    -1.9425769799136252    0.4
15.079424170229172    -1.9407540374073649    0.4
15.51908457508415    -1.5133851859495595    0.4
24.93370000220061    -1.5151267956772885    0.4
24.9337000059336    -1.0876766114409517    0.4
14.564753534905343    -1.0857584600113956    0.4
14.554499956884333    -1.0837999554761892    0.4
14.501268166786884    -0.6582965316159859    0.4
24.933700009666584    -0.6602264272046148    0.4
24.93370001339958    -0.23277624296827792    0.4
14.447791593365993    -0.23083645474752854    0.4
14.402799973139862    0.12879992825201575    0.4
14.440502185962687    0.1966150779569898    0.4
24.933700017132566    0.19467394126805893    0.4
1111    1111    1111
11    1111    0.6