-12.093798435947791    4.600500999999789    0.2
12.09459819346397    4.600501000000212    0.2
11.768899999999919    4.6955999000002056    0.2
11.766699999999918    4.696299900000205    0.2
11.756199999999918    4.699499900000205    0.2
11.752099999999919    4.700799900000205    0.2
11.738099999999918    4.705399900000205    0.2
11.736299999999918    4.705999900000205    0.2
11.323499999999914    4.845999900000198    0.2
11.321699999999915    4.846599900000197    0.2
11.311399999999916    4.850199900000197    0.2
11.307599999999915    4.851599900000197    0.2
11.293099999999916    4.856999900000197    0.2
11.290399999999915    4.857999900000197    0.2
10.883199999999913    5.01639990000019    0.2
10.881195659374912    5.017163458333524    0.2
-10.880491254166753    5.017163458333144    0.2
-10.879899900000087    5.01739999999981    0.2
-10.866299900000087    5.02289999999981    0.2
-10.862299900000087    5.024599999999811    0.2
-10.852299900000087    5.028899999999811    0.2
-10.850899900000087    5.0294999999998105    0.2
-10.45169990000009    5.204699999999818    0.2
-10.44929990000009    5.205699999999818    0.2
-10.43499990000009    5.212199999999818    0.2
-10.431299900000091    5.213999999999818    0.2
-10.421499900000091    5.218699999999818    0.2
-10.41959990000009    5.219599999999818    0.2
-10.028399900000094    5.412399999999825    0.2
-10.026399900000094    5.413399999999825    0.2
-10.011999900000093    5.420699999999825    0.2
-10.007099900000094    5.423199999999825    0.2
-9.997499900000093    5.428399999999826    0.2
-9.996399900000094    5.429099999999826    0.2
-9.987810591381589    5.433825916666493    0.2
9.98861050963235    5.433825916666841    0.2
9.614799999999903    5.6394999000001675    0.2
9.613099999999902    5.640399900000168    0.2
9.603499999999903    5.645799900000168    0.2
9.599299999999902    5.648199900000168    0.2
9.586699999999901    5.655699900000167    0.2
9.585199999999901    5.6566999000001665    0.2
9.266044168658757    5.850488375000162    0.2
-9.265299607597273    5.850488374999839    0.2
-9.211599900000103    5.883099999999839    0.2
-9.210499900000103    5.883699999999839    0.2
-9.197999900000102    5.891399999999839    0.2
-9.193599900000104    5.894199999999839    0.2
-9.184399900000104    5.90019999999984    0.2
-9.182699900000102    5.90129999999984    0.2
-8.819499900000107    6.143699999999846    0.2
-8.816799900000106    6.145599999999846    0.2
-8.804499900000106    6.154099999999846    0.2
-8.801399900000106    6.1561999999998465    0.2
-8.792499900000108    6.162599999999847    0.2
-8.791199900000109    6.163599999999846    0.2
-8.649701866873816    6.267150833333183    0.2
8.650501830227634    6.267150833333485    0.2
8.439999999999888    6.421199900000148    0.2
8.438099999999888    6.422599900000147    0.2
8.429299999999888    6.429199900000148    0.2
8.426899999999888    6.431099900000148    0.2
8.414499999999888    6.440699900000147    0.2
8.411699999999888    6.442799900000146    0.2
8.11131674059128    6.683813291666809    0.2
-8.110516765224945    6.683813291666526    0.2
-8.070899900000118    6.715599999999859    0.2
-8.068699900000118    6.717399999999858    0.2
-8.056599900000117    6.72739999999986    0.2
-8.053999900000118    6.729599999999859    0.2
-8.045699900000118    6.73669999999986    0.2
-8.043699900000117    6.73839999999986    0.2
-7.715699900000122    7.026399999999865    0.2
-7.713199900000123    7.028699999999865    0.2
-7.702299900000122    7.038599999999866    0.2
-7.6999999000001225    7.040699999999866    0.2
-7.691999900000123    7.0481999999998655    0.2
-7.690499900000123    7.049599999999866    0.2
-7.637330018037259    7.100475749999868    0.2
7.638130013527725    7.100475750000134    0.2
7.376099999999872    7.351199900000129    0.2
7.375699999999872    7.351599900000129    0.2
7.367799999999871    7.359199900000129    0.2
7.363199999999871    7.363799900000129    0.2
7.3523999999998715    7.374899900000128    0.2
7.351199999999872    7.376099900000128    0.2
7.216247100909344    7.51713820833346    0.2
-7.215447096594886    7.517138208333208    0.2
-7.048799900000134    7.691299999999877    0.2
-7.047199900000134    7.692999999999877    0.2
-7.037099900000134    7.703799999999878    0.2
-7.034599900000134    7.706499999999878    0.2
-7.027299900000135    7.714599999999877    0.2
-7.025599900000135    7.716499999999877    0.2
-6.834799314634284    7.933800666666548    0.2
6.83559932682913    7.933800666666786    0.2
6.73839999999986    8.044499900000117    0.2
6.73669999999986    8.046499900000118    0.2
6.729599999999859    8.054799900000118    0.2
6.72739999999986    8.057399900000117    0.2
6.717399999999858    8.069499900000118    0.2
6.715599999999859    8.071699900000118    0.2
6.491933506529267    8.350463125000113    0.2
-6.491133486764852    8.350463124999886    0.2
-6.441999900000146    8.411699999999888    0.2
-6.439899900000147    8.414499999999888    0.2
-6.430299900000147    8.426899999999888    0.2
-6.428399900000147    8.429299999999888    0.2
-6.421799900000147    8.438099999999888    0.2
-6.420399900000147    8.439999999999888    0.2
-6.181003450378941    8.767125583333225    0.2
6.181803477196816    8.767125583333442    0.2
6.163599999999846    8.791999900000109    0.2
6.162599999999847    8.793299900000108    0.2
6.1561999999998465    8.802199900000106    0.2
6.154099999999846    8.805299900000106    0.2
6.145599999999846    8.817599900000106    0.2
6.143699999999846    8.820299900000107    0.2
5.90129999999984    9.183499900000102    0.2
5.901113555391997    9.18378804166677    0.2
-5.900312672916827    9.183788041666563    0.2
-5.899199900000161    9.185499999999896    0.2
-5.891199900000161    9.197799999999898    0.2
-5.887899900000161    9.203099999999896    0.2
-5.88229990000016    9.212399999999898    0.2
-5.655899900000167    9.585199999999901    0.2
-5.654899900000167    9.586699999999901    0.2
-5.647399900000168    9.599299999999902    0.2
-5.646742471428739    9.600450499999903    0.2
5.647643798437332    9.600450500000099    0.2
5.640999999999832    9.612099900000098    0.2
5.639499999999832    9.614799900000097    0.2
5.429099999999826    9.997199900000094    0.2
5.428399999999826    9.998299900000093    0.2
5.423199999999825    10.007899900000094    0.2
5.420699999999825    10.012799900000093    0.2
5.418513519039177    10.017112958333428    0.2
-5.417669161666841    10.01711295833324    0.2
-5.416999900000175    10.018399999999906    0.2
-5.411599900000175    10.029199999999905    0.2
-5.218799900000182    10.42039999999991    0.2
-5.217599900000182    10.42299999999991    0.2
-5.212479666548646    10.433775416666576    0.2
5.213184883783601    10.433775416666757    0.2
5.212199999999818    10.43579990000009    0.2
5.205699999999818    10.45009990000009    0.2
5.204699999999818    10.45249990000009    0.2
5.030053874699209    10.850437875000088    0.2
-5.029253818587363    10.850437874999914    0.2
-5.0286999000001895    10.851699999999912    0.2
-5.027799900000189    10.853799999999913    0.2
-5.02209990000019    10.867199999999913    0.2
-5.02049990000019    10.870899999999914    0.2
-5.01639990000019    10.881099999999913    0.2
-5.01559990000019    10.883199999999913    0.2
-4.866263424558154    11.267100333333248    0.2
4.867063485657956    11.267100333333419    0.2
4.8579999999998025    11.290399900000086    0.2
4.8575999999998025    11.291499900000085    0.2
4.853699999999803    11.301699900000084    0.2
4.851699999999803    11.307099900000086    0.2
4.846599999999802    11.321699900000086    0.2
4.845999999999802    11.323499900000085    0.2
4.723817817748504    11.683762791666748    0.2
-4.723017751663641    11.683762791666584    0.2
-4.705199900000205    11.736299999999918    0.2
-4.704599900000205    11.738099999999918    0.2
-4.699999900000205    11.752099999999919    0.2
-4.698699900000205    11.756199999999918    0.2
-4.695499900000205    11.766699999999918    0.2
-4.694799900000205    11.768899999999919    0.2
-4.597999588454409    12.10042524999992    0.2
4.598799659255514    12.10042525000008    0.2
4.573199999999787    12.18809990000008    0.2
4.572299999999787    12.19139990000008    0.2
4.569399999999787    12.20199990000008    0.2
4.568699999999787    12.20469990000008    0.2
4.564899999999787    12.21939990000008    0.2
4.564299999999787    12.22189990000008    0.2
4.491895443238776    12.517087708333412    0.2
-4.491095367767515    12.517087708333255    0.2
-4.459499900000221    12.645899999999921    0.2
-4.458999900000221    12.647999999999922    0.2
-4.455399900000221    12.663399999999921    0.2
-4.454199900000221    12.668599999999921    0.2
-4.451999900000221    12.679299999999921    0.2
-4.4516999000002215    12.680699999999922    0.2
-4.4014689680401755    12.93375016666659    0.2
4.402269048189538    12.933750166666742    0.2
4.367699999999771    13.107899900000076    0.2
4.367599999999771    13.108299900000077    0.2
4.365499999999771    13.118999900000077    0.2
4.364399999999771    13.125499900000076    0.2
4.361999999999771    13.140299900000077    0.2
4.361699999999771    13.141899900000077    0.2
4.329591361456168    13.350412625000077    0.2
-4.328791276855521    13.350412624999924    0.2
-4.294499900000237    13.573099999999926    0.2
-4.294199900000237    13.575599999999925    0.2
-4.291999900000238    13.591199999999926    0.2
-4.291399900000237    13.595399999999925    0.2
-4.2900999000002376    13.606299999999925    0.2
-4.289899900000237    13.608399999999925    0.2
-4.272658960927189    13.767075083333259    0.2
4.273459050061147    13.767075083333408    0.2
4.243499999999755    14.042799900000075    0.2
4.2432999999997545    14.044299900000075    0.2
4.242199999999755    14.055199900000074    0.2
4.241799999999754    14.059999900000074    0.2
4.240699999999754    14.074299900000074    0.2
4.240499999999754    14.076399900000075    0.2
4.233401865631473    14.183737541666742    0.2
-4.232601772244871    14.183737541666593    0.2
1111    1111    1111
-24.199599992001268    -0.4003989000004224    0.2
24.20039990799873    -0.4003988999995776    0.2
24.200399916332056    0.016334333333755755    0.2
-24.19959998366794    0.016334333332911014    0.2
-24.199599975334614    0.43306756666624435    0.2
24.200399924665383    0.4330675666670891    0.2
24.200399932998707    0.8498008000004225    0.2
-24.199599967001287    0.8498007999995778    0.2
-24.199599958667957    1.2665340333329114    0.2
24.200399941332034    1.266534033333756    0.2
24.20039994966536    1.6832672666670891    0.2
-24.19959995033463    1.6832672666662445    0.2
-24.199599942001303    2.100000499999578    0.2
24.200399957998687    2.1000005000004225    0.2
24.20039996633201    2.516733733333756    0.2
-24.199599933667976    2.516733733332911    0.2
-24.199599925334645    2.9334669666662445    0.2
24.200399974665338    2.933466966667089    0.2
24.200399982998665    3.350200200000422    0.2
-24.19959991700132    3.3502001999995774    0.2
-24.199599908667995    3.7669334333329108    0.2
24.200399991331988    3.7669334333337554    0.2
24.20039999966531    4.183666666667089    0.2
-24.19959990033467    4.183666666666244    0.2
1111    1111    1111
-6.157270310112206    -8.798799000000106    0.2
-1.789514057575607    -8.798799000000031    0.2
-1.7935999999998467    -8.796899900000032    0.2
-1.7992999999998465    -8.794099900000033    0.2
-2.0504999999998486    -8.664499900000035    0.2
-2.057199999999849    -8.660899900000036    0.2
-2.062699999999849    -8.657699900000036    0.2
-2.3034999999998513    -8.51129990000004    0.2
-2.3103999999998517    -8.506899900000041    0.2
-2.3155999999998516    -8.50329990000004    0.2
-2.490396057755954    -8.378879095000041    0.2
-6.4676919870704435    -8.378879095000112    0.2
-6.714799999999859    -8.070899900000118    0.2
-6.7165999999998585    -8.068699900000118    0.2
-6.72659999999986    -8.056599900000117    0.2
-6.728799999999859    -8.053999900000118    0.2
-6.73589999999986    -8.045699900000118    0.2
-6.737599999999859    -8.043699900000117    0.2
-6.812006477073032    -7.958959190000118    0.2
-2.9792490607406035    -7.958959190000051    0.2
-2.9908999999998613    -7.947899900000053    0.2
-2.9963999999998614    -7.942399900000052    0.2
-3.0006999999998616    -7.937799900000052    0.2
-3.191099999999865    -7.729799900000056    0.2
-3.196499999999865    -7.723699900000056    0.2
-3.2004999999998653    -7.718799900000056    0.2
-3.3426212082489672    -7.539039285000057    0.2
-7.193725512322204    -7.539039285000124    0.2
-7.350399999999871    -7.375299900000128    0.2
-7.351599999999872    -7.374099900000128    0.2
-7.362399999999871    -7.362999900000129    0.2
-7.366999999999871    -7.358399900000129    0.2
-7.374899999999872    -7.350799900000129    0.2
-7.375299999999872    -7.350399900000129    0.2
-7.6170096150661895    -7.119119380000131    0.2
-3.6230570149998766    -7.119119380000061    0.2
-3.693799999999878    -6.998299900000065    0.2
-3.697799999999878    -6.991099900000065    0.2
-3.700599999999878    -6.985499900000065    0.2
-3.8253999999998824    -6.731899900000067    0.2
-3.8284999999998828    -6.725399900000067    0.2
-3.8309999999998827    -6.719599900000067    0.2
-3.8393854507667555    -6.699199475000065    0.2
-8.090343344941234    -6.69919947500014    0.2
-8.410899999999888    -6.441999900000146    0.2
-8.413699999999888    -6.439899900000147    0.2
-8.426099999999888    -6.430299900000147    0.2
-8.428499999999888    -6.428399900000147    0.2
-8.437299999999889    -6.421799900000147    0.2
-8.439199999999888    -6.420399900000147    0.2
-8.632035233540265    -6.279279570000149    0.2
-3.997553679464177    -6.279279570000068    0.2
-4.031299999999892    -6.1761999000000705    0.2
-4.033499999999893    -6.168899900000071    0.2
-4.035199999999892    -6.162799900000071    0.2
-4.103999999999897    -5.889199900000072    0.2
-4.105699999999897    -5.881799900000072    0.2
-4.106899999999898    -5.875599900000072    0.2
-4.109801713458111    -5.85935966500007    0.2
-9.249316242087836    -5.859359665000159    0.2
-9.584399999999901    -5.655899900000167    0.2
-9.585899999999901    -5.654899900000167    0.2
-9.598499999999902    -5.647399900000168    0.2
-9.602699999999903    -5.644999900000168    0.2
-9.612299999999902    -5.639599900000168    0.2
-9.613999999999903    -5.638699900000168    0.2
-9.976153410342112    -5.439439760000172    0.2
-4.174082864159449    -5.439439760000071    0.2
-4.188799999999907    -5.303499900000073    0.2
-4.189599999999908    -5.295099900000073    0.2
-4.189899999999907    -5.288799900000073    0.2
-4.199053995863935    -5.0195198550000715    0.2
-10.872538160731624    -5.019519855000188    0.2
-10.880299999999913    -5.01639990000019    0.2
-10.882399999999913    -5.01559990000019    0.2
-11.289599999999915    -4.8571999000001975    0.2
-11.292299999999914    -4.856199900000197    0.2
-11.306799999999916    -4.850799900000197    0.2
-11.310599999999916    -4.849399900000197    0.2
-11.320899999999915    -4.8457999000001974    0.2
-11.322699999999914    -4.845199900000197    0.2
-11.735499999999918    -4.705199900000205    0.2
-11.737299999999918    -4.704599900000205    0.2
-11.751299999999919    -4.699999900000205    0.2
-11.755399999999918    -4.698699900000205    0.2
-11.765899999999919    -4.695499900000205    0.2
-11.768099999999919    -4.694799900000205    0.2
-12.094144273202543    -4.599599950000209    0.2
-4.178396016809036    -4.59959995000007    0.2
-4.158399999999923    -4.414899900000073    0.2
-4.1574999999999225    -4.407499900000073    0.2
-4.156499999999924    -4.401199900000073    0.2
-4.116920083544596    -4.17968004500007    0.2
-24.199599999999926    -4.179680045000421    0.2
-24.199599999999936    -3.75976014000042    0.2
-4.0105965071427905    -3.759760140000068    0.2
-3.9432999999999376    -3.554199900000069    0.2
-3.9404999999999384    -3.546299900000069    0.2
-3.9381999999999384    -3.540399900000069    0.2
-3.8557613646931927    -3.3398402350000653    0.2
-24.199599999999943    -3.33984023500042    0.2
-24.19959999999995    -2.9199203300004206    0.2
-3.6463843307236323    -2.919920330000062    0.2
-3.551399999999952    -2.757699900000062    0.2
-3.547099999999952    -2.750799900000062    0.2
-3.543599999999952    -2.7454999000000617    0.2
-3.383599999999956    -2.512699900000059    0.2
-3.379499999999956    -2.506999900000059    0.2
-3.3756999999999566    -2.501999900000059    0.2
-3.3741191876353342    -2.500000425000058    0.2
-24.199599999999958    -2.500000425000421    0.2
-24.199599999999965    -2.080080520000421    0.2
-3.017799952153809    -2.0800805200000516    0.2
-3.000699999999964    -2.0613999000000525    0.2
-2.995399999999964    -2.055799900000052    0.2
-2.990899999999964    -2.0512999000000525    0.2
-2.7860999999999674    -1.8568999000000486    0.2
-2.7800999999999676    -1.8514999000000487    0.2
-2.7752999999999677    -1.8473999000000485    0.2
-2.556899999999971    -1.6681999000000447    0.2
-2.551099999999971    -1.6635999000000445    0.2
-2.546359363918889    -1.6601606150000436    0.2
-24.199599999999972    -1.6601606150004216    0.2
-24.19959999999998    -1.2402407100004218    0.2
-1.8674124341975085    -1.240240710000032    0.2
-1.7992999999999788    -1.2050999000000313    0.2
-1.7921999999999791    -1.2015999000000313    0.2
-1.786499999999979    -1.198999900000031    0.2
-1.527299999999981    -1.0877999000000267    0.2
-1.520599999999981    -1.0850999000000265    0.2
-1.514699999999981    -1.0828999000000263    0.2
-1.2482999999999826    -0.9892999000000218    0.2
-1.2401999999999826    -0.9865999000000216    0.2
-1.2340999999999829    -0.9848999000000216    0.2
-0.9612999999999842    -0.9112999000000168    0.2
-0.9539999999999841    -0.9094999000000167    0.2
-0.9477999999999841    -0.9081999000000165    0.2
-0.6709999999999852    -0.8537999000000116    0.2
-0.6635999999999851    -0.8523999000000115    0.2
-0.6572999999999851    -0.8515999000000114    0.2
-0.4084890170454382    -0.8203208050000068    0.2
-24.199599999999986    -0.820320805000422    0.2
1111    1111    1111
4.0228825017699785    -3.79959899999993    0.2
24.20039990000007    -3.799598999999578    0.2
24.20039990000006    -3.374699237499578    0.2
3.8724107367624816    -3.3746992374999327    0.2
3.769199900000055    -3.1454999999999345    0.2
3.7664999000000545    -3.1397999999999344    0.2
3.7625999000000547    -3.132299999999934    0.2
3.663696389677471    -2.9497994749999363    0.2
24.20039990000005    -2.949799474999578    0.2
24.200399900000043    -2.524899712499578    0.2
3.3909158856074386    -2.5248997124999413    0.2
3.2950999000000416    -2.394699999999942    0.2
3.2912999000000416    -2.389599999999943    0.2
3.2860999000000417    -2.383299999999943    0.2
3.102899900000038    -2.1688999999999456    0.2
3.098699900000038    -2.1640999999999457    0.2
3.093599900000038    -2.1587999999999457    0.2
3.035966517658767    -2.099999949999947    0.2
24.200399900000036    -2.0999999499995776    0.2
24.20039990000003    -1.675100187499578    0.2
2.5631608929906835    -1.6751001874999556    0.2
2.4385999000000274    -1.5798999999999574    0.2
2.4335999000000275    -1.5760999999999576    0.2
2.4270999000000275    -1.5716999999999577    0.2
2.191099900000025    -1.416499999999962    0.2
2.185799900000025    -1.4130999999999618    0.2
2.1793999000000244    -1.409399999999962    0.2
1.933799900000022    -1.2709999999999662    0.2
1.9281999000000223    -1.2678999999999663    0.2
1.920899900000022    -1.2642999999999665    0.2
1.8910200059602869    -1.250200424999967    0.2
24.200399900000022    -1.2502004249995777    0.2
24.200399900000015    -0.8253006624995778    0.2
0.448533207661306    -0.8253006624999922    0.2
1111    1111    1111
1.785484800662408    -8.798798999999967    0.2
6.158207170491957    -8.79879899999989    0.2
6.162199900000154    -8.793199999999892    0.2
6.163599900000154    -8.791199999999892    0.2
6.421199900000148    -8.439199999999888    0.2
6.422599900000147    -8.437299999999889    0.2
6.429199900000148    -8.428499999999888    0.2
6.431099900000148    -8.426099999999888    0.2
6.440699900000147    -8.413699999999888    0.2
6.442799900000146    -8.410899999999888    0.2
6.4658280980393625    -8.382199166666553    0.2
2.4871430464175917    -8.382199166666624    0.2
2.662599900000144    -8.248099999999955    0.2
2.667599900000144    -8.244199999999953    0.2
2.673599900000144    -8.239099999999954    0.2
2.88559990000014    -8.05189999999995    0.2
2.8902999000001404    -8.047699999999951    0.2
2.8959999000001404    -8.04199999999995    0.2
2.9708846804234197    -7.965599333333281    0.2
6.806976095122091    -7.965599333333214    0.2
7.026399900000135    -7.715699999999877    0.2
7.028099900000135    -7.713799999999877    0.2
7.035399900000134    -7.705699999999878    0.2
7.037899900000134    -7.702999999999878    0.2
7.047999900000134    -7.692199999999877    0.2
7.049599900000134    -7.690499999999877    0.2
7.18499504847729    -7.548999499999874    0.2
3.3359435778170337    -7.54899949999994    0.2
3.462299900000129    -7.37729999999994    0.2
3.465899900000129    -7.37219999999994    0.2
3.4702999000001284    -7.36569999999994    0.2
3.617770679264339    -7.132399666666603    0.2
7.603930487091194    -7.132399666666534    0.2
7.691299900000123    -7.048799999999866    0.2
7.692799900000122    -7.0473999999998655    0.2
7.700799900000122    -7.039899999999866    0.2
7.703099900000122    -7.037799999999866    0.2
7.713999900000123    -7.027899999999865    0.2
7.716499900000122    -7.025599999999865    0.2
8.044499900000117    -6.737599999999859    0.2
8.046499900000118    -6.73589999999986    0.2
8.054799900000118    -6.728799999999859    0.2
8.057399900000117    -6.72659999999986    0.2
8.069499900000118    -6.7165999999998585    0.2
8.0704778814816    -6.715799833333191    0.2
3.8312978011388337    -6.715799833333266    0.2
3.885199900000115    -6.596099999999932    0.2
3.887699900000115    -6.5902999999999325    0.2
3.890499900000115    -6.583199999999932    0.2
3.98809990000011    -6.31839999999993    0.2
3.99019990000011    -6.312399999999931    0.2
3.99249990000011    -6.304699999999931    0.2
3.9940898705015853    -6.29919999999993    0.2
8.60561480683241    -6.299199999999849    0.2
8.791999900000109    -6.162799999999846    0.2
8.793299900000108    -6.161799999999847    0.2
8.802199900000106    -6.1553999999998465    0.2
8.805299900000106    -6.153299999999846    0.2
8.817599900000106    -6.144799999999846    0.2
8.820299900000107    -6.142899999999846    0.2
9.183499900000102    -5.90049999999984    0.2
9.185199900000104    -5.89939999999984    0.2
9.194399900000104    -5.893399999999839    0.2
9.198799900000102    -5.890599999999839    0.2
9.211299900000103    -5.8828999999998395    0.2
9.211849594444546    -5.8826001666665055    0.2
4.103849719323774    -5.882600166666594    0.2
4.1335999000001005    -5.743899999999928    0.2
4.1347999000001    -5.737699999999928    0.2
4.1359999000001    -5.730299999999928    0.2
4.1737569952381905    -5.46600033333326    0.2
9.92867990253495    -5.4660003333331595    0.2
9.997199900000094    -5.428299999999826    0.2
9.998299900000093    -5.427599999999826    0.2
10.007899900000094    -5.422399999999825    0.2
10.012799900000093    -5.419899999999825    0.2
10.027199900000094    -5.412599999999825    0.2
10.029199900000094    -5.411599999999825    0.2
10.42039990000009    -5.218799999999818    0.2
10.422299900000091    -5.217899999999818    0.2
10.432099900000091    -5.2131999999998175    0.2
10.43579990000009    -5.211399999999818    0.2
10.45009990000009    -5.204899999999818    0.2
10.45249990000009    -5.203899999999818    0.2
10.804533007306025    -5.049400499999812    0.2
4.199608982386451    -5.049400499999926    0.2
4.200399900000087    -5.002999999999926    0.2
4.200399900000087    -4.996199999999926    0.2
4.1979999000000845    -4.8553999999999276    0.2
4.197799900000084    -4.849099999999927    0.2
4.197499900000085    -4.844599999999927    0.2
4.182457333712201    -4.6328006666665935    0.2
11.981237486056727    -4.632800666666458    0.2
12.18809990000008    -4.572399999999787    0.2
12.19139990000008    -4.571499999999787    0.2
12.20199990000008    -4.568599999999787    0.2
12.20469990000008    -4.567899999999787    0.2
12.21939990000008    -4.564099999999787    0.2
12.22189990000008    -4.563499999999787    0.2
12.645899900000078    -4.459499999999779    0.2
12.647599900000078    -4.4589999999997785    0.2
12.658199900000078    -4.456499999999779    0.2
12.662499900000078    -4.455599999999778    0.2
12.677999900000078    -4.452299999999779    0.2
12.680699900000079    -4.451699999999779    0.2
13.107899900000076    -4.366899999999771    0.2
13.108299900000077    -4.36679999999977    0.2
13.118999900000077    -4.364699999999771    0.2
13.125499900000076    -4.363599999999771    0.2
13.140299900000077    -4.361199999999771    0.2
13.141899900000077    -4.360899999999771    0.2
13.573099900000075    -4.294499999999763    0.2
13.574199900000075    -4.294399999999763    0.2
13.584999900000074    -4.292799999999763    0.2
13.590299900000074    -4.291999999999763    0.2
13.605999900000075    -4.290099999999763    0.2
13.608399900000075    -4.289899999999763    0.2
14.042799900000075    -4.242699999999755    0.2
14.044299900000075    -4.242499999999755    0.2
14.055199900000074    -4.2413999999997545    0.2
14.059999900000074    -4.2409999999997545    0.2
14.074299900000074    -4.2398999999997535    0.2
14.076399900000075    -4.239699999999754    0.2
14.431498418518583    -4.216200833333081    0.2
4.125213434459101    -4.216200833333262    0.2
1111    1111    1111
-4.231500654677172    -14.199590000000075    0.2
4.23230056129057    -14.199589999999926    0.2
4.240499900000246    -14.075599999999925    0.2
4.240599900000246    -14.074199999999925    0.2
4.241399900000245    -14.063299999999925    0.2
4.241899900000245    -14.058399999999926    0.2
4.243299900000245    -14.044099999999926    0.2
4.243499900000245    -14.041999999999925    0.2
4.271516325400439    -13.784153915384541    0.2
-4.270716414534395    -13.78415391538469    0.2
-4.289899999999763    -13.607599900000075    0.2
-4.290099999999763    -13.605199900000075    0.2
-4.291999999999763    -13.589499900000074    0.2
-4.292799999999763    -13.584199900000074    0.2
-4.294399999999763    -13.573399900000075    0.2
-4.294499999999763    -13.572299900000075    0.2
-4.325850912330293    -13.368707830769308    0.2
4.326650827729647    -13.368707830769155    0.2
4.361699900000229    -13.141099999999923    0.2
4.362099900000229    -13.138599999999924    0.2
4.363899900000229    -13.127799999999924    0.2
4.364499900000229    -13.124599999999923    0.2
4.367199900000229    -13.109899999999923    0.2
4.367699900000229    -13.107099999999924    0.2
4.3982370814753065    -12.95326174615377    0.2
-4.397437161624666    -12.953261746153922    0.2
-4.451699999999779    -12.679899900000079    0.2
-4.452299999999779    -12.677199900000078    0.2
-4.455599999999778    -12.661699900000079    0.2
-4.456499999999779    -12.657399900000078    0.2
-4.4589999999997785    -12.646799900000078    0.2
-4.45949999999978    -12.645099900000078    0.2
-4.485815001886574    -12.53781566153854    0.2
4.486614926415312    -12.537815661538383    0.2
4.564299900000213    -12.22109999999992    0.2
4.564699900000213    -12.21929999999992    0.2
4.567399900000213    -12.20869999999992    0.2
4.568199900000213    -12.20559999999992    0.2
4.572199900000213    -12.19089999999992    0.2
4.573199900000212    -12.18729999999992    0.2
4.592158592234504    -12.122369576922997    0.2
-4.591358663035607    -12.122369576923157    0.2
-4.694799999999795    -11.768099900000081    0.2
-4.695899999999795    -11.764599900000082    0.2
-4.700299999999795    -11.750499900000081    0.2
-4.701099999999795    -11.747999900000082    0.2
-4.704499999999795    -11.737599900000081    0.2
-4.705199999999794    -11.735499900000082    0.2
-4.714891611135752    -11.706923492307775    0.2
4.71569154505089    -11.706923492307611    0.2
4.845999900000197    -11.322699999999914    0.2
4.846599900000197    -11.320899999999915    0.2
4.850199900000197    -11.310599999999916    0.2
4.851599900000197    -11.306799999999916    0.2
4.856999900000197    -11.292299999999914    0.2
4.857304563817861    -11.291477407692222    0.2
-4.856502717646862    -11.291477407692392    0.2
-4.856799999999803    -11.290699900000085    0.2
-4.857199999999803    -11.289599900000086    0.2
-5.01559999999981    -10.882399900000086    0.2
-5.01659999999981    -10.879899900000087    0.2
-5.018164498020172    -10.87603132307701    0.2
5.0189157407241725    -10.876031323076836    0.2
5.02129990000019    -10.870099999999914    0.2
5.02289990000019    -10.866399999999913    0.2
5.028599900000189    -10.852999999999913    0.2
5.029499900000189    -10.850899999999912    0.2
5.200800366487003    -10.460585238461448    0.2
-5.200000422598862    -10.46058523846163    0.2
-5.203899999999818    -10.45169990000009    0.2
-5.204899999999818    -10.44929990000009    0.2
-5.211399999999818    -10.43499990000009    0.2
-5.2131999999998175    -10.431299900000091    0.2
-5.217899999999818    -10.421499900000091    0.2
-5.218799999999818    -10.41959990000009    0.2
-5.403350183687098    -10.045139153846248    0.2
5.404150132971702    -10.04513915384606    0.2
5.412399900000175    -10.028399999999905    0.2
5.417799900000175    -10.017599999999906    0.2
5.420399900000175    -10.012599999999907    0.2
5.427999900000174    -9.998399999999906    0.2
5.429099900000174    -9.996399999999905    0.2
5.630865428854369    -9.62969306923067    0.2
-5.6300654738331115    -9.629693069230866    0.2
-5.638699999999832    -9.613999900000097    0.2
-5.640199999999832    -9.611299900000098    0.2
-5.647499999999832    -9.598499900000098    0.2
-5.649399999999832    -9.5951999000001    0.2
-5.654999999999833    -9.585799900000099    0.2
-5.655899999999833    -9.584399900000099    0.2
-5.880692435737707    -9.214246984615487    0.2
5.881453394450224    -9.214246984615281    0.2
1111    1111    1111
-4.599601000000002    -12.09414067712418    0.4
-4.599601    12.094941019607841    0.4
-4.694799999999999    11.7689    0.4
-4.695499999999999    11.7667    0.4
-4.698699999999999    11.7562    0.4
-4.699999999999999    11.7521    0.4
-4.704599999999999    11.7381    0.4
-4.705199999999999    11.7363    0.4
-4.845199999999999    11.3234999    0.4
-4.845799999999999    11.3217    0.4
-4.849399999999999    11.3114    0.4
-4.850799999999999    11.3076    0.4
-4.856199999999999    11.2931    0.4
-4.857199999999999    11.2904    0.4
-5.00776424489796    10.903343431045142    0.4
-5.007764244897961    -10.902543173974435    0.4
-5.015599900000001    -10.8824    0.4
-5.016599900000001    -10.8798999    0.4
-5.022099900000001    -10.8663    0.4
-5.023799900000001    -10.8623    0.4
-5.028099900000001    -10.8523    0.4
-5.028699900000001    -10.8509    0.4
-5.203899900000001    -10.4517    0.4
-5.204899900000001    -10.4492999    0.4
-5.211399900000001    -10.435    0.4
-5.213199900000001    -10.4313    0.4
-5.217899900000001    -10.4215    0.4
-5.2187999000000005    -10.4196    0.4
-5.411599900000001    -10.0284    0.4
-5.412599900000001    -10.0264    0.4
-5.415927489795921    -10.019835987251884    0.4
-5.415927489795919    10.020545020408159    0.4
-5.416999999999999    10.0184    0.4
-5.419599999999999    10.0134    0.4
-5.427199999999999    9.9992    0.4
-5.428299999999999    9.9972    0.4
-5.638699999999999    9.6148    0.4
-5.639599999999999    9.6131    0.4
-5.644999999999999    9.6035    0.4
-5.647399999999999    9.5993    0.4
-5.654899999999999    9.5867    0.4
-5.655899999999999    9.5852    0.4
-5.82409073469388    9.308249885627744    0.4
-5.824090734693882    -9.307449720963431    0.4
-5.8822999000000005    -9.2116    0.4
-5.882899900000001    -9.2105    0.4
-5.890599900000001    -9.198    0.4
-5.893399900000001    -9.1936    0.4
-5.899399900000001    -9.1844    0.4
-5.900499900000001    -9.1827    0.4
-6.142899900000001    -8.8195    0.4
-6.144799900000001    -8.8168    0.4
-6.153299900000001    -8.8045    0.4
-6.155399900000001    -8.8013999    0.4
-6.161799900000001    -8.7925    0.4
-6.162799900000001    -8.7912    0.4
-6.2322539795918415    -8.69629380428444    0.4
-6.23225397959184    8.697093940930404    0.4
-6.420399999999999    8.44    0.4
-6.421799999999999    8.4381    0.4
-6.428399999999999    8.4293    0.4
-6.430299999999999    8.4269    0.4
-6.439899999999999    8.4145    0.4
-6.441999999999999    8.4117    0.4
-6.640417224489799    8.164405805254647    0.4
-6.640417224489801    -8.163605771271593    0.4
-6.714800000000001    -8.0709    0.4
-6.716599900000001    -8.0687    0.4
-6.726600000000001    -8.0566    0.4
-6.728799900000001    -8.054    0.4
-6.735899900000001    -8.0457    0.4
-6.737599900000001    -8.0437    0.4
-7.0255999000000005    -7.7157    0.4
-7.027899900000001    -7.7132    0.4
-7.037799900000001    -7.7023    0.4
-7.039900000000001    -7.7    0.4
-7.047399900000001    -7.692    0.4
-7.048580469387761    -7.690735104227401    0.4
-7.048580469387759    7.691533251275505    0.4
-7.048799999999999    7.6913    0.4
-7.350399999999999    7.376099900000001    0.4
-7.350799999999999    7.375700000000001    0.4
-7.358399999999999    7.3677999000000005    0.4
-7.3629999999999995    7.363199900000001    0.4
-7.374099999999999    7.352400000000001    0.4
-7.375299999999999    7.351200000000001    0.4
-7.456743714285719    7.273270328766039    0.4
-7.456743714285721    -7.27247035460478    0.4
-7.6905    -7.048799999999999    0.4
-7.6922    -7.047199999999999    0.4
-7.703    -7.037099999999999    0.4
-7.7057    -7.034599999999999    0.4
-7.7138    -7.027299999999999    0.4
-7.7157    -7.025599999999999    0.4
-7.86490695918368    -6.894589011448474    0.4
-7.86490695918368    6.895388956938404    0.4
-8.0437    6.738400000000001    0.4
-8.0457    6.7366999000000005    0.4
-8.054    6.729599900000001    0.4
-8.0566    6.727400000000001    0.4
-8.0687    6.717399900000001    0.4
-8.0709    6.715600000000001    0.4
-8.27307020408164    6.553388082675025    0.4
-8.27307020408164    -6.552588142136849    0.4
-8.4109    -6.441999999999999    0.4
-8.4137    -6.439899999999999    0.4
-8.4261    -6.430299999999999    0.4
-8.4285    -6.428399999999999    0.4
-8.4373    -6.421799999999999    0.4
-8.4392    -6.420399999999999    0.4
-8.681233448979599    -6.243275521428565    0.4
-8.681233448979599    6.244075421428567    0.4
-8.7912    6.163599900000001    0.4
-8.7925    6.162599900000001    0.4
-8.8013999    6.156199900000001    0.4
-8.8045    6.154099900000001    0.4
-8.8168    6.145599900000001    0.4
-8.8195    6.1436999000000005    0.4
-9.089396693877559    5.963570608711674    0.4
-9.089396693877559    -5.962770708711673    0.4
-9.1827    -5.900499999999999    0.4
-9.1847    -5.8991999999999996    0.4
-9.1969999    -5.8911999999999995    0.4
-9.2023    -5.887899999999999    0.4
-9.2117    -5.882199999999999    0.4
-9.497559938775519    -5.708628483646633    0.4
-9.497559938775519    5.7094375337479155    0.4
-9.5844    5.6566999000000004    0.4
-9.5858    5.655799900000001    0.4
-9.5952    5.6501999000000005    0.4
-9.5985    5.6482999000000005    0.4
-9.6113    5.640999900000001    0.4
-9.614    5.639499900000001    0.4
-9.905723183673478    5.478991119024845    0.4
-9.905723183673478    -5.4781912190248425    0.4
-9.9964    -5.428299999999999    0.4
-9.9984    -5.427199999999999    0.4
-10.0126    -5.419599999999999    0.4
-10.0176    -5.416999999999999    0.4
-10.0284    -5.411599999999999    0.4
-10.313886428571438    -5.2709001446099855    0.4
-10.313886428571438    5.271700044609989    0.4
-10.4196    5.219599900000001    0.4
-10.4215    5.218699900000001    0.4
-10.4313    5.213999900000001    0.4
-10.435    5.212199900000001    0.4
-10.4492999    5.205699900000001    0.4
-10.4517    5.2046999000000005    0.4
-10.7220496734694    5.086049442104613    0.4
-10.7220496734694    -5.085249542104612    0.4
-10.8509    -5.028699999999999    0.4
-10.853    -5.027799999999999    0.4
-10.8664    -5.022099999999999    0.4
-10.8701    -5.020499999999999    0.4
-10.8803    -5.016399999999999    0.4
-10.8824    -5.015599999999999    0.4
-11.13021291836736    -4.9192012616174114    0.4
-11.13021291836736    4.920001161617414    0.4
-11.2896    4.857999900000001    0.4
-11.2907    4.857599900000001    0.4
-11.3009    4.8536999000000005    0.4
-11.3063    4.851699900000001    0.4
-11.3209    4.846599900000001    0.4
-11.3227    4.845999900000001    0.4
-11.538376163265319    4.772853914396452    0.4
-11.538376163265319    -4.772054014396451    0.4
-11.7355    -4.705199999999999    0.4
-11.7373    -4.704599999999999    0.4
-11.7513    -4.699999999999999    0.4
-11.7554    -4.698699999999999    0.4
-11.7659    -4.695499999999999    0.4
-11.7681    -4.694799999999999    0.4
-11.946539408163279    -4.642698417082095    0.4
-11.946539408163279    4.643498317082098    0.4
-12.1873    4.5731999000000005    0.4
-12.1906    4.572299900000001    0.4
-12.2012    4.5693999000000005    0.4
-12.2039    4.568699900000001    0.4
-12.2186    4.564899900000001    0.4
-12.2211    4.564299900000001    0.4
-12.354702653061238    4.531529437928376    0.4
-12.354702653061238    -4.530729537928375    0.4
-12.6451    -4.459499999999999    0.4
-12.6472    -4.458999999999999    0.4
-12.6626    -4.455399999999999    0.4
-12.6678    -4.454199999999999    0.4
-12.6785    -4.451999999999999    0.4
-12.6799    -4.451699999999999    0.4
-12.762865897959198    -4.435231113888248    0.4
-12.762865897959198    4.436031013888251    0.4
-13.1071    4.367699900000001    0.4
-13.1075    4.367599900000001    0.4
-13.1182    4.3654999000000005    0.4
-13.1247    4.364399900000001    0.4
-13.1395    4.361999900000001    0.4
-13.1411    4.3616999000000005    0.4
-13.171029142857158    4.357091145162998    0.4
-13.171029142857158    -4.356291245162997    0.4
-13.5723    -4.294499999999999    0.4
-13.5748    -4.294199999999999    0.4
-13.579192387755118    -4.2935805607012    0.4
-13.579192387755118    4.294341768480725    0.4
-13.5842    4.293599900000001    0.4
-13.5895    4.292799900000001    0.4
-13.6052    4.290899900000001    0.4
-13.6076    4.290699900000001    0.4
-13.987355632653077    4.249437317446535    0.4
-13.987355632653077    -4.248637417446534    0.4
-14.042    -4.242699999999999    0.4
-14.0441    -4.242499999999999    0.4
-14.0584    -4.241099999999999    0.4
-14.0633    -4.240599999999999    0.4
-14.0742    -4.239799999999999    0.4
-14.0756    -4.239699999999999    0.4
-14.395518877551037    -4.218528897809121    0.4
-14.395518877551037    4.219328797809124    0.4
-14.5108    4.211699900000001    0.4
-14.513    4.211599900000001    0.4
-14.5239    4.210999900000001    0.4
-14.5272    4.2107999000000005    0.4
-14.5427    4.210199900000001    0.4
-14.546    4.210099900000001    0.4
-14.803682122448999    4.204426165193785    0.4
-14.803682122448999    -4.203626265193782    0.4
-14.982    -4.199699999999999    0.4
-14.9849    -4.199699999999999    0.4
-14.9981    -4.199599999999999    0.4
-15.211845367346958    -4.199599999999999    0.4
-15.211845367346958    4.200399900000001    0.4
-15.620008612244918    4.200399900000001    0.4
-15.620008612244918    -4.199599999999999    0.4
-16.028171857142876    -4.199599999999999    0.4
-16.028171857142876    4.200399900000001    0.4
-16.436335102040836    4.200399900000001    0.4
-16.436335102040836    -4.199599999999999    0.4
-16.844498346938796    -4.199599999999999    0.4
-16.844498346938796    4.200399900000001    0.4
-17.252661591836752    4.200399900000001    0.4
-17.252661591836752    -4.199599999999999    0.4
-17.66082483673471    -4.199599999999999    0.4
-17.66082483673471    4.200399900000001    0.4
-18.068988081632668    4.200399900000001    0.4
-18.068988081632668    -4.199599999999999    0.4
-18.477151326530628    -4.199599999999999    0.4
-18.477151326530628    4.200399900000001    0.4
-18.885314571428584    4.200399900000001    0.4
-18.885314571428584    -4.199599999999999    0.4
-19.293477816326543    -4.199599999999999    0.4
-19.293477816326543    4.200399900000001    0.4
-19.7016410612245    4.200399900000001    0.4
-19.7016410612245    -4.199599999999999    0.4
-20.10980430612246    -4.199599999999999    0.4
-20.10980430612246    4.200399900000001    0.4
-20.517967551020416    4.200399900000001    0.4
-20.517967551020416    -4.199599999999999    0.4
-20.926130795918375    -4.199599999999999    0.4
-20.926130795918375    4.200399900000001    0.4
-21.334294040816335    4.200399900000001    0.4
-21.334294040816335    -4.199599999999999    0.4
-21.74245728571429    -4.199599999999999    0.4
-21.74245728571429    4.200399900000001    0.4
-22.15062053061225    4.200399900000002    0.4
-22.15062053061225    -4.1995999999999984    0.4
-22.558783775510207    -4.1995999999999984    0.4
-22.558783775510207    4.200399900000002    0.4
-22.966947020408167    4.200399900000002    0.4
-22.966947020408167    -4.1995999999999984    0.4
-23.375110265306123    -4.1995999999999984    0.4
-23.375110265306123    4.200399900000002    0.4
-23.783273510204083    4.200399900000002    0.4
-23.783273510204083    -4.1995999999999984    0.4
-24.19143675510204    -4.1995999999999984    0.4
-24.19143675510204    4.200399900000002    0.4
1111    1111    1111
3.800398999999999    -14.1996    0.4
3.8003989999999996    -6.784416703448277    0.4
3.7691999999999997    -6.8537    0.4
3.7655999999999996    -6.8613    0.4
3.7625999999999995    -6.8669    0.4
3.6281999999999996    -7.1149    0.4
3.6247999999999996    -7.1211    0.4
3.6214999999999997    -7.1265    0.4
3.4702999999999995    -7.3657    0.4
3.4658999999999995    -7.3722    0.4
3.4622999999999995    -7.3773    0.4
3.3803990999999995    -7.488591175119618    0.4
3.380399099999999    -14.1996    0.4
2.9603991999999995    -14.1996    0.4
2.9603992    -7.976297172469635    0.4
2.8959999999999995    -8.042    0.4
2.8902999999999994    -8.0477    0.4
2.8855999999999997    -8.0519    0.4
2.6735999999999995    -8.2391    0.4
2.6675999999999997    -8.2442    0.4
2.6625999999999994    -8.2481    0.4
2.5403993    -8.341496249285715    0.4
2.5403992999999994    -14.1996    0.4
2.1203993999999993    -14.1996    0.4
2.1203993999999997    -8.623047895114006    0.4
1.9337999999999995    -8.7282    0.4
1.9265999999999996    -8.7321    0.4
1.9208999999999996    -8.7349    0.4
1.7003994999999998    -8.838948673437502    0.4
1.7003994999999994    -14.1996    0.4
1.2803995999999995    -14.1996    0.4
1.2803996    -8.997055317507417    0.4
1.1062999999999996    -9.0513    0.4
1.0983999999999996    -9.0536    0.4
1.0921999999999996    -9.0551999    0.4
0.8603996999999998    -9.109264194387864    0.4
0.8603996999999994    -14.1996    0.4
0.4403997999999994    -14.1996    0.4
0.44039979999999973    -9.174617656410184    0.4
0.22999999999999945    -9.1931999    0.4
0.22209999999999944    -9.1938    0.4
0.21579999999999944    -9.194    0.4
0.02039989999999966    -9.19732124933472    0.4
0.02039989999999935    -14.1996    0.4
-0.39960000000000073    -14.1996    0.4
-0.3996000000000004    -9.179996558857143    0.4
-0.6572999000000006    -9.1476    0.4
-0.6646999000000006    -9.1466    0.4
-0.6709999000000005    -9.1454    0.4
-0.8195999000000005    -9.116195375722544    0.4
-0.8195999000000008    -14.1996    0.4
-1.2395998000000008    -14.1996    0.4
-1.2395998000000004    -9.012690273170733    0.4
-1.2422999000000003    -9.0119    0.4
-1.2482999000000004    -9.0099    0.4
-1.5146999000000005    -8.9163    0.4
-1.5213999000000005    -8.9138    0.4
-1.5272999000000005    -8.9114    0.4
-1.6595997000000005    -8.854641752469137    0.4
-1.659599700000001    -14.1996    0.4
-2.079599600000001    -14.1996    0.4
-2.0795996000000008    -8.647425431561462    0.4
-2.3034999000000003    -8.5113    0.4
-2.3103999000000006    -8.5069    0.4
-2.3155999000000005    -8.5033    0.4
-2.499599500000001    -8.3723280625    0.4
-2.4995995000000013    -14.1996    0.4
-2.919599400000001    -14.1996    0.4
-2.9195994000000005    -8.015579771484376    0.4
-2.9908999000000005    -7.9479    0.4
-2.9963999000000006    -7.9424    0.4
-3.0006999000000003    -7.9378    0.4
-3.1910999000000007    -7.7298    0.4
-3.1964999000000005    -7.7237    0.4
-3.2004999000000005    -7.7188    0.4
-3.3395993000000006    -7.542861589919183    0.4
-3.339599300000001    -14.1996    0.4
-3.759599200000001    -14.1996    0.4
-3.7595992000000007    -6.865610600000001    0.4
-3.8254000000000006    -6.7319    0.4
-3.8284999000000006    -6.7254    0.4
-3.8309999000000006    -6.7196    0.4
-3.9382000000000006    -6.4588    0.4
-3.9411999000000004    -6.4509999    0.4
-3.9432999000000004    -6.445    0.4
-4.0313    -6.1762    0.4
-4.0335    -6.1689    0.4
-4.0352    -6.1628    0.4
-4.104    -5.8892    0.4
-4.1057    -5.8818    0.4
-4.1069    -5.8756    0.4
-4.1565    -5.598    0.4
-4.1577    -5.5906    0.4
-4.1584    -5.5843    0.4
-4.1795991    -5.388487260526316    0.4
-4.179599100000001    -14.1996    0.4
1111    1111    1111
3.800399    -3.214783196551725    0.4
3.800399000000001    14.2004    0.4
3.380399100000001    14.2004    0.4
3.3803991    -2.510608824880383    0.4
3.2951    -2.3947    0.4
3.2913    -2.3896    0.4
3.2860999    -2.3833    0.4
3.1029    -2.1689    0.4
3.0987    -2.1641    0.4
3.0936    -2.1588    0.4
2.9603992000000003    -2.022902827530365    0.4
2.9603992000000012    14.2004    0.4
2.540399300000001    14.2004    0.4
2.5403993000000002    -1.6577036961604026    0.4
2.4386    -1.5798999000000002    0.4
2.4336    -1.5760999000000002    0.4
2.4270999    -1.5716999000000003    0.4
2.1911    -1.4164999000000003    0.4
2.1858    -1.4130999000000002    0.4
2.1793999    -1.4093999000000001    0.4
2.1203994    -1.3761520477003861    0.4
2.120399400000001    14.2004    0.4
1.7003995000000012    14.2004    0.4
1.7003995000000003    -1.1602513126955079    0.4
1.6649    -1.1435    0.4
1.6592    -1.1409    0.4
1.6516    -1.1378    0.4
1.3884    -1.0362    0.4
1.3825    -1.034    0.4
1.3758999    -1.0319    0.4
1.2803996000000004    -1.0021446671900474    0.4
1.2803996000000013    14.2004    0.4
0.8603997000000012    14.2004    0.4
0.8603997000000003    -0.8899357745627916    0.4
0.8178    -0.88    0.4
0.8116    -0.8787    0.4
0.8041    -0.8773    0.4
0.5249    -0.8325    0.4
0.5185999    -0.8316    0.4
0.5108    -0.8308    0.4
0.44039980000000023    -0.8245823185185185    0.4
0.4403998000000012    14.2004    0.4
0.02039990000000109    14.2004    0.4
0.020399900000000172    -0.80187875066528    0.4
-0.06659990000000006    -0.8004    0.4
-0.07289990000000006    -0.8004    0.4
-0.08019990000000006    -0.8007    0.4
-0.36259990000000003    -0.8151    0.4
-0.36889990000000006    -0.8155    0.4
-0.3772999000000001    -0.8164    0.4
-0.3995999999999999    -0.8192034401416285    0.4
-0.39959999999999896    14.2004    0.4
-0.819599899999999    14.2004    0.4
-0.8195998999999999    -0.8830046151750778    0.4
-0.9477999000000001    -0.9081999999999999    0.4
-0.9539999000000001    -0.9094999999999999    0.4
-0.9613000000000002    -0.9112999999999999    0.4
-1.2341    -0.9848999999999999    0.4
-1.2395998    -0.9864327311475408    0.4
-1.239599799999999    14.2004    0.4
-1.6595996999999991    14.2004    0.4
-1.6595997    -1.1445582046296296    0.4
-1.7865    -1.199    0.4
-1.7922    -1.2016    0.4
-1.7993    -1.2051    0.4
-2.0505    -1.3346999999999998    0.4
-2.0561    -1.3375999999999997    0.4
-2.0627    -1.3414999999999997    0.4
-2.0795996000000003    -1.3517745076411958    0.4
-2.0795995999999994    14.2004    0.4
-2.4995994999999995    14.2004    0.4
-2.4995995000000004    -1.6268718663194446    0.4
-2.546    -1.6598999999999997    0.4
-2.5511    -1.6635999999999997    0.4
-2.5569    -1.6681999999999997    0.4
-2.7753    -1.8473999999999997    0.4
-2.7801    -1.8514999999999997    0.4
-2.7860999    -1.8568999999999998    0.4
-2.9195994    -1.9836201666405435    0.4
-2.919599399999999    14.2004    0.4
-3.3395992999999993    14.2004    0.4
-3.3395993    -2.4563383046236873    0.4
-3.3757    -2.5019999    0.4
-3.3795    -2.507    0.4
-3.3836    -2.5127    0.4
-3.5436    -2.7455    0.4
-3.5471    -2.7508    0.4
-3.5514    -2.7577    0.4
-3.6938    -3.0008999999999997    0.4
-3.6969    -3.0064999999999995    0.4
-3.7006    -3.0136999999999996    0.4
-3.7595992000000003    -3.1335894000000004    0.4
-3.7595991999999994    14.2004    0.4
-4.179599099999999    14.2004    0.4
-4.1795991    -4.610712739473685    0.4
1111    1111    1111
24.2003899    -4.199599900000002    0.4
24.2003899    4.200399999999998    0.4
23.792399922    4.200399999999998    0.4
23.792399922    -4.199599900000002    0.4
23.384399944000002    -4.199599900000002    0.4
23.384399944000002    4.200399999999998    0.4
22.976399966000002    4.200399999999998    0.4
22.976399966000002    -4.199599900000002    0.4
22.568399988000007    -4.199599900000002    0.4
22.568399988000007    4.200399999999998    0.4
22.160400010000007    4.200399999999998    0.4
22.160400010000007    -4.199599900000002    0.4
21.752400032000008    -4.199599900000001    0.4
21.752400032000008    4.200399999999999    0.4
21.34440005400001    4.200399999999999    0.4
21.34440005400001    -4.199599900000001    0.4
20.93640007600001    -4.199599900000001    0.4
20.93640007600001    4.200399999999999    0.4
20.52840009800001    4.200399999999999    0.4
20.52840009800001    -4.199599900000001    0.4
20.12040012000001    -4.199599900000001    0.4
20.12040012000001    4.200399999999999    0.4
19.71240014200001    4.200399999999999    0.4
19.71240014200001    -4.199599900000001    0.4
19.304400164000015    -4.199599900000001    0.4
19.304400164000015    4.200399999999999    0.4
18.896400186000015    4.200399999999999    0.4
18.896400186000015    -4.199599900000001    0.4
18.488400208000016    -4.199599900000001    0.4
18.488400208000016    4.200399999999999    0.4
18.080400230000016    4.200399999999999    0.4
18.080400230000016    -4.199599900000001    0.4
17.672400252000017    -4.199599900000001    0.4
17.672400252000017    4.200399999999999    0.4
17.264400274000018    4.200399999999999    0.4
17.264400274000018    -4.199599900000001    0.4
16.856400296000018    -4.199599900000001    0.4
16.856400296000018    4.200399999999999    0.4
16.448400318000022    4.200399999999999    0.4
16.448400318000022    -4.199599900000001    0.4
16.040400340000023    -4.199599900000001    0.4
16.040400340000023    4.200399999999999    0.4
15.632400362000022    4.200399999999999    0.4
15.632400362000022    -4.199599900000001    0.4
15.22440038400002    -4.199599900000001    0.4
15.22440038400002    4.200399999999999    0.4
14.9989    4.200399999999999    0.4
14.9857    4.200499999999999    0.4
14.9828    4.200499999999999    0.4
14.81640040600002    4.204163844271559    0.4
14.81640040600002    -4.20336374427156    0.4
14.5468    -4.209299900000001    0.4
14.5435    -4.209399900000001    0.4
14.528    -4.209999900000001    0.4
14.5247    -4.210199900000001    0.4
14.5138    -4.2107999000000005    0.4
14.5116    -4.210899900000001    0.4
14.408400428000018    -4.217729283441176    0.4
14.408400428000018    4.218529383441174    0.4
14.0764    4.240499999999999    0.4
14.075    4.240599999999999    0.4
14.0641    4.241399999999999    0.4
14.0592    4.241899999999999    0.4
14.0449    4.243299999999999    0.4
14.0428    4.243499999999999    0.4
14.000400450000019    4.248106949263349    0.4
14.000400450000019    -4.24730684926335    0.4
13.6084    -4.289899900000001    0.4
13.606    -4.290099900000001    0.4
13.592400472000017    -4.291745702751592    0.4
13.592400472000017    4.292628503999997    0.4
13.5912    4.292799999999999    0.4
13.5756    4.294999999999999    0.4
13.5731    4.295299999999999    0.4
13.184400494000016    4.355155397027826    0.4
13.184400494000016    -4.354355297027828    0.4
13.1419    -4.360899900000001    0.4
13.1403    -4.361199900000001    0.4
13.1255    -4.3635999000000005    0.4
13.119    -4.364699900000001    0.4
13.1083    -4.366799900000001    0.4
13.1079    -4.366899900000001    0.4
12.776400516000017    -4.432703168359548    0.4
12.776400516000017    4.433503268359546    0.4
12.6807    4.452499999999999    0.4
12.6793    4.452799999999999    0.4
12.6686    4.454999999999999    0.4
12.6634    4.456199999999999    0.4
12.648    4.4597999999999995    0.4
12.6458999    4.460299999999999    0.4
12.368400538000015    4.528365897298555    0.4
12.368400538000015    -4.527565797298558    0.4
12.2219    -4.563499900000001    0.4
12.2194    -4.564099900000001    0.4
12.2047    -4.5678999000000005    0.4
12.202    -4.568599900000001    0.4
12.1914    -4.571499900000001    0.4
12.1881    -4.572399900000001    0.4
11.960400560000014    -4.6388846601526685    0.4
11.960400560000014    4.639684760152666    0.4
11.7689    4.695599999999999    0.4
11.7667    4.696299999999999    0.4
11.7562    4.699499999999999    0.4
11.7521    4.700799999999999    0.4
11.7381    4.705399999999999    0.4
11.7363    4.7059999999999995    0.4
11.552400582000013    4.768368973554023    0.4
11.552400582000013    -4.767568873554024    0.4
11.3234999    -4.845199900000001    0.4
11.3217    -4.845799900000001    0.4
11.3071    -4.850899900000001    0.4
11.3017    -4.852899900000001    0.4
11.2914999    -4.856799900000001    0.4
11.2904    -4.857199900000001    0.4
11.144400604000014    -4.913993378208248    0.4
11.144400604000014    4.914793478208246    0.4
10.8832    5.016399999999999    0.4
10.8811    5.017199999999999    0.4
10.8709    5.021299999999999    0.4
10.8672    5.022899999999999    0.4
10.8538    5.028599999999999    0.4
10.8516999    5.029499999999999    0.4
10.736400626000012    5.08010229926109    0.4
10.736400626000012    -5.079302199261093    0.4
10.4525    -5.203899900000001    0.4
10.4501    -5.204899900000001    0.4
10.4358    -5.211399900000001    0.4
10.4321    -5.213199900000001    0.4
10.4223    -5.217899900000001    0.4
10.4204    -5.2187999000000005    0.4
10.328400648000011    -5.264141093930465    0.4
10.328400648000011    5.264941193930464    0.4
10.0292    5.412399999999999    0.4
10.0184    5.417799999999999    0.4
10.0134    5.420399999999999    0.4
9.9992    5.427999999999999    0.4
9.9972    5.429099999999999    0.4
9.92040067000001    5.471355698305434    0.4
9.92040067000001    -5.470555598305435    0.4
9.6148    -5.638699900000001    0.4
9.6121    -5.640199900000001    0.4
9.5993    -5.647499900000001    0.4
9.596    -5.649399900000001    0.4
9.5866    -5.654999900000001    0.4
9.5852    -5.6558999000000005    0.4
9.51240069200001    -5.700110638549352    0.4
9.51240069200001    5.700903067884082    0.4
9.2125    5.882999999999999    0.4
9.2030999    5.888699999999999    0.4
9.1978    5.8919999999999995    0.4
9.1855    5.8999999999999995    0.4
9.1835    5.901299999999999    0.4
9.10440071400001    5.954090933167393    0.4
9.10440071400001    -5.9532908331673955    0.4
8.8203    -6.142899900000001    0.4
8.8176    -6.144799900000001    0.4
8.8053    -6.153299900000001    0.4
8.8021999    -6.155399900000001    0.4
8.7933    -6.161799900000001    0.4
8.792    -6.162799900000001    0.4
8.696400736000008    -6.232761179563632    0.4
8.696400736000008    6.233561279563628    0.4
8.44    6.421199999999999    0.4
8.4381    6.422599999999999    0.4
8.4293    6.429199999999999    0.4
8.4269    6.431099999999999    0.4
8.4145    6.440699999999999    0.4
8.4117    6.442799999999999    0.4
8.288400758000009    6.541729509463521    0.4
8.288400758000009    -6.540929445728007    0.4
8.0717    -6.714800000000001    0.4
8.0695    -6.716599900000001    0.4
8.0574    -6.726600000000001    0.4
8.0548    -6.728799900000001    0.4
8.0465    -6.735899900000001    0.4
8.0445    -6.737599900000001    0.4
7.8804007800000075    -6.881687019999994    0.4
7.8804007800000075    6.882487119999992    0.4
7.7165    7.026399999999999    0.4
7.7146    7.028099999999999    0.4
7.7065    7.035399999999999    0.4
7.7038    7.037899999999999    0.4
7.693    7.047999999999999    0.4
7.6913    7.049599999999999    0.4
7.472400802000007    7.259054242294967    0.4
7.4724008020000054    -7.258254208746188    0.4
7.376099999999999    -7.350399900000001    0.4
7.374899999999999    -7.351600000000001    0.4
7.3637999999999995    -7.362399900000001    0.4
7.3591999999999995    -7.366999900000001    0.4
7.3515999999999995    -7.374900000000001    0.4
7.3511999999999995    -7.375300000000001    0.4
7.064400824000005    -7.675031764838189    0.4
7.064400824000007    7.675831665457665    0.4
7.0495999000000005    7.6913    0.4
7.048199900000001    7.6928    0.4
7.040700000000001    7.7008    0.4
7.038599900000001    7.7031    0.4
7.028699900000001    7.714    0.4
7.026399900000001    7.7165    0.4
6.738400000000001    8.0445    0.4
6.7366999000000005    8.0465    0.4
6.729599900000001    8.0548    0.4
6.727400000000001    8.0574    0.4
6.717399900000001    8.0695    0.4
6.715600000000001    8.0717    0.4
6.656400846000006    8.145481909757358    0.4
6.656400846000004    -8.144681936803513    0.4
6.442799999999999    -8.4109    0.4
6.440699999999999    -8.4137    0.4
6.431099999999999    -8.4261    0.4
6.429199999999999    -8.4285    0.4
6.422599999999999    -8.4373    0.4
6.421199999999999    -8.4392    0.4
6.248400868000004    -8.67532303751552    0.4
6.248400868000005    8.67612290086956    0.4
6.163599900000001    8.792    0.4
6.162599900000001    8.7933    0.4
6.156199900000001    8.8021999    0.4
6.154099900000001    8.8053    0.4
6.145599900000001    8.8176    0.4
6.1436999000000005    8.8203    0.4
5.901299900000001    9.1835    0.4
5.9001999000000005    9.1852    0.4
5.894199900000001    9.1944    0.4
5.891399900000001    9.1988    0.4
5.883699900000001    9.2113    0.4
5.883099900000001    9.2124    0.4
5.840400890000004    9.282710030600704    0.4
5.840400890000002    -9.28185770347768    0.4
5.656699999999999    -9.5844    0.4
5.6556999999999995    -9.5859    0.4
5.648199999999999    -9.5985    0.4
5.6457999999999995    -9.6027    0.4
5.640399999999999    -9.6123    0.4
5.639499999999999    -9.614    0.4
5.432400912000002    -9.990400623817484    0.4
5.432400912000004    9.991200442068434    0.4
5.429099900000001    9.9972    0.4
5.4283999000000005    9.9983    0.4
5.423199900000001    10.0079    0.4
5.420699900000001    10.0128    0.4
5.413399900000001    10.0272    0.4
5.4123999000000005    10.0292    0.4
5.219599900000001    10.4204    0.4
5.218699900000001    10.4223    0.4
5.213999900000001    10.4321    0.4
5.212199900000001    10.4358    0.4
5.205699900000001    10.4501    0.4
5.2046999000000005    10.4525    0.4
5.029499900000001    10.8516999    0.4
5.028899900000001    10.8531    0.4
5.024599900000001    10.8631    0.4
5.024400934000003    10.86356815529411    0.4
5.024400934000001    -10.862871488491225    0.4
5.022899999999999    -10.8664    0.4
5.021299999999999    -10.8701    0.4
5.017199999999999    -10.8803    0.4
5.016399999999999    -10.8824    0.4
4.857999999999999    -11.2896    0.4
4.856999999999999    -11.2922999    0.4
4.8515999999999995    -11.3068    0.4
4.850199999999999    -11.3106    0.4
4.846599999999999    -11.3209    0.4
4.845999999999999    -11.3227    0.4
4.7059999999999995    -11.7355    0.4
4.705399999999999    -11.7373    0.4
4.700799999999999    -11.7513    0.4
4.699499999999999    -11.7554    0.4
4.696299999999999    -11.7659    0.4
4.695599999999999    -11.7681    0.4
4.6164009560000006    -12.039343784679735    0.4
4.616400956000002    12.040143442196074    0.4
4.5731999000000005    12.1881    0.4
4.572299900000001    12.1914    0.4
4.5693999000000005    12.202    0.4
4.568699900000001    12.2047    0.4
4.564899900000001    12.2194    0.4
4.564299900000001    12.2219    0.4
4.460299900000001    12.6458999    0.4
4.459799900000001    12.6476    0.4
4.457299900000001    12.6582    0.4
4.456399900000001    12.6625    0.4
4.453099900000001    12.678    0.4
4.452499900000001    12.6807    0.4
4.367699900000001    13.1079    0.4
4.367599900000001    13.1083    0.4
4.3654999000000005    13.119    0.4
4.364399900000001    13.1255    0.4
4.361999900000001    13.1403    0.4
4.3616999000000005    13.1419    0.4
4.295299900000001    13.5731    0.4
4.295199900000001    13.5742    0.4
4.293599900000001    13.585    0.4
4.292799900000001    13.5903    0.4
4.290899900000001    13.606    0.4
4.290699900000001    13.6084    0.4
4.243499900000001    14.0428    0.4
4.243299900000001    14.0443    0.4
4.242199900000001    14.0552    0.4
4.241799900000001    14.06    0.4
4.240699900000001    14.0743    0.4
4.2404999000000005    14.0764    0.4
4.232299900000001    14.2004    0.4
4.208400978000001    14.2004    0.4
4.208400977999999    -14.1996    0.4
1111    1111    1111
11    1111    0.6