-3.99    -5.282    0.2
-3.9996    -4.9996    0.2
-3.99    -4.7172    0.2
-3.9596    -4.4364    0.2
-3.9099998    -4.1588    0.2
-3.8411999    -3.8851998    0.2
-3.7531998    -3.6164    0.2
-3.646    -3.3555999    0.2
-3.5212    -3.102    0.2
-3.3788    -2.8588    0.2
-3.2187998    -2.626    0.2
-3.0435998    -2.4043999    0.2
-2.8532    -2.1964    0.2
-2.6483998    -2.0019999    0.2
-2.4299998    -1.8227999    0.2
-2.1996    -1.6588    0.2
-1.9588    -1.5123999    0.2
-1.7076    -1.3828    0.2
-1.4484    -1.2716    0.2
-1.1819999    -1.178    0.2
-0.90919995    -1.1043999    0.2
-0.6324    -1.05    0.2
-0.3524    -1.0148    0.2
-0.07    -1.0004    0.2
0.21239999    -1.0052    0.2
0.49319997    -1.03    0.2
0.77239996    -1.0748    0.2
1.0468    -1.1388    0.2
1.3163999    -1.2228    0.2
1.5796    -1.3244    0.2
1.8355999    -1.4452    0.2
2.0812    -1.5835999    0.2
2.3172    -1.7387999    0.2
2.5412    -1.91    0.2
2.7531998    -2.0972    0.2
2.9508    -2.2988    0.2
3.1339998    -2.5132    0.2
3.3012    -2.7403998    0.2
3.4524    -2.9796    0.2
3.5867999    -3.2275999    0.2
3.7027998    -3.4852    0.2
3.8004    -3.75    0.2
3.8788    -4.0211997    0.2
3.938    -4.2971997    0.2
3.978    -4.5772    0.2
3.998    -4.8588    0.2
4.0004    -4.9996    0.2
3.998    -5.1404    0.2
3.978    -5.422    0.2
3.938    -5.7019997    0.2
3.8788    -5.9779997    0.2
3.8004    -6.2492    0.2
3.7027998    -6.514    0.2
3.5867999    -6.7716    0.2
3.4524    -7.0196    0.2
3.3012    -7.2588    0.2
3.1339998    -7.4859996    0.2
2.9508    -7.7004    0.2
2.7531998    -7.902    0.2
2.5412    -8.0892    0.2
2.3172    -8.2604    0.2
2.0812    -8.4156    0.2
1.8355999    -8.554    0.2
1.5796    -8.6748    0.2
1.3163999    -8.7764    0.2
1.0468    -8.8604    0.2
0.77239996    -8.924399    0.2
0.49319997    -8.9692    0.2
0.21239999    -8.9939995    0.2
-0.07    -8.998799    0.2
-0.3524    -8.9844    0.2
-0.6324    -8.9492    0.2
-0.90919995    -8.8948    0.2
-1.1819999    -8.821199    0.2
-1.4484    -8.7276    0.2
-1.7076    -8.6164    0.2
-1.9588    -8.4868    0.2
-2.1996    -8.3404    0.2
-2.4299998    -8.1764    0.2
-2.6483998    -7.9972    0.2
-2.8532    -7.8027997    0.2
-3.0435998    -7.5948    0.2
-3.2187998    -7.3732    0.2
-3.3788    -7.1404    0.2
-3.5212    -6.8971996    0.2
-3.646    -6.6436    0.2
-3.7531998    -6.3827996    0.2
-3.8411999    -6.114    0.2
-3.9099998    -5.8403997    0.2
-3.9596    -5.5628    0.2
-3.99    -5.282    0.4
-3.9996    -4.9996    0.4
-3.99    -4.7172    0.4
-3.9596    -4.4364    0.4
-3.9099998    -4.1588    0.4
-3.8411999    -3.8851998    0.4
-3.7531998    -3.6164    0.4
-3.646    -3.3555999    0.4
-3.5212    -3.102    0.4
-3.3788    -2.8588    0.4
-3.2187998    -2.626    0.4
-3.0435998    -2.4043999    0.4
-2.8532    -2.1964    0.4
-2.6483998    -2.0019999    0.4
-2.4299998    -1.8227999    0.4
-2.1996    -1.6588    0.4
-1.9588    -1.5123999    0.4
-1.7076    -1.3828    0.4
-1.4484    -1.2716    0.4
-1.1819999    -1.178    0.4
-0.90919995    -1.1043999    0.4
-0.6324    -1.05    0.4
-0.3524    -1.0148    0.4
-0.07    -1.0004    0.4
0.21239999    -1.0052    0.4
0.49319997    -1.03    0.4
0.77239996    -1.0748    0.4
1.0468    -1.1388    0.4
1.3163999    -1.2228    0.4
1.5796    -1.3244    0.4
1.8355999    -1.4452    0.4
2.0812    -1.5835999    0.4
2.3172    -1.7387999    0.4
2.5412    -1.91    0.4
2.7531998    -2.0972    0.4
2.9508    -2.2988    0.4
3.1339998    -2.5132    0.4
3.3012    -2.7403998    0.4
3.4524    -2.9796    0.4
3.5867999    -3.2275999    0.4
3.7027998    -3.4852    0.4
3.8004    -3.75    0.4
3.8788    -4.0211997    0.4
3.938    -4.2971997    0.4
3.978    -4.5772    0.4
3.998    -4.8588    0.4
4.0004    -4.9996    0.4
3.998    -5.1404    0.4
3.978    -5.422    0.4
3.938    -5.7019997    0.4
3.8788    -5.9779997    0.4
3.8004    -6.2492    0.4
3.7027998    -6.514    0.4
3.5867999    -6.7716    0.4
3.4524    -7.0196    0.4
3.3012    -7.2588    0.4
3.1339998    -7.4859996    0.4
2.9508    -7.7004    0.4
2.7531998    -7.902    0.4
2.5412    -8.0892    0.4
2.3172    -8.2604    0.4
2.0812    -8.4156    0.4
1.8355999    -8.554    0.4
1.5796    -8.6748    0.4
1.3163999    -8.7764    0.4
1.0468    -8.8604    0.4
0.77239996    -8.924399    0.4
0.49319997    -8.9692    0.4
0.21239999    -8.9939995    0.4
-0.07    -8.998799    0.4
-0.3524    -8.9844    0.4
-0.6324    -8.9492    0.4
-0.90919995    -8.8948    0.4
-1.1819999    -8.821199    0.4
-1.4484    -8.7276    0.4
-1.7076    -8.6164    0.4
-1.9588    -8.4868    0.4
-2.1996    -8.3404    0.4
-2.4299998    -8.1764    0.4
-2.6483998    -7.9972    0.4
-2.8532    -7.8027997    0.4
-3.0435998    -7.5948    0.4
-3.2187998    -7.3732    0.4
-3.3788    -7.1404    0.4
-3.5212    -6.8971996    0.4
-3.646    -6.6436    0.4
-3.7531998    -6.3827996    0.4
-3.8411999    -6.114    0.4
-3.9099998    -5.8403997    0.4
-3.9596    -5.5628    0.4
-3.99    -5.282    0.6000000000000001
-3.9996    -4.9996    0.6000000000000001
-3.99    -4.7172    0.6000000000000001
-3.9596    -4.4364    0.6000000000000001
-3.9099998    -4.1588    0.6000000000000001
-3.8411999    -3.8851998    0.6000000000000001
-3.7531998    -3.6164    0.6000000000000001
-3.646    -3.3555999    0.6000000000000001
-3.5212    -3.102    0.6000000000000001
-3.3788    -2.8588    0.6000000000000001
-3.2187998    -2.626    0.6000000000000001
-3.0435998    -2.4043999    0.6000000000000001
-2.8532    -2.1964    0.6000000000000001
-2.6483998    -2.0019999    0.6000000000000001
-2.4299998    -1.8227999    0.6000000000000001
-2.1996    -1.6588    0.6000000000000001
-1.9588    -1.5123999    0.6000000000000001
-1.7076    -1.3828    0.6000000000000001
-1.4484    -1.2716    0.6000000000000001
-1.1819999    -1.178    0.6000000000000001
-0.90919995    -1.1043999    0.6000000000000001
-0.6324    -1.05    0.6000000000000001
-0.3524    -1.0148    0.6000000000000001
-0.07    -1.0004    0.6000000000000001
0.21239999    -1.0052    0.6000000000000001
0.49319997    -1.03    0.6000000000000001
0.77239996    -1.0748    0.6000000000000001
1.0468    -1.1388    0.6000000000000001
1.3163999    -1.2228    0.6000000000000001
1.5796    -1.3244    0.6000000000000001
1.8355999    -1.4452    0.6000000000000001
2.0812    -1.5835999    0.6000000000000001
2.3172    -1.7387999    0.6000000000000001
2.5412    -1.91    0.6000000000000001
2.7531998    -2.0972    0.6000000000000001
2.9508    -2.2988    0.6000000000000001
3.1339998    -2.5132    0.6000000000000001
3.3012    -2.7403998    0.6000000000000001
3.4524    -2.9796    0.6000000000000001
3.5867999    -3.2275999    0.6000000000000001
3.7027998    -3.4852    0.6000000000000001
3.8004    -3.75    0.6000000000000001
3.8788    -4.0211997    0.6000000000000001
3.938    -4.2971997    0.6000000000000001
3.978    -4.5772    0.6000000000000001
3.998    -4.8588    0.6000000000000001
4.0004    -4.9996    0.6000000000000001
3.998    -5.1404    0.6000000000000001
3.978    -5.422    0.6000000000000001
3.938    -5.7019997    0.6000000000000001
3.8788    -5.9779997    0.6000000000000001
3.8004    -6.2492    0.6000000000000001
3.7027998    -6.514    0.6000000000000001
3.5867999    -6.7716    0.6000000000000001
3.4524    -7.0196    0.6000000000000001
3.3012    -7.2588    0.6000000000000001
3.1339998    -7.4859996    0.6000000000000001
2.9508    -7.7004    0.6000000000000001
2.7531998    -7.902    0.6000000000000001
2.5412    -8.0892    0.6000000000000001
2.3172    -8.2604    0.6000000000000001
2.0812    -8.4156    0.6000000000000001
1.8355999    -8.554    0.6000000000000001
1.5796    -8.6748    0.6000000000000001
1.3163999    -8.7764    0.6000000000000001
1.0468    -8.8604    0.6000000000000001
0.77239996    -8.924399    0.6000000000000001
0.49319997    -8.9692    0.6000000000000001
0.21239999    -8.9939995    0.6000000000000001
-0.07    -8.998799    0.6000000000000001
-0.3524    -8.9844    0.6000000000000001
-0.6324    -8.9492    0.6000000000000001
-0.90919995    -8.8948    0.6000000000000001
-1.1819999    -8.821199    0.6000000000000001
-1.4484    -8.7276    0.6000000000000001
-1.7076    -8.6164    0.6000000000000001
-1.9588    -8.4868    0.6000000000000001
-2.1996    -8.3404    0.6000000000000001
-2.4299998    -8.1764    0.6000000000000001
-2.6483998    -7.9972    0.6000000000000001
-2.8532    -7.8027997    0.6000000000000001
-3.0435998    -7.5948    0.6000000000000001
-3.2187998    -7.3732    0.6000000000000001
-3.3788    -7.1404    0.6000000000000001
-3.5212    -6.8971996    0.6000000000000001
-3.646    -6.6436    0.6000000000000001
-3.7531998    -6.3827996    0.6000000000000001
-3.8411999    -6.114    0.6000000000000001
-3.9099998    -5.8403997    0.6000000000000001
-3.9596    -5.5628    0.6000000000000001
-3.99    -5.282    0.8
-3.9996    -4.9996    0.8
-3.99    -4.7172    0.8
-3.9596    -4.4364    0.8
-3.9099998    -4.1588    0.8
-3.8411999    -3.8851998    0.8
-3.7531998    -3.6164    0.8
-3.646    -3.3555999    0.8
-3.5212    -3.102    0.8
-3.3788    -2.8588    0.8
-3.2187998    -2.626    0.8
-3.0435998    -2.4043999    0.8
-2.8532    -2.1964    0.8
-2.6483998    -2.0019999    0.8
-2.4299998    -1.8227999    0.8
-2.1996    -1.6588    0.8
-1.9588    -1.5123999    0.8
-1.7076    -1.3828    0.8
-1.4484    -1.2716    0.8
-1.1819999    -1.178    0.8
-0.90919995    -1.1043999    0.8
-0.6324    -1.05    0.8
-0.3524    -1.0148    0.8
-0.07    -1.0004    0.8
0.21239999    -1.0052    0.8
0.49319997    -1.03    0.8
0.77239996    -1.0748    0.8
1.0468    -1.1388    0.8
1.3163999    -1.2228    0.8
1.5796    -1.3244    0.8
1.8355999    -1.4452    0.8
2.0812    -1.5835999    0.8
2.3172    -1.7387999    0.8
2.5412    -1.91    0.8
2.7531998    -2.0972    0.8
2.9508    -2.2988    0.8
3.1339998    -2.5132    0.8
3.3012    -2.7403998    0.8
3.4524    -2.9796    0.8
3.5867999    -3.2275999    0.8
3.7027998    -3.4852    0.8
3.8004    -3.75    0.8
3.8788    -4.0211997    0.8
3.938    -4.2971997    0.8
3.978    -4.5772    0.8
3.998    -4.8588    0.8
4.0004    -4.9996    0.8
3.998    -5.1404    0.8
3.978    -5.422    0.8
3.938    -5.7019997    0.8
3.8788    -5.9779997    0.8
3.8004    -6.2492    0.8
3.7027998    -6.514    0.8
3.5867999    -6.7716    0.8
3.4524    -7.0196    0.8
3.3012    -7.2588    0.8
3.1339998    -7.4859996    0.8
2.9508    -7.7004    0.8
2.7531998    -7.902    0.8
2.5412    -8.0892    0.8
2.3172    -8.2604    0.8
2.0812    -8.4156    0.8
1.8355999    -8.554    0.8
1.5796    -8.6748    0.8
1.3163999    -8.7764    0.8
1.0468    -8.8604    0.8
0.77239996    -8.924399    0.8
0.49319997    -8.9692    0.8
0.21239999    -8.9939995    0.8
-0.07    -8.998799    0.8
-0.3524    -8.9844    0.8
-0.6324    -8.9492    0.8
-0.90919995    -8.8948    0.8
-1.1819999    -8.821199    0.8
-1.4484    -8.7276    0.8
-1.7076    -8.6164    0.8
-1.9588    -8.4868    0.8
-2.1996    -8.3404    0.8
-2.4299998    -8.1764    0.8
-2.6483998    -7.9972    0.8
-2.8532    -7.8027997    0.8
-3.0435998    -7.5948    0.8
-3.2187998    -7.3732    0.8
-3.3788    -7.1404    0.8
-3.5212    -6.8971996    0.8
-3.646    -6.6436    0.8
-3.7531998    -6.3827996    0.8
-3.8411999    -6.114    0.8
-3.9099998    -5.8403997    0.8
-3.9596    -5.5628    0.8
-3.99    -5.282    1.0
-3.9996    -4.9996    1.0
-3.99    -4.7172    1.0
-3.9596    -4.4364    1.0
-3.9099998    -4.1588    1.0
-3.8411999    -3.8851998    1.0
-3.7531998    -3.6164    1.0
-3.646    -3.3555999    1.0
-3.5212    -3.102    1.0
-3.3788    -2.8588    1.0
-3.2187998    -2.626    1.0
-3.0435998    -2.4043999    1.0
-2.8532    -2.1964    1.0
-2.6483998    -2.0019999    1.0
-2.4299998    -1.8227999    1.0
-2.1996    -1.6588    1.0
-1.9588    -1.5123999    1.0
-1.7076    -1.3828    1.0
-1.4484    -1.2716    1.0
-1.1819999    -1.178    1.0
-0.90919995    -1.1043999    1.0
-0.6324    -1.05    1.0
-0.3524    -1.0148    1.0
-0.07    -1.0004    1.0
0.21239999    -1.0052    1.0
0.49319997    -1.03    1.0
0.77239996    -1.0748    1.0
1.0468    -1.1388    1.0
1.3163999    -1.2228    1.0
1.5796    -1.3244    1.0
1.8355999    -1.4452    1.0
2.0812    -1.5835999    1.0
2.3172    -1.7387999    1.0
2.5412    -1.91    1.0
2.7531998    -2.0972    1.0
2.9508    -2.2988    1.0
3.1339998    -2.5132    1.0
3.3012    -2.7403998    1.0
3.4524    -2.9796    1.0
3.5867999    -3.2275999    1.0
3.7027998    -3.4852    1.0
3.8004    -3.75    1.0
3.8788    -4.0211997    1.0
3.938    -4.2971997    1.0
3.978    -4.5772    1.0
3.998    -4.8588    1.0
4.0004    -4.9996    1.0
3.998    -5.1404    1.0
3.978    -5.422    1.0
3.938    -5.7019997    1.0
3.8788    -5.9779997    1.0
3.8004    -6.2492    1.0
3.7027998    -6.514    1.0
3.5867999    -6.7716    1.0
3.4524    -7.0196    1.0
3.3012    -7.2588    1.0
3.1339998    -7.4859996    1.0
2.9508    -7.7004    1.0
2.7531998    -7.902    1.0
2.5412    -8.0892    1.0
2.3172    -8.2604    1.0
2.0812    -8.4156    1.0
1.8355999    -8.554    1.0
1.5796    -8.6748    1.0
1.3163999    -8.7764    1.0
1.0468    -8.8604    1.0
0.77239996    -8.924399    1.0
0.49319997    -8.9692    1.0
0.21239999    -8.9939995    1.0
-0.07    -8.998799    1.0
-0.3524    -8.9844    1.0
-0.6324    -8.9492    1.0
-0.90919995    -8.8948    1.0
-1.1819999    -8.821199    1.0
-1.4484    -8.7276    1.0
-1.7076    -8.6164    1.0
-1.9588    -8.4868    1.0
-2.1996    -8.3404    1.0
-2.4299998    -8.1764    1.0
-2.6483998    -7.9972    1.0
-2.8532    -7.8027997    1.0
-3.0435998    -7.5948    1.0
-3.2187998    -7.3732    1.0
-3.3788    -7.1404    1.0
-3.5212    -6.8971996    1.0
-3.646    -6.6436    1.0
-3.7531998    -6.3827996    1.0
-3.8411999    -6.114    1.0
-3.9099998    -5.8403997    1.0
-3.9596    -5.5628    1.0
-3.99    -5.282    1.2
-3.9996    -4.9996    1.2
-3.99    -4.7172    1.2
-3.9596    -4.4364    1.2
-3.9099998    -4.1588    1.2
-3.8411999    -3.8851998    1.2
-3.7531998    -3.6164    1.2
-3.646    -3.3555999    1.2
-3.5212    -3.102    1.2
-3.3788    -2.8588    1.2
-3.2187998    -2.626    1.2
-3.0435998    -2.4043999    1.2
-2.8532    -2.1964    1.2
-2.6483998    -2.0019999    1.2
-2.4299998    -1.8227999    1.2
-2.1996    -1.6588    1.2
-1.9588    -1.5123999    1.2
-1.7076    -1.3828    1.2
-1.4484    -1.2716    1.2
-1.1819999    -1.178    1.2
-0.90919995    -1.1043999    1.2
-0.6324    -1.05    1.2
-0.3524    -1.0148    1.2
-0.07    -1.0004    1.2
0.21239999    -1.0052    1.2
0.49319997    -1.03    1.2
0.77239996    -1.0748    1.2
1.0468    -1.1388    1.2
1.3163999    -1.2228    1.2
1.5796    -1.3244    1.2
1.8355999    -1.4452    1.2
2.0812    -1.5835999    1.2
2.3172    -1.7387999    1.2
2.5412    -1.91    1.2
2.7531998    -2.0972    1.2
2.9508    -2.2988    1.2
3.1339998    -2.5132    1.2
3.3012    -2.7403998    1.2
3.4524    -2.9796    1.2
3.5867999    -3.2275999    1.2
3.7027998    -3.4852    1.2
3.8004    -3.75    1.2
3.8788    -4.0211997    1.2
3.938    -4.2971997    1.2
3.978    -4.5772    1.2
3.998    -4.8588    1.2
4.0004    -4.9996    1.2
3.998    -5.1404    1.2
3.978    -5.422    1.2
3.938    -5.7019997    1.2
3.8788    -5.9779997    1.2
3.8004    -6.2492    1.2
3.7027998    -6.514    1.2
3.5867999    -6.7716    1.2
3.4524    -7.0196    1.2
3.3012    -7.2588    1.2
3.1339998    -7.4859996    1.2
2.9508    -7.7004    1.2
2.7531998    -7.902    1.2
2.5412    -8.0892    1.2
2.3172    -8.2604    1.2
2.0812    -8.4156    1.2
1.8355999    -8.554    1.2
1.5796    -8.6748    1.2
1.3163999    -8.7764    1.2
1.0468    -8.8604    1.2
0.77239996    -8.924399    1.2
0.49319997    -8.9692    1.2
0.21239999    -8.9939995    1.2
-0.07    -8.998799    1.2
-0.3524    -8.9844    1.2
-0.6324    -8.9492    1.2
-0.90919995    -8.8948    1.2
-1.1819999    -8.821199    1.2
-1.4484    -8.7276    1.2
-1.7076    -8.6164    1.2
-1.9588    -8.4868    1.2
-2.1996    -8.3404    1.2
-2.4299998    -8.1764    1.2
-2.6483998    -7.9972    1.2
-2.8532    -7.8027997    1.2
-3.0435998    -7.5948    1.2
-3.2187998    -7.3732    1.2
-3.3788    -7.1404    1.2
-3.5212    -6.8971996    1.2
-3.646    -6.6436    1.2
-3.7531998    -6.3827996    1.2
-3.8411999    -6.114    1.2
-3.9099998    -5.8403997    1.2
-3.9596    -5.5628    1.2
-3.99    -5.282    1.4
-3.9996    -4.9996    1.4
-3.99    -4.7172    1.4
-3.9596    -4.4364    1.4
-3.9099998    -4.1588    1.4
-3.8411999    -3.8851998    1.4
-3.7531998    -3.6164    1.4
-3.646    -3.3555999    1.4
-3.5212    -3.102    1.4
-3.3788    -2.8588    1.4
-3.2187998    -2.626    1.4
-3.0435998    -2.4043999    1.4
-2.8532    -2.1964    1.4
-2.6483998    -2.0019999    1.4
-2.4299998    -1.8227999    1.4
-2.1996    -1.6588    1.4
-1.9588    -1.5123999    1.4
-1.7076    -1.3828    1.4
-1.4484    -1.2716    1.4
-1.1819999    -1.178    1.4
-0.90919995    -1.1043999    1.4
-0.6324    -1.05    1.4
-0.3524    -1.0148    1.4
-0.07    -1.0004    1.4
0.21239999    -1.0052    1.4
0.49319997    -1.03    1.4
0.77239996    -1.0748    1.4
1.0468    -1.1388    1.4
1.3163999    -1.2228    1.4
1.5796    -1.3244    1.4
1.8355999    -1.4452    1.4
2.0812    -1.5835999    1.4
2.3172    -1.7387999    1.4
2.5412    -1.91    1.4
2.7531998    -2.0972    1.4
2.9508    -2.2988    1.4
3.1339998    -2.5132    1.4
3.3012    -2.7403998    1.4
3.4524    -2.9796    1.4
3.5867999    -3.2275999    1.4
3.7027998    -3.4852    1.4
3.8004    -3.75    1.4
3.8788    -4.0211997    1.4
3.938    -4.2971997    1.4
3.978    -4.5772    1.4
3.998    -4.8588    1.4
4.0004    -4.9996    1.4
3.998    -5.1404    1.4
3.978    -5.422    1.4
3.938    -5.7019997    1.4
3.8788    -5.9779997    1.4
3.8004    -6.2492    1.4
3.7027998    -6.514    1.4
3.5867999    -6.7716    1.4
3.4524    -7.0196    1.4
3.3012    -7.2588    1.4
3.1339998    -7.4859996    1.4
2.9508    -7.7004    1.4
2.7531998    -7.902    1.4
2.5412    -8.0892    1.4
2.3172    -8.2604    1.4
2.0812    -8.4156    1.4
1.8355999    -8.554    1.4
1.5796    -8.6748    1.4
1.3163999    -8.7764    1.4
1.0468    -8.8604    1.4
0.77239996    -8.924399    1.4
0.49319997    -8.9692    1.4
0.21239999    -8.9939995    1.4
-0.07    -8.998799    1.4
-0.3524    -8.9844    1.4
-0.6324    -8.9492    1.4
-0.90919995    -8.8948    1.4
-1.1819999    -8.821199    1.4
-1.4484    -8.7276    1.4
-1.7076    -8.6164    1.4
-1.9588    -8.4868    1.4
-2.1996    -8.3404    1.4
-2.4299998    -8.1764    1.4
-2.6483998    -7.9972    1.4
-2.8532    -7.8027997    1.4
-3.0435998    -7.5948    1.4
-3.2187998    -7.3732    1.4
-3.3788    -7.1404    1.4
-3.5212    -6.8971996    1.4
-3.646    -6.6436    1.4
-3.7531998    -6.3827996    1.4
-3.8411999    -6.114    1.4
-3.9099998    -5.8403997    1.4
-3.9596    -5.5628    1.4
-3.99    -5.282    1.5999999999999999
-3.9996    -4.9996    1.5999999999999999
-3.99    -4.7172    1.5999999999999999
-3.9596    -4.4364    1.5999999999999999
-3.9099998    -4.1588    1.5999999999999999
-3.8411999    -3.8851998    1.5999999999999999
-3.7531998    -3.6164    1.5999999999999999
-3.646    -3.3555999    1.5999999999999999
-3.5212    -3.102    1.5999999999999999
-3.3788    -2.8588    1.5999999999999999
-3.2187998    -2.626    1.5999999999999999
-3.0435998    -2.4043999    1.5999999999999999
-2.8532    -2.1964    1.5999999999999999
-2.6483998    -2.0019999    1.5999999999999999
-2.4299998    -1.8227999    1.5999999999999999
-2.1996    -1.6588    1.5999999999999999
-1.9588    -1.5123999    1.5999999999999999
-1.7076    -1.3828    1.5999999999999999
-1.4484    -1.2716    1.5999999999999999
-1.1819999    -1.178    1.5999999999999999
-0.90919995    -1.1043999    1.5999999999999999
-0.6324    -1.05    1.5999999999999999
-0.3524    -1.0148    1.5999999999999999
-0.07    -1.0004    1.5999999999999999
0.21239999    -1.0052    1.5999999999999999
0.49319997    -1.03    1.5999999999999999
0.77239996    -1.0748    1.5999999999999999
1.0468    -1.1388    1.5999999999999999
1.3163999    -1.2228    1.5999999999999999
1.5796    -1.3244    1.5999999999999999
1.8355999    -1.4452    1.5999999999999999
2.0812    -1.5835999    1.5999999999999999
2.3172    -1.7387999    1.5999999999999999
2.5412    -1.91    1.5999999999999999
2.7531998    -2.0972    1.5999999999999999
2.9508    -2.2988    1.5999999999999999
3.1339998    -2.5132    1.5999999999999999
3.3012    -2.7403998    1.5999999999999999
3.4524    -2.9796    1.5999999999999999
3.5867999    -3.2275999    1.5999999999999999
3.7027998    -3.4852    1.5999999999999999
3.8004    -3.75    1.5999999999999999
3.8788    -4.0211997    1.5999999999999999
3.938    -4.2971997    1.5999999999999999
3.978    -4.5772    1.5999999999999999
3.998    -4.8588    1.5999999999999999
4.0004    -4.9996    1.5999999999999999
3.998    -5.1404    1.5999999999999999
3.978    -5.422    1.5999999999999999
3.938    -5.7019997    1.5999999999999999
3.8788    -5.9779997    1.5999999999999999
3.8004    -6.2492    1.5999999999999999
3.7027998    -6.514    1.5999999999999999
3.5867999    -6.7716    1.5999999999999999
3.4524    -7.0196    1.5999999999999999
3.3012    -7.2588    1.5999999999999999
3.1339998    -7.4859996    1.5999999999999999
2.9508    -7.7004    1.5999999999999999
2.7531998    -7.902    1.5999999999999999
2.5412    -8.0892    1.5999999999999999
2.3172    -8.2604    1.5999999999999999
2.0812    -8.4156    1.5999999999999999
1.8355999    -8.554    1.5999999999999999
1.5796    -8.6748    1.5999999999999999
1.3163999    -8.7764    1.5999999999999999
1.0468    -8.8604    1.5999999999999999
0.77239996    -8.924399    1.5999999999999999
0.49319997    -8.9692    1.5999999999999999
0.21239999    -8.9939995    1.5999999999999999
-0.07    -8.998799    1.5999999999999999
-0.3524    -8.9844    1.5999999999999999
-0.6324    -8.9492    1.5999999999999999
-0.90919995    -8.8948    1.5999999999999999
-1.1819999    -8.821199    1.5999999999999999
-1.4484    -8.7276    1.5999999999999999
-1.7076    -8.6164    1.5999999999999999
-1.9588    -8.4868    1.5999999999999999
-2.1996    -8.3404    1.5999999999999999
-2.4299998    -8.1764    1.5999999999999999
-2.6483998    -7.9972    1.5999999999999999
-2.8532    -7.8027997    1.5999999999999999
-3.0435998    -7.5948    1.5999999999999999
-3.2187998    -7.3732    1.5999999999999999
-3.3788    -7.1404    1.5999999999999999
-3.5212    -6.8971996    1.5999999999999999
-3.646    -6.6436    1.5999999999999999
-3.7531998    -6.3827996    1.5999999999999999
-3.8411999    -6.114    1.5999999999999999
-3.9099998    -5.8403997    1.5999999999999999
-3.9596    -5.5628    1.5999999999999999
-3.99    -5.282    1.7999999999999998
-3.9996    -4.9996    1.7999999999999998
-3.99    -4.7172    1.7999999999999998
-3.9596    -4.4364    1.7999999999999998
-3.9099998    -4.1588    1.7999999999999998
-3.8411999    -3.8851998    1.7999999999999998
-3.7531998    -3.6164    1.7999999999999998
-3.646    -3.3555999    1.7999999999999998
-3.5212    -3.102    1.7999999999999998
-3.3788    -2.8588    1.7999999999999998
-3.2187998    -2.626    1.7999999999999998
-3.0435998    -2.4043999    1.7999999999999998
-2.8532    -2.1964    1.7999999999999998
-2.6483998    -2.0019999    1.7999999999999998
-2.4299998    -1.8227999    1.7999999999999998
-2.1996    -1.6588    1.7999999999999998
-1.9588    -1.5123999    1.7999999999999998
-1.7076    -1.3828    1.7999999999999998
-1.4484    -1.2716    1.7999999999999998
-1.1819999    -1.178    1.7999999999999998
-0.90919995    -1.1043999    1.7999999999999998
-0.6324    -1.05    1.7999999999999998
-0.3524    -1.0148    1.7999999999999998
-0.07    -1.0004    1.7999999999999998
0.21239999    -1.0052    1.7999999999999998
0.49319997    -1.03    1.7999999999999998
0.77239996    -1.0748    1.7999999999999998
1.0468    -1.1388    1.7999999999999998
1.3163999    -1.2228    1.7999999999999998
1.5796    -1.3244    1.7999999999999998
1.8355999    -1.4452    1.7999999999999998
2.0812    -1.5835999    1.7999999999999998
2.3172    -1.7387999    1.7999999999999998
2.5412    -1.91    1.7999999999999998
2.7531998    -2.0972    1.7999999999999998
2.9508    -2.2988    1.7999999999999998
3.1339998    -2.5132    1.7999999999999998
3.3012    -2.7403998    1.7999999999999998
3.4524    -2.9796    1.7999999999999998
3.5867999    -3.2275999    1.7999999999999998
3.7027998    -3.4852    1.7999999999999998
3.8004    -3.75    1.7999999999999998
3.8788    -4.0211997    1.7999999999999998
3.938    -4.2971997    1.7999999999999998
3.978    -4.5772    1.7999999999999998
3.998    -4.8588    1.7999999999999998
4.0004    -4.9996    1.7999999999999998
3.998    -5.1404    1.7999999999999998
3.978    -5.422    1.7999999999999998
3.938    -5.7019997    1.7999999999999998
3.8788    -5.9779997    1.7999999999999998
3.8004    -6.2492    1.7999999999999998
3.7027998    -6.514    1.7999999999999998
3.5867999    -6.7716    1.7999999999999998
3.4524    -7.0196    1.7999999999999998
3.3012    -7.2588    1.7999999999999998
3.1339998    -7.4859996    1.7999999999999998
2.9508    -7.7004    1.7999999999999998
2.7531998    -7.902    1.7999999999999998
2.5412    -8.0892    1.7999999999999998
2.3172    -8.2604    1.7999999999999998
2.0812    -8.4156    1.7999999999999998
1.8355999    -8.554    1.7999999999999998
1.5796    -8.6748    1.7999999999999998
1.3163999    -8.7764    1.7999999999999998
1.0468    -8.8604    1.7999999999999998
0.77239996    -8.924399    1.7999999999999998
0.49319997    -8.9692    1.7999999999999998
0.21239999    -8.9939995    1.7999999999999998
-0.07    -8.998799    1.7999999999999998
-0.3524    -8.9844    1.7999999999999998
-0.6324    -8.9492    1.7999999999999998
-0.90919995    -8.8948    1.7999999999999998
-1.1819999    -8.821199    1.7999999999999998
-1.4484    -8.7276    1.7999999999999998
-1.7076    -8.6164    1.7999999999999998
-1.9588    -8.4868    1.7999999999999998
-2.1996    -8.3404    1.7999999999999998
-2.4299998    -8.1764    1.7999999999999998
-2.6483998    -7.9972    1.7999999999999998
-2.8532    -7.8027997    1.7999999999999998
-3.0435998    -7.5948    1.7999999999999998
-3.2187998    -7.3732    1.7999999999999998
-3.3788    -7.1404    1.7999999999999998
-3.5212    -6.8971996    1.7999999999999998
-3.646    -6.6436    1.7999999999999998
-3.7531998    -6.3827996    1.7999999999999998
-3.8411999    -6.114    1.7999999999999998
-3.9099998    -5.8403997    1.7999999999999998
-3.9596    -5.5628    1.7999999999999998
-3.99    -5.282    1.9999999999999998
-3.9996    -4.9996    1.9999999999999998
-3.99    -4.7172    1.9999999999999998
-3.9596    -4.4364    1.9999999999999998
-3.9099998    -4.1588    1.9999999999999998
-3.8411999    -3.8851998    1.9999999999999998
-3.7531998    -3.6164    1.9999999999999998
-3.646    -3.3555999    1.9999999999999998
-3.5212    -3.102    1.9999999999999998
-3.3788    -2.8588    1.9999999999999998
-3.2187998    -2.626    1.9999999999999998
-3.0435998    -2.4043999    1.9999999999999998
-2.8532    -2.1964    1.9999999999999998
-2.6483998    -2.0019999    1.9999999999999998
-2.4299998    -1.8227999    1.9999999999999998
-2.1996    -1.6588    1.9999999999999998
-1.9588    -1.5123999    1.9999999999999998
-1.7076    -1.3828    1.9999999999999998
-1.4484    -1.2716    1.9999999999999998
-1.1819999    -1.178    1.9999999999999998
-0.90919995    -1.1043999    1.9999999999999998
-0.6324    -1.05    1.9999999999999998
-0.3524    -1.0148    1.9999999999999998
-0.07    -1.0004    1.9999999999999998
0.21239999    -1.0052    1.9999999999999998
0.49319997    -1.03    1.9999999999999998
0.77239996    -1.0748    1.9999999999999998
1.0468    -1.1388    1.9999999999999998
1.3163999    -1.2228    1.9999999999999998
1.5796    -1.3244    1.9999999999999998
1.8355999    -1.4452    1.9999999999999998
2.0812    -1.5835999    1.9999999999999998
2.3172    -1.7387999    1.9999999999999998
2.5412    -1.91    1.9999999999999998
2.7531998    -2.0972    1.9999999999999998
2.9508    -2.2988    1.9999999999999998
3.1339998    -2.5132    1.9999999999999998
3.3012    -2.7403998    1.9999999999999998
3.4524    -2.9796    1.9999999999999998
3.5867999    -3.2275999    1.9999999999999998
3.7027998    -3.4852    1.9999999999999998
3.8004    -3.75    1.9999999999999998
3.8788    -4.0211997    1.9999999999999998
3.938    -4.2971997    1.9999999999999998
3.978    -4.5772    1.9999999999999998
3.998    -4.8588    1.9999999999999998
4.0004    -4.9996    1.9999999999999998
3.998    -5.1404    1.9999999999999998
3.978    -5.422    1.9999999999999998
3.938    -5.7019997    1.9999999999999998
3.8788    -5.9779997    1.9999999999999998
3.8004    -6.2492    1.9999999999999998
3.7027998    -6.514    1.9999999999999998
3.5867999    -6.7716    1.9999999999999998
3.4524    -7.0196    1.9999999999999998
3.3012    -7.2588    1.9999999999999998
3.1339998    -7.4859996    1.9999999999999998
2.9508    -7.7004    1.9999999999999998
2.7531998    -7.902    1.9999999999999998
2.5412    -8.0892    1.9999999999999998
2.3172    -8.2604    1.9999999999999998
2.0812    -8.4156    1.9999999999999998
1.8355999    -8.554    1.9999999999999998
1.5796    -8.6748    1.9999999999999998
1.3163999    -8.7764    1.9999999999999998
1.0468    -8.8604    1.9999999999999998
0.77239996    -8.924399    1.9999999999999998
0.49319997    -8.9692    1.9999999999999998
0.21239999    -8.9939995    1.9999999999999998
-0.07    -8.998799    1.9999999999999998
-0.3524    -8.9844    1.9999999999999998
-0.6324    -8.9492    1.9999999999999998
-0.90919995    -8.8948    1.9999999999999998
-1.1819999    -8.821199    1.9999999999999998
-1.4484    -8.7276    1.9999999999999998
-1.7076    -8.6164    1.9999999999999998
-1.9588    -8.4868    1.9999999999999998
-2.1996    -8.3404    1.9999999999999998
-2.4299998    -8.1764    1.9999999999999998
-2.6483998    -7.9972    1.9999999999999998
-2.8532    -7.8027997    1.9999999999999998
-3.0435998    -7.5948    1.9999999999999998
-3.2187998    -7.3732    1.9999999999999998
-3.3788    -7.1404    1.9999999999999998
-3.5212    -6.8971996    1.9999999999999998
-3.646    -6.6436    1.9999999999999998
-3.7531998    -6.3827996    1.9999999999999998
-3.8411999    -6.114    1.9999999999999998
-3.9099998    -5.8403997    1.9999999999999998
-3.9596    -5.5628    1.9999999999999998
