-14.7997    -4.999
-14.1997    -4.999
-13.5998    -4.999
-12.9998    -4.999
-12.3998    -4.999
-11.7998    -4.999
-11.1998    -4.999
-10.5998    -4.999
-9.9998    -4.9996
-9.39981    -4.999
-8.79982    -4.999
-8.19982    -4.999
-7.59983    -4.999
-6.99984    -4.999
-6.39985    -4.999
-5.79986    -4.999
-5.19986    -4.999
-4.9996    -5.3993
-4.9996    -5.9993
-4.9996    -6.5993
-4.9996    -7.1993
-3.91196    -7.236
-3.91305    -8.399
-3.32559    -9.313
-3.90041    -10.25
-3.19888    -11.09
-2.742    -11.9487
-1.94879    -12.74
-1.70562    -14.02
-2.00004    -14.99
-1.40005    -14.99
-0.800055    -14.9
-0.200063    -14.9
0.399929    -14.99
0.999921    -14.99
1.59991    -14.999
2.1999    -14.9996
1.43368    -13.944
2.49025    -13.983
1.67516    -12.903
2.51542    -12.018
3.06655    -10.900
4.02416    -11.110
3.88202    -10.000
3.94356    -8.3213
4.01032    -7.2914
5.0004    -7.00024
5.0004    -6.40025
5.0004    -5.80025
5.0004    -5.20026
5.39973    -4.9996
5.99972    -4.9996
6.59971    -4.9996
7.19971    -4.9996
7.7997    -4.9996 
8.39969    -4.9996
8.99968    -4.9996
9.59967    -4.9996
10.1997    -4.9996
10.7997    -4.9996
11.3996    -4.9996
11.9996    -4.9996
12.5996    -4.9996
13.1996    -4.9996
13.7996    -4.9996
14.3996    -4.9996
14.9996    -4.9996
15.0004    -4.4004
15.0004    -3.8004
15.0004    -3.2004
15.0004    -2.6004
15.0004    -2.0004
15.0004    -1.4004
15.0004    -0.8004
15.0004    -0.2004
15.0004    0.39952
15.0004    0.99952
15.0004    1.59951
15.0004    2.1995 
15.0004    2.7995 
15.0004    3.39949
15.0004    3.99948
15.0004    4.59947
14.8013    5.0004 
14.2013    5.0004 
13.6014    5.0004 
13.0014    5.0004 
12.4014    5.0004 
11.8014    5.0004 
11.2014    5.0004 
10.6014    5.0004 
10.0014    5.0004 
9.40141    5.0004 
8.80142    5.0004 
8.20142    5.0004 
7.60143    5.0004 
7.00144    5.0004 
6.40145    5.0004 
5.80146    5.0004 
5.20146    5.0004 
5.0004    5.39933 
5.0004    5.99932 
5.0004    6.59931 
5.0004    7.1993  
5.0004    7.7993  
3.38695    7.49811
3.70678    8.78187
3.62773    10.0912
3.00953    11.6407
2.07853    12.7436
2.47543    13.8406
2.00164    15.0004
1.40165    15.0004
0.801656    15.000
0.201664    15.000
-0.398328    15.00
-0.99832    15.000
-1.59831    15.000
-2.1983    15.0004
-2.48796    13.857
-2.71925    12.701
-2.59296    11.487
-4.02162    11.023
-2.88736    10.301
-3.92674    10.033
-3.56758    9.0224
-3.94743    8.0255
-4.9996    7.00184
-4.9996    6.40185
-4.9996    5.80186
-4.9996    5.20186
-5.39813    5.0004
-5.99812    5.0004
-6.59811    5.0004
-7.1981    5.0004 
-7.7981    5.0004 
-8.39809    5.0004
-8.99808    5.0004
-9.59807    5.0004
-10.1981    5.0004
-10.7981    5.0004
-11.398    5.0004 
-11.998    5.0004 
-12.598    5.0004 
-13.198    5.0004 
-13.798    5.0004 
-14.398    5.0004 
-14.9996    5.0004
-14.9996    4.4004
-14.9996    3.8004
-14.9996    3.2004
-14.9996    2.6004
-14.9996    2.0004
-14.9996    1.4004
-14.9996    0.8004
-14.9996    0.2004
-14.9996    -0.399
-14.9996    -0.999
-14.9996    -1.599
-14.9996    -2.199
-14.9996    -2.799
-14.9996    -3.399
-14.9996    -3.999
-14.9996    -4.599
-14.7997    -4.999