-4.9996    -14.3992    0.0004
-4.9996    -14.9992    0.0004
-4.40001    -14.9996    0.0004
-3.80002    -14.9996    0.0004
-3.20002    -14.9996    0.0004
-2.60003    -14.9996    0.0004
-2.00004    -14.9996    0.0004
-1.40005    -14.9996    0.0004
-0.800055    -14.9996    0.0004
-1.70562    -14.0219    0.0004
-1.10005    -13.1997    0.0004
-1.94879    -12.742    0.0004
-2.742    -11.9487    0.0004
-3.19888    -11.0993    0.0004
-3.32559    -9.31307    0.0004
-3.91305    -8.39902    0.0004
-2.99358    -7.82009    0.0004
-2.83089    -6.29932    0.0004
-2.86665    -5.3487    0.0004
-2.9295    -4.11218    0.0004
-3.77385    -5.06245    0.0004
-4.9996    -5.39933    0.0004
-4.9996    -5.99932    0.0004
-4.9996    -6.59931    0.0004
-4.9996    -7.1993    0.0004
-4.9996    -7.7993    0.0004
-4.9996    -8.39929    0.0004
-4.9996    -8.99928    0.0004
-4.9996    -9.59927    0.0004
-4.9996    -10.1993    0.0004
-4.9996    -10.7993    0.0004
-4.9996    -11.3992    0.0004
-4.9996    -11.9992    0.0004
-4.9996    -12.5992    0.0004
-4.9996    -13.1992    0.0004
-4.9996    -13.7992    0.0004
-4.9996    -14.3992    0.0004
111111111111 111111111111 -0.492047
5.0004    -14.2001    0.0004
5.0004    -14.8001    0.0004
4.59987    -14.9996    0.0004
3.99988    -14.9996    0.0004
3.39989    -14.9996    0.0004
2.7999    -14.9996    0.0004
2.1999    -14.9996    0.0004
1.59991    -14.9996    0.0004
0.999921    -14.9996    0.0004
1.43368    -13.9443    0.0004
0.54159    -13.3566    0.0004
1.29992    -11.7421    0.0004
1.67516    -12.9037    0.0004
2.51542    -12.0182    0.0004
3.06655    -10.9002    0.0004
2.57497    -9.95209    0.0004
3.21906    -9.10021    0.0004
2.9645    -7.9054    0.0004
1.74288    -7.90023    0.0004
1.854    -6.57314    0.0004
1.55463    -5.49869    0.0004
1.97249    -4.47096    0.0004
2.80901    -3.97297    0.0004
3.53911    -4.61694    0.0004
4.92008    -3.86292    0.0004
5.39973    -4.9996    0.0004
5.0004    -5.20026    0.0004
5.0004    -5.80025    0.0004
5.0004    -6.40025    0.0004
5.0004    -7.00024    0.0004
5.0004    -7.60023    0.0004
5.0004    -8.20022    0.0004
5.0004    -8.80021    0.0004
5.0004    -9.40021    0.0004
5.0004    -10.0002    0.0004
5.0004    -10.6002    0.0004
5.0004    -11.2002    0.0004
5.0004    -11.8002    0.0004
5.0004    -12.4002    0.0004
5.0004    -13.0002    0.0004
5.0004    -13.6002    0.0004
5.0004    -14.2001    0.0004
111111111111 111111111111 0.459973
5.0004    14.3992    0.0004
5.0004    14.9992    0.0004
4.40161    15.0004    0.0004
3.80162    15.0004    0.0004
3.20162    15.0004    0.0004
2.60163    15.0004    0.0004
2.00164    15.0004    0.0004
1.40165    15.0004    0.0004
0.801656    15.0004    0.0004
1.59406    14.1016    0.0004
1.13589    13.3047    0.0004
0.294105    12.715    0.0004
1.74288    11.6992    0.0004
3.00953    11.6407    0.0004
2.3355    10.5667    0.0004
3.62773    10.0912    0.0004
2.50137    9.29928    0.0004
3.70678    8.78187    0.0004
2.61789    8.23827    0.0004
3.38695    7.49811    0.0004
2.82728    6.29932    0.0004
1.74248    5.66499    0.0004
2.59507    5.12422    0.0004
3.59813    5.23904    0.0004
5.0004    5.39933    0.0004
5.0004    5.99932    0.0004
5.0004    6.59931    0.0004
5.0004    7.1993    0.0004
5.0004    7.7993    0.0004
5.0004    8.39929    0.0004
5.0004    8.99928    0.0004
5.0004    9.59927    0.0004
5.0004    10.1993    0.0004
5.0004    10.7993    0.0004
5.0004    11.3992    0.0004
5.0004    11.9992    0.0004
5.0004    12.5992    0.0004
5.0004    13.1992    0.0004
5.0004    13.7992    0.0004
5.0004    14.3992    0.0004
111111111111 111111111111 -0.45644
-3.99828    15.0004    0.0004
-4.59827    15.0004    0.0004
-4.9996    14.8017    0.0004
-4.9996    14.2017    0.0004
-4.9996    13.6018    0.0004
-4.9996    13.0018    0.0004
-4.9996    12.4018    0.0004
-4.9996    11.8018    0.0004
-4.9996    11.2018    0.0004
-4.9996    10.6018    0.0004
-4.9996    10.0018    0.0004
-4.9996    9.40181    0.0004
-4.9996    8.80182    0.0004
-4.9996    8.20182    0.0004
-4.9996    7.60183    0.0004
-4.9996    7.00184    0.0004
-4.9996    6.40185    0.0004
-4.9996    5.80186    0.0004
-4.9996    5.20186    0.0004
-4.15264    4.22753    0.0004
-3.25347    4.54781    0.0004
-1.9652    5.08008    0.0004
-2.52835    6.37961    0.0004
-2.00251    7.36833    0.0004
-3.16363    7.30184    0.0004
-2.78723    8.29794    0.0004
-3.56758    9.02248    0.0004
-2.88736    10.3018    0.0004
-2.59296    11.487    0.0004
-1.62388    12.2303    0.0004
-0.698324    12.9823    0.0004
-1.67924    13.244    0.0004
-0.99832    15.0004    0.0004
-1.59831    15.0004    0.0004
-2.1983    15.0004    0.0004
-2.7983    15.0004    0.0004
-3.39829    15.0004    0.0004
-3.99828    15.0004    0.0004
111111111111 111111111111 0.442896
-14.7997    -4.9996    0.0004
-14.1997    -4.9996    0.0004
-13.5998    -4.9996    0.0004
-12.9998    -4.9996    0.0004
-12.3998    -4.9996    0.0004
-11.7998    -4.9996    0.0004
-11.1998    -4.9996    0.0004
-10.5998    -4.9996    0.0004
-9.9998    -4.9996    0.0004
-9.39981    -4.9996    0.0004
-8.79982    -4.9996    0.0004
-8.19982    -4.9996    0.0004
-7.59983    -4.9996    0.0004
-6.99984    -4.9996    0.0004
-6.39985    -4.9996    0.0004
-5.79986    -4.9996    0.0004
-5.19986    -4.9996    0.0004
-4.9996    -5.39933    0.0004
-3.77385    -5.06245    0.0004
-2.9295    -4.11218    0.0004
-2.86665    -5.3487    0.0004
-2.83089    -6.29932    0.0004
-2.99358    -7.82009    0.0004
-3.91305    -8.39902    0.0004
-3.32559    -9.31307    0.0004
-3.19888    -11.0993    0.0004
-2.742    -11.9487    0.0004
-1.94879    -12.742    0.0004
-1.10005    -13.1997    0.0004
-1.70562    -14.0219    0.0004
-0.800055    -14.9996    0.0004
-0.200063    -14.9996    0.0004
0.399929    -14.9996    0.0004
0.999921    -14.9996    0.0004
1.43368    -13.9443    0.0004
0.54159    -13.3566    0.0004
1.29992    -11.7421    0.0004
1.67516    -12.9037    0.0004
2.51542    -12.0182    0.0004
3.06655    -10.9002    0.0004
2.57497    -9.95209    0.0004
3.21906    -9.10021    0.0004
2.9645    -7.9054    0.0004
1.74288    -7.90023    0.0004
1.854    -6.57314    0.0004
1.55463    -5.49869    0.0004
1.97249    -4.47096    0.0004
2.80901    -3.97297    0.0004
3.53911    -4.61694    0.0004
4.92008    -3.86292    0.0004
5.39973    -4.9996    0.0004
5.99972    -4.9996    0.0004
6.59971    -4.9996    0.0004
7.19971    -4.9996    0.0004
7.7997    -4.9996    0.0004
8.39969    -4.9996    0.0004
8.99968    -4.9996    0.0004
9.59967    -4.9996    0.0004
10.1997    -4.9996    0.0004
10.7997    -4.9996    0.0004
11.3996    -4.9996    0.0004
11.9996    -4.9996    0.0004
12.5996    -4.9996    0.0004
13.1996    -4.9996    0.0004
13.7996    -4.9996    0.0004
14.3996    -4.9996    0.0004
14.9996    -4.9996    0.0004
15.0004    -4.40041    0.0004
15.0004    -3.80042    0.0004
15.0004    -3.20042    0.0004
15.0004    -2.60043    0.0004
15.0004    -2.00044    0.0004
15.0004    -1.40045    0.0004
15.0004    -0.800455    0.0004
15.0004    -0.200463    0.0004
15.0004    0.399529    0.0004
15.0004    0.999521    0.0004
15.0004    1.59951    0.0004
15.0004    2.1995    0.0004
15.0004    2.7995    0.0004
15.0004    3.39949    0.0004
15.0004    3.99948    0.0004
15.0004    4.59947    0.0004
14.8013    5.0004    0.0004
14.2013    5.0004    0.0004
13.6014    5.0004    0.0004
13.0014    5.0004    0.0004
12.4014    5.0004    0.0004
11.8014    5.0004    0.0004
11.2014    5.0004    0.0004
10.6014    5.0004    0.0004
10.0014    5.0004    0.0004
9.40141    5.0004    0.0004
8.80142    5.0004    0.0004
8.20142    5.0004    0.0004
7.60143    5.0004    0.0004
7.00144    5.0004    0.0004
6.40145    5.0004    0.0004
5.80146    5.0004    0.0004
5.20146    5.0004    0.0004
5.0004    5.39933    0.0004
3.59813    5.23904    0.0004
2.59507    5.12422    0.0004
1.74248    5.66499    0.0004
2.82728    6.29932    0.0004
3.38695    7.49811    0.0004
2.61789    8.23827    0.0004
3.70678    8.78187    0.0004
2.50137    9.29928    0.0004
3.62773    10.0912    0.0004
2.3355    10.5667    0.0004
3.00953    11.6407    0.0004
1.74288    11.6992    0.0004
0.294105    12.715    0.0004
1.13589    13.3047    0.0004
1.59406    14.1016    0.0004
0.801656    15.0004    0.0004
0.201664    15.0004    0.0004
-0.398328    15.0004    0.0004
-0.99832    15.0004    0.0004
-1.67924    13.244    0.0004
-0.698324    12.9823    0.0004
-1.62388    12.2303    0.0004
-2.59296    11.487    0.0004
-2.88736    10.3018    0.0004
-3.56758    9.02248    0.0004
-2.78723    8.29794    0.0004
-3.16363    7.30184    0.0004
-2.00251    7.36833    0.0004
-2.52835    6.37961    0.0004
-1.9652    5.08008    0.0004
-3.25347    4.54781    0.0004
-4.15264    4.22753    0.0004
-4.9996    5.20186    0.0004
-5.39813    5.0004    0.0004
-5.99812    5.0004    0.0004
-6.59811    5.0004    0.0004
-7.1981    5.0004    0.0004
-7.7981    5.0004    0.0004
-8.39809    5.0004    0.0004
-8.99808    5.0004    0.0004
-9.59807    5.0004    0.0004
-10.1981    5.0004    0.0004
-10.7981    5.0004    0.0004
-11.398    5.0004    0.0004
-11.998    5.0004    0.0004
-12.598    5.0004    0.0004
-13.198    5.0004    0.0004
-13.798    5.0004    0.0004
-14.398    5.0004    0.0004
-14.9996    5.0004    0.0004
-14.9996    4.40041    0.0004
-14.9996    3.80042    0.0004
-14.9996    3.20042    0.0004
-14.9996    2.60043    0.0004
-14.9996    2.00044    0.0004
-14.9996    1.40045    0.0004
-14.9996    0.800456    0.0004
-14.9996    0.200464    0.0004
-14.9996    -0.399528    0.0004
-14.9996    -0.99952    0.0004
-14.9996    -1.59951    0.0004
-14.9996    -2.1995    0.0004
-14.9996    -2.7995    0.0004
-14.9996    -3.39949    0.0004
-14.9996    -3.99948    0.0004
-14.9996    -4.59947    0.0004
-14.7997    -4.9996    0.0004
111111111111 111111111111 0.00440176