-4.799599999999998    -14.799288653996868    0.2000
-4.7995788032085684    -14.799300015909527    0.2000
-4.399899999999999    -14.799599999999998    0.2000
-3.937005824723503    -14.799599999999998    0.2000
-4.7996    -14.33723192358074    0.2000
-4.799599999999998    -13.875163847161485    0.2000
-3.0749713296364076    -14.799599999999998    0.2000
-2.212936834549309    -14.799599999999998    0.2000
-4.799599999999999    -13.413095770742224    0.2000
-4.799599999999999    -12.951027694322963    0.2000
-1.350902339462209    -14.799599999999998    0.2000
-1.8523000000000005    -14.1578    0.2000
-1.8565999999999994    -14.153100000000002    0.2000
-1.8605999999999998    -14.148299999999999    0.2000
-1.8644999999999996    -14.1433    0.2000
-1.8682999999999996    -14.138199999999998    0.2000
-1.8718999999999992    -14.133    0.2000
-1.8753000000000002    -14.1277    0.2000
-1.8786000000000005    -14.1223    0.2000
-1.8817000000000004    -14.116699999999998    0.2000
-1.884599999999999    -14.111099999999999    0.2000
-1.8872999999999998    -14.105399999999998    0.2000
-1.8899    -14.0996    0.2000
-1.8922000000000008    -14.0938    0.2000
-1.8944    -14.087799999999998    0.2000
-1.8963999999999999    -14.0818    0.2000
-1.8981999999999992    -14.075799999999997    0.2000
-1.8998    -14.069699999999997    0.2000
-1.9011999999999993    -14.0635    0.2000
-1.9024    -14.057299999999998    0.2000
-1.9035000000000002    -14.051    0.2000
-1.9042999999999992    -14.0448    0.2000
-1.2578999999999994    -14.799599999999998    0.2000
-1.904691461336875    -14.040689655962804    0.2000
-4.799599999999999    -12.488959617903708    0.2000
-4.799599999999999    -12.026891541484448    0.2000
-1.7059323448243457    -13.68516052103736    0.2000
-1.4619329920370179    -13.353881075737318    0.2000
-4.7996    -11.56482346506519    0.2000
-4.799599999999999    -11.102755388645932    0.2000
-2.797691754752712    -12.175819050623641    0.2000
-2.883399999999999    -12.0901    0.2000
-2.8878    -12.0856    0.2000
-2.8921000000000006    -12.080900000000002    0.2000
-2.8962    -12.0761    0.2000
-2.9000999999999997    -12.071099999999998    0.2000
-2.9038999999999993    -12.0661    0.2000
-2.907599999999999    -12.060899999999998    0.2000
-2.9110000000000005    -12.0556    0.2000
-2.9143    -12.050199999999998    0.2000
-2.9181    -12.0434    0.2000
-3.21604516045784    -11.489505013585273    0.2000
-4.799599999999999    -10.640687312226671    0.2000
-4.799599999999999    -10.178619235807414    0.2000
-3.4119553976259507    -10.922425053123066    0.2000
-3.446031625031744    -10.442091423598033    0.2000
-4.7996    -9.716551159388153    0.2000
-4.799599999999999    -9.254483082968894    0.2000
-3.480107852437536    -9.961757794073003    0.2000
-3.5141840798433286    -9.481424164547976    0.2000
-4.7996    -8.792415006549637    0.2000
-4.799599999999999    -8.330346930130377    0.2000
-3.87716332068531    -8.82479180960871    0.2000
-4.0813    -8.5071    0.2000
-4.0846    -8.5017    0.2000
-4.0878    -8.4963    0.2000
-4.0907    -8.490699999999999    0.2000
-4.093600000000001    -8.485    0.2000
-4.096199999999999    -8.4793    0.2000
-4.098599999999999    -8.473399999999998    0.2000
-4.1009    -8.467499999999998    0.2000
-4.103    -8.4616    0.2000
-4.1048    -8.4555    0.2000
-4.1065    -8.4494    0.2000
-4.108    -8.4433    0.2000
-4.109299999999999    -8.437099999999997    0.2000
-4.1104    -8.430899999999998    0.2000
-4.111399999999999    -8.424599999999998    0.2000
-4.112099999999999    -8.4183    0.2000
-4.1126    -8.412    0.2000
-4.1129    -8.4057    0.2000
-4.113    -8.3994    0.2000
-4.1129    -8.3931    0.2000
-4.1126    -8.3867    0.2000
-4.112099999999999    -8.3804    0.2000
-4.1115    -8.3742    0.2000
-4.110600000000001    -8.3679    0.2000
-4.109500000000001    -8.361700000000003    0.2000
-4.108199999999999    -8.3555    0.2000
-4.106700000000001    -8.3493    0.2000
-4.105099999999999    -8.343199999999998    0.2000
-4.1032    -8.3372    0.2000
-4.1012    -8.331200000000003    0.2000
-4.0989    -8.3253    0.2000
-4.096499999999999    -8.3194    0.2000
-4.093899999999999    -8.313699999999999    0.2000
-4.091100000000001    -8.308    0.2000
-4.088100000000001    -8.302400000000002    0.2000
-4.085    -8.2969    0.2000
-4.0817    -8.2915    0.2000
-4.0782    -8.286300000000002    0.2000
-4.0745000000000005    -8.281099999999999    0.2000
-4.0707    -8.276    0.2000
-4.0668    -8.2711    0.2000
-4.062599999999999    -8.2663    0.2000
-4.060803028439189    -8.264289103253377    0.2000
-4.7996    -7.868278853711117    0.2000
-4.799599999999999    -7.40621077729186    0.2000
-3.671748331076291    -8.0107622820355    0.2000
-3.2753641051228812    -7.761164237677687    0.2000
-4.7996    -6.944142700872601    0.2000
-4.7996    -6.482074624453342    0.2000
-3.146426334329582    -7.368209436965833    0.2000
-3.0996612425624366    -6.931208403825662    0.2000
-4.7996    -6.020006548034083    0.2000
-4.7996    -5.557938471614824    0.2000
-3.052896150795291    -6.49420737068549    0.2000
-3.031299999999999    -6.2924    0.2000
-3.040842566546561    -6.038600261338328    0.2000
-4.237446212754903    -5.397196294106257    0.2000
-3.7208    -5.255199999999999    0.2000
-3.7134    -5.253099999999999    0.2000
-3.7074    -5.251099999999999    0.2000
-3.7014999999999993    -5.248899999999999    0.2000
-3.6956    -5.246500000000001    0.2000
-3.6897999999999995    -5.243899999999999    0.2000
-3.6841    -5.2412    0.2000
-3.6785    -5.2383    0.2000
-3.6752578894784187    -5.236472628615109    0.2000
-3.05857310994698    -5.567028251921501    0.2000
-3.0664999999999996    -5.3562    0.2000
-3.0664    -5.3562    0.2000
-3.0797748379078524    -5.09359561676187    0.2000
-3.3874671605482307    -4.928666254350394    0.2000
-3.1093523334423794    -4.615673399302051    0.2000
-3.1039691763978667    -4.6185588813039855    0.2000
1111    1111    1111
1.8870248283587014    -5.212151846196644    0.2000
3.1834189181771273    -4.56989858423956    0.2000
2.82270722670856    -4.251784196856459    0.2000
2.2814110058983372    -4.5199505408954845    0.2000
1111    1111    1111
2.595129383329643    -12.224795097314058    0.2000
4.800400043353715    -11.132270620365011    0.2000
4.800400035451416    -10.672055203172963    0.2000
2.950134367204082    -11.588704831748093    0.2000
3.2459999959821815    -10.988599991374794    0.2000
3.2477000171327135    -10.985199923525801    0.2000
3.250079332951719    -10.979892132875072    0.2000
4.8004000275491165    -10.211839785980919    0.2000
4.800400019646816    -9.751624368788873    0.2000
3.1264216989078437    -10.580938576084147    0.2000
2.936574403148504    -10.214776379943862    0.2000
4.800400011744516    -9.291408951596827    0.2000
4.800400003842216    -8.83119353440478    0.2000
2.9981398236168726    -9.724060517319838    0.2000
3.378600038286267    -9.220799952050545    0.2000
3.38279999929089    -9.21509995699707    0.2000
3.3863000626956286    -9.209899927392076    0.2000
3.389700048574858    -9.204599934899532    0.2000
3.392900058615964    -9.199099927847097    0.2000
3.395999981451119    -9.193599955506613    0.2000
3.3988000204550968    -9.187899914533409    0.2000
3.401499972253124    -9.182199908272155    0.2000
3.404000072531427    -9.176399930264573    0.2000
3.406300053292326    -9.170499890082551    0.2000
3.408499991239666    -9.164599974218925    0.2000
3.4104000009634357    -9.15849990011613    0.2000
3.4122000477996544    -9.152499903538846    0.2000
3.4137000315917994    -9.146299927113626    0.2000
3.415100008103999    -9.140199938607465    0.2000
3.416200011178575    -9.133899925860977    0.2000
3.417200006973206    -9.12769990103355    0.2000
3.4180000616416644    -9.121399948852183    0.2000
3.4184999895127754    -9.11509992241544    0.2000
3.418900053783223    -9.10879993151231    0.2000
3.4191000332482178    -9.102499965640689    0.2000
3.4191000175142072    -9.096199980408187    0.2000
3.4188000186621297    -9.089799968534859    0.2000
3.4184000125301077    -9.08349994458059    0.2000
3.417800011199082    -9.077199901265441    0.2000
3.4170000493809995    -9.070999925795359    0.2000
3.4159000148384027    -9.064699968076845    0.2000
3.4147000626223107    -9.058499953884997    0.2000
3.414502480666252    -9.057572731391666    0.2000
4.800399995939917    -8.370978117212735    0.2000
4.800399988037618    -7.910762700020688    0.2000
3.3257993393169345    -8.641302189642657    0.2000
3.2370961979676167    -8.225031647893651    0.2000
4.800399980135317    -7.450547282828643    0.2000
4.800399972233018    -6.9903318656365965    0.2000
3.1414188456252226    -7.812216235873372    0.2000
3.1408000463626102    -7.810999965750577    0.2000
3.137800024378325    -7.805499894506148    0.2000
3.134500044307482    -7.800099881426345    0.2000
3.131100011742638    -7.794799990264444    0.2000
3.127500029192846    -7.78949994574282    0.2000
3.1238000296826685    -7.78439988673976    0.2000
3.119899970398547    -7.7794999375736635    0.2000
3.1158000055218684    -7.774599924654293    0.2000
3.1116000236848045    -7.769899897253486    0.2000
3.1071999917542366    -7.76529998209014    0.2000
3.1026999880773416    -7.760899918446516    0.2000
3.0981000215128933    -7.756599932328404    0.2000
3.093300050068999    -7.752399924448913    0.2000
3.0884000616647196    -7.748399902087984    0.2000
3.083399966693607    -7.744599909638011    0.2000
3.0782999984413895    -7.740899950321156    0.2000
3.0730000156292845    -7.737399966842425    0.2000
3.067600025537236    -7.733999971282754    0.2000
3.062200006403864    -7.730899968521592    0.2000
3.0565999823910457    -7.727899943999051    0.2000
3.0509000850971226    -7.724999952609626    0.2000
3.0452000247630364    -7.722399908804654    0.2000
3.0394000015413978    -7.719899942525191    0.2000
3.033500041285381    -7.717699914971403    0.2000
3.027499984142972    -7.715599919729067    0.2000
3.0215000416385207    -7.713699964899796    0.2000
3.015400037781293    -7.711999905982639    0.2000
3.009200061356071    -7.710499922190494    0.2000
3.00310006316947    -7.709199943277796    0.2000
2.996800060103422    -7.707999942603719    0.2000
2.990600025595553    -7.70709994440859    0.2000
2.984299974127299    -7.706399931732024    0.2000
2.978000037297002    -7.705899959468522    0.2000
2.971700046393873    -7.705499895198074    0.2000
2.965399981235363    -7.705399957724974    0.2000
2.432679787211921    -7.703120875955586    0.2000
4.800399964330718    -6.530116448444551    0.2000
4.800399956428418    -6.069901031252505    0.2000
1.9798713160308845    -7.46723362784928    0.2000
2.0200506315535183    -6.987112765441492    0.2000
4.800399948526119    -5.609685614060458    0.2000
4.800399941496609    -5.200299929757174    0.2000
4.800499923362101    -5.193999954205112    0.2000
4.800799900426599    -5.187699998013933    0.2000
4.801299962296549    -5.181400016791246    0.2000
4.801999974973114    -5.175099965322991    0.2000
4.802899893242235    -5.1687999776080105    0.2000
4.803999886636369    -5.162599962461025    0.2000
4.805299875229508    -5.156399966674921    0.2000
4.8067999486281    -5.150199945857308    0.2000
4.807975786281892    -5.1457170082167565    0.2000
2.045303045956644    -6.514386915869854    0.2000
1.932610577192373    -6.110001050166051    0.2000
5.00825534583371    -4.586280060696092    0.2000
4.847639197666135    -4.205636311423928    0.2000
1.8199181084281024    -5.705615184462248    0.2000
1111    1111    1111
0.8995750060251204    -13.064798409734252    0.2000
1.4318718727704178    -12.80109048196625    0.2000
1.2864667522801185    -12.351096539368998    0.2000
1.2191053734154385    -12.384468386437375    0.2000
1111    1111    1111
4.552877518889586    -14.799599955619524    0.2000
4.556933617821322    -14.797590502791724    0.2000
4.800400056890048    -14.676299930098814    0.2000
4.800400054590121    -14.17059729529845    0.2000
3.530752428518173    -14.799599954123426    0.2000
2.508604811764046    -14.799599952627295    0.2000
4.800400052287079    -13.664209888353094    0.2000
4.800400049984038    -13.15782248140774    0.2000
1.4864571950099181    -14.799599951131164    0.2000
1.2984000010849046    -14.799599950855903    0.2000
1.5116625976767493    -14.280725404906184    0.2000
4.800400047680996    -12.651435074462388    0.2000
4.8004000453779545    -12.14504766751703    0.2000
1.5273816837097325    -13.766550523582401    0.2000
1.0886259577122486    -13.477529345747644    0.2000
4.800400043074912    -11.638660260571676    0.2000
1111    1111    1111
1.2749038181999772    13.160903744657102    0.2000
4.8003999880033446    11.429805146660883    0.2000
4.800399995565713    11.906731898812367    0.2000
1.4958024174480737    13.529364277034524    0.2000
1.7096498773769575    13.90128707877826    0.2000
4.800400003128082    12.383658650963852    0.2000
4.80040001069045    12.860585403115337    0.2000
1.546073499345205    14.458533547113998    0.2000
1.2447000391330816    14.800399918956657    0.2000
1.8211328500905974    14.800399921827475    0.2000
4.800400018252819    13.337512155266824    0.2000
4.800400025815187    13.814438907418307    0.2000
2.792425551713855    14.800399926664822    0.2000
3.7637182533371125    14.800399931502167    0.2000
4.800400033377556    14.291365659569792    0.2000
4.800400040939924    14.768292411721278    0.2000
4.736378968074895    14.799728210865842    0.2000
1111    1111    1111
0.8106525650198897    12.832719670770276    0.2000
2.811929903434628    11.850047097075612    0.2000
1111    1111    1111
2.9129203393461895    11.110566806672088    0.2000
4.800399981368648    10.183771483495288    0.2000
4.800399993577607    10.806787196663956    0.2000
3.2032551995395653    11.591021523008555    0.2000
1111    1111    1111
3.3282291403563224    9.636196854145734    0.2000
4.80040000473372    8.913327562395308    0.2000
4.800399992426183    9.548548409204042    0.2000
3.8183301915866195    10.030766960433558    0.2000
1111    1111    1111
2.642522216836841    5.330949313427489    0.2000
2.6426183788239923    5.330902095710288    0.2000
3.409210371186379    5.418672307077903    0.2000
2.4897315744130943    5.870157255385267    0.2000
2.921240417272315    6.122472035262299    0.2000
4.1760274382021665    5.506343142166191    0.2000
4.800399970625099    5.577699980060038    0.2000
4.800399972381857    5.663957474342024    0.2000
3.1335040241221797    6.482441199768634    0.2000
3.309810829507364    6.860065969502137    0.2000
4.800399981835868    6.1281528805345316    0.2000
4.800399991289878    6.592348286727041    0.2000
3.4861176348925484    7.237690739235641    0.2000
3.5682000629650266    7.413499936914183    0.2000
3.5713999865191615    7.420699937146662    0.2000
3.5738000263591476    7.4265999022666    0.2000
3.576000016262634    7.4325999903255    0.2000
3.5779000529713927    7.43859997363759    0.2000
3.5797000454400894    7.444599951417769    0.2000
3.581300028127566    7.450799962538709    0.2000
3.5827000617050953    7.456899964042952    0.2000
3.5839000012705897    7.4630999987234325    0.2000
3.5849000263495046    7.469399978429078    0.2000
3.5857000125557446    7.4755999925935654    0.2000
3.586300084275404    7.481899951783217    0.2000
3.586800021992275    7.488199949516489    0.2000
3.58700004505804    7.494599976505743    0.2000
3.5869999851755954    7.500899948191107    0.2000
3.586800060414018    7.507199910424304    0.2000
3.586400001485127    7.513499995431939    0.2000
3.5858000336015685    7.5197999812246765    0.2000
3.5850000670006144    7.526099911878053    0.2000
3.58399997176426    7.532299921065807    0.2000
3.5829000503569204    7.538599970573364    0.2000
3.5815000072932235    7.544699915005061    0.2000
3.579900004055754    7.550899938300185    0.2000
3.578200011717584    7.556899957346003    0.2000
3.5761999764219583    7.562899915720546    0.2000
3.5741000307245345    7.568899914250369    0.2000
3.5717000019143748    7.574799941707118    0.2000
3.569200068234329    7.580599965079085    0.2000
3.566500051606075    7.586299933147168    0.2000
3.5635999961051463    7.59189993567409    0.2000
3.560600030202419    7.597499978356291    0.2000
3.5573000764815963    7.602899961649823    0.2000
3.553899994289899    7.608199939246918    0.2000
3.5504000016964015    7.61349995699929    0.2000
3.5466000212848106    7.618599915362995    0.2000
3.5428000007179397    7.623599963324901    0.2000
3.538699992332973    7.628399951898137    0.2000
3.5345000790781214    7.633099936386593    0.2000
3.530200037352394    7.637699915178609    0.2000
3.5257000465167194    7.642199884353931    0.2000
3.4403252462980825    7.724371251706114    0.2000
4.800400000743889    7.0565436929195435    0.2000
4.800400010197899    7.520739099112053    0.2000
3.2011335075583744    8.30601523251259    0.2000
3.669930247072357    8.540020809227196    0.2000
4.80040001965191    7.984934505304558    0.2000
4.800400029105921    8.449129911497067    0.2000
3.8593613755754608    8.911201238574323    0.2000
1111    1111    1111
-2.2297808644805865    5.187125279669985    0.2000
-2.229603978668579    5.187209180717938    0.2000
-2.3900322581043705    5.557395023936043    0.2000
-4.2689549179197925    4.66617837748848    0.2000
-4.543653141903979    4.982174400532966    0.2000
-2.55046451620874    5.927590047872085    0.2000
-2.71089677431311    6.2977850718081285    0.2000
-4.799599999999998    5.307064631828049    0.2000
-4.7996    5.753356401046749    0.2000
-2.5105477763519564    6.839107022896906    0.2000
-2.346099999999999    7.148299999999999    0.2000
-2.861915139751752    7.118737092846382    0.2000
-4.7996    6.199648170265449    0.2000
-4.799599999999999    6.645939939484148    0.2000
-3.3619085217723006    7.327870391043127    0.2000
-3.3615999999999993    7.330299999999999    0.2000
-3.360599999999999    7.336499999999998    0.2000
-3.3594000000000004    7.342700000000001    0.2000
-3.358    7.3489    0.2000
-3.3563999999999994    7.3549999999999995    0.2000
-3.3546    7.3611    0.2000
-3.3525999999999994    7.367099999999999    0.2000
-3.3506999999999993    7.372499999999999    0.2000
-3.163305084031833    7.868364382387034    0.2000
-4.7996    7.0922317087028475    0.2000
-4.799599999999999    7.538523477921546    0.2000
-3.1208728633972527    8.334782739135944    0.2000
-3.439025829356062    8.630167169035522    0.2000
-4.7996    7.984815247140248    0.2000
-4.7996    8.431107016358947    0.2000
-3.745496207901821    8.931092921416734    0.2000
-3.7454999999999994    8.931100000000002    0.2000
-3.7482999999999995    8.9368    0.2000
-3.7509000000000006    8.9425    0.2000
-3.753399999999999    8.9484    0.2000
-3.7555999999999994    8.954299999999998    0.2000
-3.7576999999999994    8.9603    0.2000
-3.7595    8.966299999999999    0.2000
-3.761199999999999    8.9724    0.2000
-3.7626999999999997    8.9785    0.2000
-3.764    8.984699999999998    0.2000
-3.765099999999999    8.991    0.2000
-3.766000000000001    8.9972    0.2000
-3.7667000000000006    9.0035    0.2000
-3.767199999999999    9.009799999999998    0.2000
-3.7675    9.016100000000002    0.2000
-3.767599999999999    9.0224    0.2000
-3.7675    9.0288    0.2000
-3.767199999999999    9.035099999999998    0.2000
-3.7667    9.0414    0.2000
-3.7659999999999996    9.047699999999999    0.2000
-3.765099999999999    9.0539    0.2000
-3.7639999999999993    9.0602    0.2000
-3.762699999999999    9.066399999999998    0.2000
-3.7611999999999997    9.0725    0.2000
-3.7596    9.0786    0.2000
-3.7577    9.0846    0.2000
-3.7555999999999994    9.090599999999998    0.2000
-3.7533999999999996    9.0965    0.2000
-3.751    9.1024    0.2000
-3.7482999999999995    9.1081    0.2000
-3.7441999999999998    9.1164    0.2000
-3.5581856850018103    9.466230421028447    0.2000
-4.799599999999999    8.877398785577647    0.2000
-4.7996    9.323690554796347    0.2000
-3.2408431293487836    10.063045133140376    0.2000
-3.0755    10.373999999999999    0.2000
-3.015319471126903    10.616308010150622    0.2000
-4.7996    9.769982324015048    0.2000
-4.7996    10.216274093233746    0.2000
-2.8896752940567048    11.122195730032434    0.2000
-2.7871    11.535199999999998    0.2000
-2.7855000000000003    11.541300000000001    0.2000
-2.7837000000000005    11.5474    0.2000
-2.7816999999999985    11.553399999999998    0.2000
-2.7794999999999996    11.5593    0.2000
-2.7770999999999995    11.5652    0.2000
-2.7744999999999993    11.570999999999996    0.2000
-2.7717999999999994    11.5767    0.2000
-2.7689000000000004    11.5823    0.2000
-2.765799999999999    11.587799999999998    0.2000
-2.7624999999999997    11.593199999999998    0.2000
-2.7589999999999995    11.598499999999998    0.2000
-2.7554000000000003    11.6037    0.2000
-2.7516999999999996    11.608799999999999    0.2000
-2.7477000000000005    11.613699999999998    0.2000
-2.7436    11.6185    0.2000
-2.7393999999999994    11.623199999999999    0.2000
-2.735    11.6278    0.2000
-2.7305000000000006    11.6322    0.2000
-2.7257999999999996    11.636499999999998    0.2000
-2.7210999999999994    11.6406    0.2000
-2.7147000000000006    11.6457    0.2000
-2.6949381827465695    11.66085583297369    0.2000
-4.7996    10.662565862452446    0.2000
-4.799599999999999    11.108857631671146    0.2000
-1.2476345442724917    12.793637324552188    0.2000
-1.128800000000001    12.8902    0.2000
-1.676762127804924    13.036383916487493    0.2000
-4.7996    11.555149400889846    0.2000
-4.7996    12.001441170108546    0.2000
-1.8292418439846192    13.410351015717758    0.2000
-1.617264447336221    13.957188586317248    0.2000
-4.7996    12.447732939327244    0.2000
-4.7996    12.894024708545945    0.2000
-1.4052870506878232    14.50402615691674    0.2000
-1.2904000000000009    14.800399999999998    0.2000
-1.7213540694662797    14.8004    0.2000
-4.7996    13.340316477764647    0.2000
-4.7996    13.786608246983345    0.2000
-2.6622562860222927    14.800399999999998    0.2000
-3.6031585025783066    14.8004    0.2000
-4.7996    14.232900016202045    0.2000
-4.7996    14.677599999999998    0.2000
-4.723211668027382    14.71542454502515    0.2000
-4.544060719134325    14.8004    0.2000
1111    1111    1111
-2.69910051521888    7.965233210710116    0.2000
2.5890108803313696    7.988510358262175    0.2000
2.4791999074235878    8.09419992216691    0.2000
2.4746999558149847    8.098699958119015    0.2000
2.470399966051953    8.103299975220919    0.2000
2.4661999373425676    8.107999933294172    0.2000
2.4620999692456853    8.11279993277798    0.2000
2.458299923607846    8.117799954381967    0.2000
2.4544999377905845    8.122899977218054    0.2000
2.450999974871572    8.128199922615465    0.2000
2.4475999127454533    8.133499907751155    0.2000
2.4442999112318375    8.138899934297399    0.2000
2.441299932176297    8.144499983403996    0.2000
2.4383999543528554    8.150099972690018    0.2000
2.4356999383749853    8.15579994312584    0.2000
2.4331999838015443    8.16159999515067    0.2000
2.4307999902817485    8.167499988146847    0.2000
2.4286999598396255    8.17349990247225    0.2000
2.426699929749252    8.179499956975135    0.2000
2.4249999029150047    8.18549993201532    0.2000
2.423399996513837    8.191699949698158    0.2000
2.421999932317086    8.197799946066597    0.2000
2.4208999905774404    8.204099965435566    0.2000
2.419899990249318    8.210299923751856    0.2000
2.4190999513265923    8.216599963216982    0.2000
2.4184999144278914    8.222899983039982    0.2000
2.4180999795522466    8.229199983661033    0.2000
2.4178999467015965    8.235499964199784    0.2000
2.417899915874971    8.241799925096414    0.2000
2.418099946452775    8.24819996758205    0.2000
2.418599920466126    8.254499929372885    0.2000
2.4191999952704326    8.260799931782348    0.2000
2.4199999122791565    8.26699991287741    0.2000
2.4209999906913393    8.273299976001658    0.2000
2.4221999117481134    8.279499917812473    0.2000
2.4235999745662236    8.285599939628447    0.2000
2.4251999992299047    8.291799942594222    0.2000
2.426999906276456    8.29779992345367    0.2000
2.428899914113964    8.303799944931752    0.2000
2.4310999247674223    8.309799986946159    0.2000
2.433499978063534    8.315699908527488    0.2000
2.435999912070242    8.321399967822101    0.2000
2.438699908361727    8.327199908707659    0.2000
2.4415999865939693    8.332799928366274    0.2000
2.444699907030629    8.33829992671049    0.2000
2.4478999684366984    8.343699964881411    0.2000
2.4513999330998613    8.349099923149454    0.2000
2.4548999776797573    8.354299979832676    0.2000
2.4586999656952013    8.359399955821099    0.2000
2.462599934860446    8.364299969963948    0.2000
2.4666999060497163    8.369199964464675    0.2000
2.4708999583878195    8.373899997560008    0.2000
2.4751999521374444    8.378499969602657    0.2000
2.479699928268971    8.382899919979163    0.2000
2.484399946162802    8.387199949920646    0.2000
2.487104329603361    8.389566287964616    0.2000
-2.5996010550268505    8.36717568706095    0.2000
-2.601399916956991    8.371999904552634    0.2000
-2.603899911708887    8.377899957369387    0.2000
-2.606499926894831    8.383599967983665    0.2000
-2.6092999441048006    8.389299998240064    0.2000
-2.612299922720167    8.39489994734763    0.2000
-2.6153999623882114    8.400399955043676    0.2000
-2.618799924515298    8.405699940619542    0.2000
-2.6222999878735167    8.410999985575808    0.2000
-2.6258999118461754    8.416199990001871    0.2000
-2.62969995704384    8.421199911606829    0.2000
-2.633699964527251    8.426099952061014    0.2000
-2.6377999326241337    8.43089995154482    0.2000
-2.6420999625656187    8.43559996943865    0.2000
-2.6464999129421223    8.440099945570177    0.2000
-2.6510999251632277    8.44449994011173    0.2000
-2.99838670306954    8.766924817788025    0.2000
3.1713933878996268    8.794082884401769    0.2000
2.422499955091536    9.115499937469387    0.2000
2.4166999543854    9.118099932528773    0.2000
2.4110999753454134    9.120899909970058    0.2000
2.4054999556867984    9.123799988202302    0.2000
2.3999999573425823    9.126899908638961    0.2000
2.3945999789922405    9.130199971277131    0.2000
2.3892999215170914    9.133699975678573    0.2000
2.3840999250946195    9.137299921491538    0.2000
2.3789999491061975    9.141099909506982    0.2000
2.37409999434375    9.145099979903359    0.2000
2.369299900635917    9.149199990830907    0.2000
2.3645999679797933    9.153399943610154    0.2000
2.359999955758687    9.157799938151705    0.2000
2.35559996520373    9.162399915075158    0.2000
2.351399976232624    9.166999972355516    0.2000
2.34729990813671    9.17179997139915    0.2000
2.3432999609140515    9.176799913086402    0.2000
2.339499915276212    9.18179993469039    0.2000
2.3358999913035534    9.186999939116454    0.2000
2.3326670497114574    9.191895489289527    0.2000
-3.2641093560518035    9.167259663667082    0.2000
-3.050128226121205    9.569706064107098    0.2000
2.5735124377521283    9.594460140510046    0.2000
3.1481526232135617    9.998494085807504    0.2000
-2.8361470961906057    9.972152464547117    0.2000
-2.7107999420350564    10.207899939156968    0.2000
-2.7085999081626504    10.212099963835497    0.2000
-2.7058999716917436    10.217799903488956    0.2000
-2.7032999766323584    10.223599904195092    0.2000
-2.700899923776421    10.229499925775453    0.2000
-2.6986999729435404    10.235399966557761    0.2000
-2.6966999638739324    10.241399928215264    0.2000
-2.6948999970068037    10.247499910306813    0.2000
-2.6932999321646687    10.253599912480663    0.2000
-2.6632927944784353    10.374417833390565    0.2000
2.2313783140072343    10.395963140039532    0.2000
2.226899939760291    10.398699987221732    0.2000
2.2164999464751727    10.405899978846694    0.2000
2.211499931540397    10.409799907833486    0.2000
2.2065999767779494    10.41379997822986    0.2000
2.201799983069148    10.417899989597585    0.2000
2.197199911027464    10.422199982907035    0.2000
2.1926999598590355    10.426699918860107    0.2000
2.1882999688639044    10.431299995782592    0.2000
2.184099940154519    10.435999953855843    0.2000
2.1800999728495616    10.440799993518104    0.2000
2.1761999264197973    10.44579997494364    0.2000
2.1723999406025354    10.450899997779725    0.2000
2.16879991707102    10.456099901766583    0.2000
2.165399914325304    10.461499988133404    0.2000
2.1621999140437884    10.46689995485907    0.2000
2.159099974374776    10.472399962995288    0.2000
2.1561999965513343    10.477999952281312    0.2000
2.1534999403950117    10.483799923509059    0.2000
2.15099998582157    10.489599975533888    0.2000
2.1485999324811966    10.495399967297967    0.2000
2.1464999015988986    10.501399981622399    0.2000
2.1444999719477313    10.507399936566427    0.2000
2.142699943881384    10.513399971427189    0.2000
2.141099937481185    10.519599988669853    0.2000
2.1396999732834656    10.525699985478465    0.2000
2.138499930752863    10.531999964228808    0.2000
2.1374999304247404    10.538199922545099    0.2000
2.136699991501046    10.5444999624504    0.2000
2.1360999546023454    10.550799982273398    0.2000
2.1356999197276694    10.557099982454275    0.2000
2.1354999868760505    10.563399963433202    0.2000
2.135499956049425    10.56969992432983    0.2000
2.1356999268066508    10.575999965583367    0.2000
2.1360999594084795    10.582399988426879    0.2000
2.1366999342137554    10.588699990396165    0.2000
2.1374999512215105    10.594899971931406    0.2000
2.138499930074837    10.601199934616446    0.2000
2.139699950690468    10.607399976866468    0.2000
2.1410999733301237    10.613599999474367    0.2000
2.1425999373813016    10.619699961029587    0.2000
2.1443999444268846    10.625699942329213    0.2000
2.1463999133180383    10.631799904778639    0.2000
2.1484999633580255    10.63769990582267    0.2000
2.1508999162149314    10.643599926962853    0.2000
2.1533999100422165    10.649399987489566    0.2000
2.156099946512155    10.6550999275832    0.2000
2.158999924745367    10.660699946801639    0.2000
2.161999904210678    10.666299906199502    0.2000
2.1660999521800326    10.672999918476282    0.2000
2.2442434672604246    10.797524270500528    0.2000
-2.5634633426393356    10.776361762294812    0.2000
-2.4636338908002364    11.178305691199059    0.2000
2.496899907902133    11.200140911475723    0.2000
2.65789996812137    11.456699989398443    0.2000
1.7336999605276318    11.499399909575224    0.2000
1.7273999384760452    11.499799982355507    0.2000
1.721099936506757    11.500399957160784    0.2000
1.7147999541795929    11.501199933990085    0.2000
1.7084999914945527    11.50219991284341    0.2000
1.7022999492445303    11.503399933459043    0.2000
1.6961999676070112    11.504699995485225    0.2000
1.689999965081411    11.506299920149877    0.2000
1.683999983781786    11.508099927195458    0.2000
1.677899961071607    11.509999994853544    0.2000
1.6719999202892981    11.512199945686424    0.2000
1.6660999388873923    11.514499997750436    0.2000
1.6602999783597103    11.516999992017897    0.2000
1.654599938707221    11.51969992804863    0.2000
1.648999919488781    11.52259990628184    0.2000
1.6433999194722901    11.525699986538108    0.2000
1.6379999817405768    11.528899948385321    0.2000
1.6326999644438813    11.532299951994839    0.2000
1.6280999745475166    11.535399934040488    0.2000
1.5396262401231393    11.597431696099802    0.2000
-2.1415661580593985    11.581227865996654    0.2000
-1.615047161357132    11.985049992002244    0.2000
0.970547147024544    11.9964312311109    0.2000
0.4014680539259513    12.395430766121999    0.2000
-1.1117188044087465    12.388770037718105    0.2000
-0.614834522022354    12.792461717981123    0.2000
0.11109104320663704    12.795657088734444    0.2000
0.11249992596318417    12.798799987392401    0.2000
0.1151999624331227    12.804499927486034    0.2000
0.11809994066633427    12.810099946704476    0.2000
0.12119996110202477    12.815599945488866    0.2000
0.12449992374116292    12.820999923399032    0.2000
0.12789992735068    12.826299940695728    0.2000
0.13149997316267603    12.831499937558373    0.2000
0.1352999611781197    12.836599913546795    0.2000
0.13919993034336475    12.841499927689647    0.2000
0.14329990153263505    12.846399922190374    0.2000
0.14749995387073794    12.851099955285703    0.2000
0.15189994841228854    12.85569996750681    0.2000
0.15639992454381513    12.860099917883314    0.2000
0.16109994243764597    12.864399947824797    0.2000
0.16589994192145283    12.86849991592168    0.2000
0.17079998237563865    12.872499923405092    0.2000
0.1757999039805947    12.876299968602757    0.2000
0.1793999346214959    12.878799939241498    0.2000
0.637136583468725    13.199477130684956    0.2000
-0.7142761884381539    13.193528497582808    0.2000
-1.412099917752391    13.379699914057136    0.2000
-1.3296663022846802    13.592324181278645    0.2000
1.076621841687928    13.60291615258756    0.2000
1.3081046098394127    14.005439591536186    0.2000
-1.1737384427104465    13.994515043504942    0.2000
-1.017810583136213    14.396705905731242    0.2000
1.0592159766172349    14.405848537208637    0.2000
0.7113999935947964    14.800399984201267    0.2000
-0.5203859795021328    14.800399964374078    0.2000
-0.8618827235619785    14.798896767957544    0.2000
1111    1111    1111
-1.8445637847317928    5.3046455891079365    0.2000
1.9111743983431206    5.321177553984453    0.2000
1.6353999084789328    5.4960999593869255    0.2000
1.630099951002815    5.499599964228542    0.2000
1.6248999545803433    5.503199910041507    0.2000
1.6198999793838464    5.506999938235404    0.2000
1.614899923830442    5.510999968013152    0.2000
1.6100999301216405    5.515099979380875    0.2000
1.6053999974655164    5.519299932160123    0.2000
1.6008999458578819    5.523799967672052    0.2000
1.5964999954813788    5.528299943803579    0.2000
1.5922999667719933    5.532999901876832    0.2000
1.5881999986751107    5.537799901360639    0.2000
1.5841999911917002    5.542699941814824    0.2000
1.5803999053754072    5.547799964210737    0.2000
1.5767999814027485    5.5529999686368    0.2000
1.5732999184847045    5.558299913594037    0.2000
1.5700999177630142    5.563699980318734    0.2000
1.566899977302076    5.569199948276499    0.2000
1.563999999478635    5.57479993756252    0.2000
1.5611999822686653    5.580499967818921    0.2000
1.5586999281363672    5.586299919404544    0.2000
1.5562999747950255    5.592099911608796    0.2000
1.553999982067156    5.597999944783426    0.2000
1.5519999519767826    5.603999999286313    0.2000
1.5501999841711873    5.610099935380143    0.2000
1.5484999171584857    5.616199911212254    0.2000
1.5470999529607659    5.622299908020868    0.2000
1.5458999501684432    5.628499985978315    0.2000
1.5447999088699411    5.6347999049080775    0.2000
1.5438999093337435    5.640999903402823    0.2000
1.5432999724340741    5.647299923665998    0.2000
1.5427999363272988    5.653599983667452    0.2000
1.542599963297226    5.659999965438304    0.2000
1.542499931238501    5.666299986155511    0.2000
1.5425999012038014    5.672599987230592    0.2000
1.542999974424258    5.678899909283148    0.2000
1.543499947997434    5.685199971073013    0.2000
1.5442999248267355    5.691499953400179    0.2000
1.545199902447962    5.697799975905797    0.2000
1.5462999222716673    5.7039999779773645    0.2000
1.5476999453514981    5.710199900586232    0.2000
1.5491999089625017    5.716299962140484    0.2000
1.5508999750367367    5.722399904493756    0.2000
1.5527999828742445    5.728399925971835    0.2000
1.5548999927357778    5.73439992780779    0.2000
1.5571999448007585    5.7402999087695195    0.2000
1.5596999386280437    5.746099969296234    0.2000
1.562299973865882    5.7517999692104445    0.2000
1.56519991192064    5.757499989220809    0.2000
1.5681999315644053    5.762999947826746    0.2000
1.5686232742075348    5.763727568322434    0.2000
-2.036655407880915    5.74785789433639    0.2000
-2.228747031030037    6.19107019956484    0.2000
2.2797863936867944    6.210915809825402    0.2000
2.672599907958494    6.44059990017382    0.2000
2.7736983507756827    6.657147757675579    0.2000
-2.1657968155481946    6.635405145007481    0.2000
-1.9290372889819634    7.080505162264503    0.2000
2.981439982549032    7.1021200442990695    0.2000
3.145299919678464    7.4530999142849454    0.2000
3.0482866041737595    7.546472140897185    0.2000
-1.8780397353166476    7.524787494618666    0.2000
1111    1111    1111
-3.008784637679485    4.432544536195472    0.2000
14.800399995386002    4.510936799042765    0.2000
14.800399994842433    4.552599902661267    0.2000
14.67729994947642    4.800399948175278    0.2000
5.201499950321242    4.80039998546382    0.2000
5.19519994924616    4.80049995542912    0.2000
5.188899967813201    4.8007999274184465    0.2000
5.182599906023336    4.801299900991622    0.2000
5.176299963434451    4.8019999770280295    0.2000
5.169999940928833    4.802899954649256    0.2000
5.163799938857264    4.803999974472962    0.2000
5.15759995642782    4.805299996320692    0.2000
5.151399994080673    4.806799920193416    0.2000
5.145299991906825    4.808399985035552    0.2000
5.139299970428746    4.81029999287306    0.2000
5.133299969032965    4.812399902735562    0.2000
5.127399927810481    4.814599953567473    0.2000
5.1215999672828    4.817099947834933    0.2000
5.115799966576664    4.819699942894319    0.2000
5.1100999863045775    4.8224999801561825    0.2000
5.104599927699609    4.8254999993597725    0.2000
5.099099929355393    4.8285999197964315    0.2000
5.093699951005051    4.831899982434602    0.2000
5.088399993528933    4.835399987276218    0.2000
5.083299957719934    4.839099974059562    0.2000
5.078199981731511    4.842899962075006    0.2000
5.073299927410207    4.8468999320321755    0.2000
5.068499933701405    4.8509999433999    0.2000
5.063899961658753    4.855299937149526    0.2000
5.059299949437647    4.859699931691076    0.2000
5.054999959674615    4.864299948792981    0.2000
5.05069992973313    4.868999966686812    0.2000
5.046699962868347    4.873799906350041    0.2000
5.042699915206482    4.878799947596153    0.2000
5.038999930621321    4.883899910611662    0.2000
5.035399946828084    4.888999913805625    0.2000
5.031899943290445    4.894399959993993    0.2000
5.028699943008928    4.899799926719659    0.2000
5.02779395619104    4.901407304367843    0.2000
-1.9483383140469261    4.870699846061715    0.2000
1111    1111    1111
-14.799599945596837    4.380643861804909    0.2000
-4.5897083324714005    4.4255856445686454    0.2000
1111    1111    1111
-14.7995999215668    -3.3497023275952853    0.2000
14.800399924025871    -3.219409390777317    0.2000
14.8003999287649    -2.8125491702571623    0.2000
-14.799599922090877    -2.942842107098298    0.2000
-14.79959992261496    -2.53598188660131    0.2000
14.800399933503927    -2.4056889497370073    0.2000
14.800399938242956    -1.9988287292168532    0.2000
-14.799599923139036    -2.1291216661043233    0.2000
-14.799599923663116    -1.7222614456073355    0.2000
14.800399942981983    -1.5919685086966984    0.2000
14.800399947721013    -1.1851082881765438    0.2000
-14.799599924187195    -1.315401225110348    0.2000
-14.799599924711274    -0.9085410046133603    0.2000
14.80039995246004    -0.7782480676563891    0.2000
14.800399957199067    -0.3713878471362343    0.2000
-14.799599925235352    -0.5016807841163726    0.2000
-14.79959992575943    -0.09482056361938505    0.2000
14.800399961938096    0.03547237338392037    0.2000
14.800399966677123    0.4423325939040751    0.2000
-14.79959992628351    0.3120396568776026    0.2000
-14.799599926807588    0.7188998773745903    0.2000
14.80039997141615    0.8491928144242298    0.2000
14.800399976155179    1.2560530349443844    0.2000
-14.799599927331668    1.1257600978715778    0.2000
-14.799599927855747    1.5326203183685654    0.2000
14.800399980894207    1.6629132554645392    0.2000
14.800399985633236    2.0697734759846935    0.2000
-14.799599928379825    1.9394805388655527    0.2000
-14.799599928903904    2.3463407593625405    0.2000
14.800399990372263    2.4766336965048485    0.2000
14.800399995111292    2.883493917025003    0.2000
-14.799599929427984    2.753200979859528    0.2000
-14.79959992995206    3.1600612003565156    0.2000
14.800399999850319    3.2903541375451577    0.2000
14.80040000458935    3.6972143580653123    0.2000
-14.79959993047614    3.566921420853503    0.2000
-14.79959993100022    3.9737816413504907    0.2000
14.800400009328374    4.104074578585467    0.2000
1111    1111    1111
5.381121335902656    -4.441055595584801    0.2000
14.800399924136475    -4.399593924085829    0.2000
14.800399927187398    -3.809502657427587    0.2000
5.132609047792972    -3.8520582274542483    0.2000
1111    1111    1111
3.114992195125263    -3.976182616416064    0.2000
4.304935736042488    -3.9709447367065223    0.2000
1111    1111    1111
-13.209976303119264    -4.799599954748639    0.2000
-3.770838044588885    -4.758050865182752    0.2000
-3.4015006899530422    -4.342368542353768    0.2000
-14.799599920477801    -4.392540563658992    0.2000
-14.799599954673802    -3.9784839858745564    0.2000
-3.003918791953018    -3.9265618930206228    0.2000
1111    1111    1111
-2.9387916633949094    -11.160758636234435    0.2000
2.727463140518323    -11.135816981402952    0.2000
2.8424999706159255    -10.902499958208573    0.2000
2.7546740075163507    -10.733142468239791    0.2000
-3.022543201622242    -10.758572556102648    0.2000
-3.051093619406358    -10.356143492317623    0.2000
2.5463912963691975    -10.331504547984004    0.2000
2.397399940208941    -10.044199960413044    0.2000
2.394599922998971    -10.038499930156647    0.2000
2.3919999078130267    -10.032799919542368    0.2000
2.3894999135013064    -10.026899966724647    0.2000
2.3872999220055364    -10.020999993370593    0.2000
2.385199931301692    -10.015099979838086    0.2000
2.383299962263996    -10.008999983923678    0.2000
2.381599994810151    -10.00289990765236    0.2000
2.380099929821475    -9.996799951462377    0.2000
2.3786999254453014    -9.990599953861835    0.2000
2.3775999238850787    -9.984399935724966    0.2000
2.3766999841694587    -9.978099935998122    0.2000
2.3759999464788324    -9.971799956353575    0.2000
2.375499910812232    -9.965499996351152    0.2000
2.375099975936587    -9.959199995730103    0.2000
2.374999943877863    -9.952899975012896    0.2000
2.375099913843163    -9.946599973937813    0.2000
2.3753999858315193    -9.940299992064679    0.2000
2.3757999586127707    -9.933999970453266    0.2000
2.3762778671797875    -9.929698614624558    0.2000
-3.079644037190474    -9.953714428532601    0.2000
-3.1081944549745897    -9.55128536474758    0.2000
2.6465222400085415    -9.525954319387578    0.2000
2.9519092600069747    -9.122055333652922    0.2000
-3.1932190255534656    -9.149104888234863    0.2000
-3.4511779974877412    -8.747685632369008    0.2000
2.933546631330398    -8.71958142537569    0.2000
2.8478325427539284    -8.31740398397532    0.2000
-3.452078473481916    -8.345134859390154    0.2000
-2.8869999011437604    -7.989299937827935    0.2000
-2.884199996905735    -7.987499995923904    0.2000
-2.8789999527413928    -7.983999972744139    0.2000
-2.873799988933958    -7.980299947980525    0.2000
-2.868799907509393    -7.976399901110585    0.2000
-2.8639999678461634    -7.972399934245802    0.2000
-2.8591999085417794    -7.96819996491682    0.2000
-2.854599991438905    -7.9638999755939635    0.2000
-2.850099955926975    -7.959399923986329    0.2000
-2.84579996217735    -7.954799951943676    0.2000
-2.8415999098392475    -7.9500999188483465    0.2000
-2.837599939441902    -7.945199964526073    0.2000
-2.83369991045608    -7.940199949151123    0.2000
-2.8334511475454174    -7.9398570561013315    0.2000
1.5439875920670778    -7.9205884969087625    0.2000
1.5434999529795208    -7.916199995594288    0.2000
1.5430999181048453    -7.909899995413411    0.2000
1.5428999848130518    -7.9035999144354525    0.2000
1.5428999539864268    -7.897299953538824    0.2000
1.5430999247436525    -7.890999912285287    0.2000
1.5435999166107153    -7.883499938790477    0.2000
1.5742080930341662    -7.51790073597362    0.2000
-2.7621330152461163    -7.536988392088133    0.2000
-2.7190461439693516    -7.134243996113039    0.2000
1.6079226325890166    -7.115197595019851    0.2000
1.6416371721438665    -6.712494454066084    0.2000
-2.675959272692587    -6.731499600137945    0.2000
-2.6328724014158227    -6.328755204162852    0.2000
1.5730956922772632    -6.310241422475399    0.2000
1.4610489277998409    -5.908179891943113    0.2000
-2.6447281759480847    -5.926252654090338    0.2000
-2.6598436895723916    -5.5237644526996394    0.2000
1.3547710454671262    -5.506092968012153    0.2000
1.3545999287532404    -5.502499902205251    0.2000
1.354599957747193    -5.4960999400765225    0.2000
1.3547999289445931    -5.489799998822018    0.2000
1.355199901725844    -5.483499977210606    0.2000
1.3557999765301512    -5.4771999748011435    0.2000
1.3564999521273526    -5.470899932653401    0.2000
1.357499971159133    -5.464699970760286    0.2000
1.3586999917747635    -5.458499928510264    0.2000
1.3600999144153885    -5.45229990634254    0.2000
1.361599978465598    -5.4461999443471445    0.2000
1.363399945332727    -5.440099962255594    0.2000
1.3652999531702348    -5.434099940777515    0.2000
1.3674999642638677    -5.428099998762138    0.2000
1.3692999931940173    -5.423399929959384    0.2000
1.4996266115638919    -5.102900607773769    0.2000
-2.677949295043097    -5.121289413060634    0.2000
-2.6984224464363367    -4.718824794857874    0.2000
1.6636134541795509    -4.699624035703772    0.2000
1.7871999677919566    -4.395699984427881    0.2000
1.789699921440788    -4.389799923109242    0.2000
1.7923999579107264    -4.38409998301561    0.2000
1.7951999349118384    -4.378499903976594    0.2000
1.7981999143771499    -4.372899944578729    0.2000
1.8013999356047656    -4.367399905615885    0.2000
1.8047999396544572    -4.362099988318222    0.2000
1.8082999440558998    -4.356799930843072    0.2000
1.811999931279418    -4.351699995033104    0.2000
1.8157999590331408    -4.346699919837575    0.2000
1.8197999294304859    -4.341799965515302    0.2000
1.8239999415901351    -4.336999931628047    0.2000
1.8282999353397602    -4.332399959585394    0.2000
1.8327999708516898    -4.32789990797776    0.2000
1.8373999879535954    -4.323599918214729    0.2000
1.8420999464670231    -4.319399989504374    0.2000
1.8469999467427554    -4.315299981229038    0.2000
1.8518999273763637    -4.311399974977728    0.2000
1.8569999903909042    -4.307699989952392    0.2000
1.8622999951687185    -4.304099925802248    0.2000
1.870199962875316    -4.2990999037138256    0.2000
1.8751750452584233    -4.29613804965648    0.2000
-2.7188955978295763    -4.316360176655114    0.2000
-2.72979998468396    -4.101999924645561    0.2000
-2.730099915644887    -4.097199998365015    0.2000
-2.730599951751662    -4.090899938363562    0.2000
-2.7313999902342134    -4.084599998897469    0.2000
-2.732399991002511    -4.078399940582145    0.2000
-2.733499992562734    -4.072199922445276    0.2000
-2.7348999969389074    -4.0659999248447365    0.2000
-2.7364999631606524    -4.059899908393999    0.2000
-2.7381999301743227    -4.053799932121715    0.2000
-2.740199959824521    -4.04779997761786    0.2000
-2.7422999907068197    -4.041799963293427    0.2000
-2.7445999834346892    -4.035899930118796    0.2000
-2.7470999375679566    -4.030099978092998    0.2000
-2.7497999539860007    -4.024399907658144    0.2000
-2.752699931809442    -4.018799918372123    0.2000
-2.755699910424808    -4.013199969264556    0.2000
-2.7588999111464987    -4.007799902539859    0.2000
-2.76229991345204    -4.002399916172069    0.2000
-2.7658999374237294    -3.9971999121861805    0.2000
-2.7695999220088914    -3.9920999491706715    0.2000
-2.7734999684386556    -3.987099967745137    0.2000
-2.7774999759220664    -3.9821999272909516    0.2000
-2.7816999046324207    -3.977499968777524    0.2000
-2.7859999943944835    -3.9728999521157933    0.2000
-2.790499946003086    -3.9683999161636887    0.2000
-2.795099918045739    -3.9640999224140634    0.2000
-2.799899951932994    -3.959899910254414    0.2000
-2.8046999054633424    -3.955899899678615    0.2000
-2.8096999203981183    -3.951999970691824    0.2000
-2.814899957439218    -3.948299924087902    0.2000
-2.820099913683236    -3.9447999790668633    0.2000
-2.8254999322120313    -3.9413999156367687    0.2000
-2.830899969942776    -3.9381999542297303    0.2000
-2.8364999293406385    -3.935199974764419    0.2000
-2.842099948559079    -3.9322999965312073    0.2000
-2.847799988651743    -3.9295999605014433    0.2000
-2.8536999504115244    -3.9270999064134062    0.2000
-2.8594999305813307    -3.9247999141699714    0.2000
-2.8654999324172854    -3.9226999043084385    0.2000
-2.87149995345519    -3.920799996469962    0.2000
-2.877599935986915    -3.918999929603802    0.2000
-2.8836999975411675    -3.917499965992798    0.2000
-2.889899979970612    -3.9161999441450672    0.2000
-2.8960999222216026    -3.914999923089262    0.2000
-2.8986406869145847    -3.914596639824747    0.2000
2.556390613798809    -3.8905847461655747    0.2000
1111    1111    1111
0.863628127585488    -14.799599903055631    0.2000
0.8659040829947839    -14.799589884781446    0.2000
1.033157181754507    -14.392687370530522    0.2000
-1.0809987031310855    -14.40199343744166    0.2000
-1.446499939892318    -14.007299923952731    0.2000
-1.439203395347884    -13.997393877118094    0.2000
1.1336776155527224    -13.986068599255184    0.2000
0.521151017232397    -13.582588510155137    0.2000
-1.1390509959655484    -13.589896368166592    0.2000
-0.9389999260434195    -13.318299963060033    0.2000
-0.9348999762846847    -13.31259996090338    0.2000
-0.9313999718832422    -13.307299903428232    0.2000
-0.9280999092450728    -13.30189992507789    0.2000
-0.9249999888084136    -13.296399926733676    0.2000
-0.9219999691646484    -13.290899968127736    0.2000
-0.9191999319027846    -13.28519998785565    0.2000
-0.9165999368433997    -13.279399987149514    0.2000
-0.9140999430161146    -13.273599926622802    0.2000
-0.9118999917430591    -13.267699985839522    0.2000
-0.909899983113626    -13.261699924182992    0.2000
-0.907999975276118    -13.255699902704913    0.2000
-0.9062999092018832    -13.249599960351642    0.2000
-0.9047999853291586    -13.243399998004493    0.2000
-0.9034999639216025    -13.237199915576019    0.2000
-0.9024999448898222    -13.230999953682904    0.2000
-0.9015999672685957    -13.224699931177286    0.2000
-0.9008999912312197    -13.218399989028574    0.2000
-0.9003999176590124    -13.212099926798535    0.2000
-0.9000999456696868    -13.205799945365577    0.2000
-0.8999999757043865    -13.199499944290494    0.2000
-0.9000999077640803    -13.193199923133115    0.2000
-0.9003999815851095    -13.186799981980888    0.2000
-0.9007276321571145    -13.182671017548454    0.2000
0.4050677624392444    -13.176923182489912    0.2000
0.5962362979480119    -12.769905397449355    0.2000
-1.458970084349796    -12.778951981122107    0.2000
-1.8280999887611593    -12.579899902093757    0.2000
-2.0326716883454026    -12.375300992611288    0.2000
0.7874048334567795    -12.362887612408798    0.2000
0.9785733689655468    -11.955869827368241    0.2000
-2.4370143777086466    -11.970904521989699    0.2000
-2.5798999444406454    -11.82799995017666    0.2000
-2.7208349580229076    -11.565977538543057    0.2000
1.2496635525991309    -11.548500244141742    0.2000
1111    1111    1111
1.632870405903359    -12.122264056792364    0.2000
2.1430205508633016    -12.12001848378724    0.2000
2.3494998999454375    -11.902399905952592    0.2000
2.4849405134900677    -11.627699969583928    0.2000
1.4669801775671039    -11.632180815611747    0.2000
1111    1111    1111
