23.936    -4.3996    0.0004
24.4004    -4.17865    0.0004
24.4004    -3.4933    0.0004
24.4004    -2.80794    0.0004
24.4004    -2.12258    0.0004
24.4004    -1.43723    0.0004
24.4004    -0.751871    0.0004
24.4004    -0.0665146    0.0004
24.4004    0.618842    0.0004
24.4004    1.3042    0.0004
24.4004    1.98956    0.0004
24.4004    2.67491    0.0004
24.4004    3.36027    0.0004
24.4004    4.04563    0.0004
24.0698    4.4004    0.0004
23.3845    4.4004    0.0004
22.6991    4.4004    0.0004
22.0137    4.4004    0.0004
21.3284    4.4004    0.0004
20.643    4.4004    0.0004
19.9577    4.4004    0.0004
19.2723    4.4004    0.0004
18.587    4.4004    0.0004
17.9016    4.4004    0.0004
17.2163    4.4004    0.0004
16.5309    4.4004    0.0004
15.8455    4.4004    0.0004
15.1602    4.4004    0.0004
14.4751    4.41459    0.0004
13.7923    4.47187    0.0004
13.1142    4.57037    0.0004
12.4446    4.71556    0.0004
11.7849    4.90071    0.0004
11.1396    5.13126    0.0004
10.5088    5.39898    0.0004
9.899    5.71137    0.0004
9.30836    6.05875    0.0004
8.74363    6.44682    0.0004
8.20247    6.86713    0.0004
7.69275    7.32504    0.0004
7.21082    7.81212    0.0004
6.76373    8.33134    0.0004
6.34925    8.87696    0.0004
5.973    9.44958    0.0004
5.63172    10.0438    0.0004
5.33206    10.6599    0.0004
5.07136    11.2936    0.0004
4.85313    11.9431    0.0004
4.6762    12.605    0.0004
4.54325    13.2771    0.0004
4.45402    13.9565    0.0004
4.17945    14.4004    0.0004
3.4941    14.4004    0.0004
2.80874    14.4004    0.0004
2.12338    14.4004    0.0004
1.43803    14.4004    0.0004
0.752671    14.4004    0.0004
0.0673146    14.4004    0.0004
-0.618042    14.4004    0.0004
-1.3034    14.4004    0.0004
-1.98876    14.4004    0.0004
-2.67411    14.4004    0.0004
-3.35947    14.4004    0.0004
-4.04483    14.4004    0.0004
-4.4393    14.0896    0.0004
-4.52209    13.4094    0.0004
-4.64479    12.7353    0.0004
-4.81482    12.0715    0.0004
-5.02398    11.419    0.0004
-5.27748    10.7824    0.0004
-5.56895    10.1623    0.0004
-5.90273    9.56397    0.0004
-6.27219    8.9869    0.0004
-6.67918    8.43572    0.0004
-7.12051    7.91158    0.0004
-7.59526    7.41757    0.0004
-8.10051    6.95472    0.0004
-8.63483    6.52586    0.0004
-9.19611    6.13283    0.0004
-9.78095    5.77588    0.0004
-10.388    5.45814    0.0004
-11.0141    5.17978    0.0004
-11.6573    4.94369    0.0004
-12.3138    4.74744    0.0004
-12.9821    4.59643    0.0004
-13.6584    4.48633    0.0004
-14.3407    4.42343    0.0004
-15.0256    4.4004    0.0004
-15.7109    4.4004    0.0004
-16.3963    4.4004    0.0004
-17.0816    4.4004    0.0004
-17.767    4.4004    0.0004
-18.4523    4.4004    0.0004
-19.1377    4.4004    0.0004
-19.823    4.4004    0.0004
-20.5084    4.4004    0.0004
-21.1938    4.4004    0.0004
-21.8791    4.4004    0.0004
-22.5645    4.4004    0.0004
-23.2498    4.4004    0.0004
-23.9352    4.4004    0.0004
-24.3996    4.17945    0.0004
-24.3996    3.4941    0.0004
-24.3996    2.80874    0.0004
-24.3996    2.12338    0.0004
-24.3996    1.43803    0.0004
-24.3996    0.752671    0.0004
-24.3996    0.0673146    0.0004
-24.3996    -0.618042    0.0004
-24.3996    -1.3034    0.0004
-24.3996    -1.98876    0.0004
-24.3996    -2.67411    0.0004
-24.3996    -3.35947    0.0004
-24.3996    -4.04483    0.0004
-24.069    -4.3996    0.0004
-23.3837    -4.3996    0.0004
-22.6983    -4.3996    0.0004
-22.0129    -4.3996    0.0004
-21.3276    -4.3996    0.0004
-20.6422    -4.3996    0.0004
-19.9569    -4.3996    0.0004
-19.2715    -4.3996    0.0004
-18.5862    -4.3996    0.0004
-17.9008    -4.3996    0.0004
-17.2155    -4.3996    0.0004
-16.5301    -4.3996    0.0004
-15.8447    -4.3996    0.0004
-15.1594    -4.3996    0.0004
-14.4743    -4.41379    0.0004
-13.7915    -4.47107    0.0004
-13.1134    -4.56957    0.0004
-12.4438    -4.71476    0.0004
-11.7841    -4.89991    0.0004
-11.1388    -5.13046    0.0004
-10.508    -5.39818    0.0004
-9.8982    -5.71057    0.0004
-8.72465    -4.39105    0.0004
-7.30701    -4.2005    0.0004
-6.8331    -2.67955    0.0004
-7.25209    -1.65642    0.0004
-6.18696    -0.83854    0.0004
-5.1087    -0.0240778    0.0004
-3.75741    -0.0202994    0.0004
-2.47778    0.299239    0.0004
-1.48565    -0.569809    0.0004
-1.20347    -1.18554    0.0004
-1.08403    -1.15157    0.0004
-0.964097    -1.11921    0.0004
-0.843098    -1.09141    0.0004
-0.721203    -1.06745    0.0004
-0.598939    -1.04579    0.0004
-0.475683    -1.0303    0.0004
-0.352427    -1.0148    0.0004
-0.228362    -1.00848    0.0004
-0.104297    -1.00215    0.0004
0.0198723    -1.00193    0.0004
0.144081    -1.00404    0.0004
0.26808    -1.01012    0.0004
0.391825    -1.02105    0.0004
0.515373    -1.03356    0.0004
0.638031    -1.05324    0.0004
0.760688    -1.07292    0.0004
0.881827    -1.10032    0.0004
1.00281    -1.12854    0.0004
1.12227    -1.16232    0.0004
1.24088    -1.19927    0.0004
1.35849    -1.23905    0.0004
1.47439    -1.28379    0.0004
1.58995    -1.32928    0.0004
1.7023    -1.3823    0.0004
1.81464    -1.43531    0.0004
1.92364    -1.49481    0.0004
2.03186    -1.5558    0.0004
2.13768    -1.62074    0.0004
2.24147    -1.689    0.0004
2.34389    -1.7592    0.0004
2.44259    -1.83463    0.0004
2.54128    -1.91007    0.0004
2.6344    -1.9923    0.0004
2.72752    -2.07453    0.0004
2.81618    -2.16145    0.0004
2.90313    -2.25017    0.0004
2.98726    -2.34147    0.0004
3.06796    -2.43592    0.0004
3.14738    -2.53138    0.0004
3.22101    -2.63143    0.0004
3.29464    -2.73149    0.0004
3.36166    -2.83605    0.0004
3.42804    -2.94106    0.0004
3.48987    -3.04873    0.0004
3.54906    -3.15795    0.0004
3.60528    -3.26864    0.0004
3.65629    -3.38191    0.0004
3.70659    -3.49547    0.0004
3.74955    -3.61203    0.0004
3.79251    -3.72859    0.0004
3.82856    -3.84742    0.0004
3.86306    -3.96676    0.0004
3.89297    -4.08726    0.0004
3.91902    -4.20872    0.0004
4.29311    -4.06496    0.0004
5.32264    -3.42156    0.0004
6.18364    -3.8618    0.0004
5.3468    -4.3925    0.0004
4.67021    -5.16275    0.0004
5.4757    -6.29172    0.0004
5.96668    -5.14019    0.0004
7.24743    -5.34277    0.0004
7.79064    -4.11304    0.0004
9.00458    -4.69066    0.0004
8.90448    -3.36027    0.0004
10.1647    -4.03176    0.0004
11.1775    -4.05117    0.0004
12.3018    -3.699    0.0004
12.9829    -4.59563    0.0004
13.6592    -4.48553    0.0004
14.3415    -4.42263    0.0004
15.0264    -4.3996    0.0004
15.7117    -4.3996    0.0004
16.3971    -4.3996    0.0004
17.0824    -4.3996    0.0004
17.7678    -4.3996    0.0004
18.4531    -4.3996    0.0004
19.1385    -4.3996    0.0004
19.8238    -4.3996    0.0004
20.5092    -4.3996    0.0004
21.1946    -4.3996    0.0004
21.8799    -4.3996    0.0004
22.5653    -4.3996    0.0004
23.2506    -4.3996    0.0004
23.936    -4.3996    0.0004
111111111111 111111111111 -0.0000276003
-4.17865    -14.3996    0.0004
-3.4933    -14.3996    0.0004
-2.80794    -14.3996    0.0004
-2.12258    -14.3996    0.0004
-1.43723    -14.3996    0.0004
-0.751871    -14.3996    0.0004
-0.0665146    -14.3996    0.0004
0.618842    -14.3996    0.0004
1.16211    -12.8323    0.0004
2.33223    -12.6046    0.0004
1.51059    -11.575    0.0004
0.443981    -10.802    0.0004
-0.0735334    -9.6708    0.0004
0.198312    -9.38358    0.0004
0.246149    -8.99102    0.0004
0.122067    -8.99553    0.0004
-0.0021418    -8.99765    0.0004
-0.126285    -8.99593    0.0004
-0.25035    -8.9896    0.0004
-0.374272    -8.98165    0.0004
-0.497528    -8.96616    0.0004
-0.620784    -8.95066    0.0004
-0.742807    -8.9275    0.0004
-0.864702    -8.90355    0.0004
-0.985354    -8.87425    0.0004
-1.10529    -8.84189    0.0004
-1.22424    -8.80636    0.0004
-1.34145    -8.76518    0.0004
-1.45838    -8.72332    0.0004
-1.57255    -8.67434    0.0004
-1.68671    -8.62536    0.0004
-1.7978    -8.56986    0.0004
-1.9082    -8.51291    0.0004
-2.0163    -8.45184    0.0004
-2.12244    -8.38731    0.0004
-2.22724    -8.32072    0.0004
-2.32845    -8.24869    0.0004
-2.42965    -8.17665    0.0004
-2.52571    -8.09787    0.0004
-2.62174    -8.01907    0.0004
-2.71349    -7.93542    0.0004
-2.80359    -7.84989    0.0004
-2.89089    -7.76162    0.0004
-2.97477    -7.66999    0.0004
-3.05742    -7.57731    0.0004
-3.13447    -7.47986    0.0004
-3.21151    -7.38242    0.0004
-3.28251    -7.2805    0.0004
-3.35287    -7.17813    0.0004
-3.41844    -7.0727    0.0004
-3.48121    -6.9655    0.0004
-3.5411    -6.85675    0.0004
-3.59596    -6.74529    0.0004
-3.65014    -6.63353    0.0004
-3.69737    -6.51863    0.0004
-3.7446    -6.40373    0.0004
-3.78481    -6.28625    0.0004
-3.82346    -6.16819    0.0004
-3.85759    -6.04882    0.0004
-3.88789    -5.92834    0.0004
-3.9159    -5.80738    0.0004
-3.93775    -5.68509    0.0004
-3.99    -5.282    0.0004
-3.99422    -5.15785    0.0004
-3.99844    -5.03369    0.0004
-3.99654    -4.90954    0.0004
-3.99232    -4.78538    0.0004
-3.98397    -4.66152    0.0004
-3.9706    -4.53802    0.0004
-3.95573    -4.41473    0.0004
-4.3774    -4.69722    0.0004
-4.66618    -5.24284    0.0004
-5.66555    -5.5195    0.0004
-6.66211    -5.23286    0.0004
-7.30701    -4.2005    0.0004
-8.72465    -4.39105    0.0004
-9.8982    -5.71057    0.0004
-9.30756    -6.05795    0.0004
-8.74283    -6.44602    0.0004
-8.20167    -6.86633    0.0004
-7.69195    -7.32424    0.0004
-7.21002    -7.81132    0.0004
-6.76293    -8.33054    0.0004
-6.34845    -8.87616    0.0004
-5.9722    -9.44878    0.0004
-5.63092    -10.043    0.0004
-5.33126    -10.6591    0.0004
-5.07056    -11.2928    0.0004
-4.85233    -11.9423    0.0004
-4.6754    -12.6042    0.0004
-4.54245    -13.2763    0.0004
-4.45322    -13.9557    0.0004
-4.17865    -14.3996    0.0004
111111111111 111111111111 -0.125744
-3.95573    -4.41473    0.0004
-3.93388    -4.29244    0.0004
-3.91203    -4.17015    0.0004
-3.88252    -4.0495    0.0004
-3.85222    -3.92903    0.0004
-3.81661    -3.81009    0.0004
-3.77796    -3.69203    0.0004
-3.73622    -3.5751    0.0004
-3.689    -3.4602    0.0004
-3.64109    -3.34561    0.0004
-3.58623    -3.23415    0.0004
-3.53138    -3.12269    0.0004
-3.47008    -3.0147    0.0004
-3.40731    -2.9075    0.0004
-3.3404    -2.80293    0.0004
-3.27004    -2.70055    0.0004
-3.19786    -2.59951    0.0004
-3.12081    -2.50206    0.0004
-3.04377    -2.40461    0.0004
-2.95991    -2.31297    0.0004
-2.87603    -2.22134    0.0004
-2.78762    -2.13415    0.0004
-2.69752    -2.04863    0.0004
-2.60472    -1.96616    0.0004
-2.50869    -1.88736    0.0004
-2.41172    -1.80979    0.0004
-2.31051    -1.73775    0.0004
-2.2093    -1.66571    0.0004
-2.10363    -1.60045    0.0004
-1.99748    -1.53592    0.0004
-1.88863    -1.4762    0.0004
-1.77823    -1.41924    0.0004
-1.66648    -1.36516    0.0004
-1.55231    -1.31618    0.0004
-1.43788    -1.2679    0.0004
-1.32067    -1.22672    0.0004
-1.20347    -1.18554    0.0004
-1.48565    -0.569809    0.0004
-2.47778    0.299239    0.0004
-3.75741    -0.0202994    0.0004
-5.1087    -0.0240778    0.0004
-6.18696    -0.83854    0.0004
-7.25209    -1.65642    0.0004
-6.8331    -2.67955    0.0004
-7.30701    -4.2005    0.0004
-6.66211    -5.23286    0.0004
-5.66555    -5.5195    0.0004
-4.66618    -5.24284    0.0004
-4.3774    -4.69722    0.0004
-3.95573    -4.41473    0.0004
111111111111 111111111111 0.579583
6.67998    -8.43492    0.0004
7.12131    -7.91078    0.0004
7.59606    -7.41677    0.0004
8.10131    -6.95392    0.0004
8.63563    -6.52506    0.0004
9.19691    -6.13203    0.0004
9.78175    -5.77508    0.0004
10.3888    -5.45734    0.0004
11.0149    -5.17898    0.0004
11.6581    -4.94289    0.0004
12.3146    -4.74664    0.0004
12.9829    -4.59563    0.0004
12.3018    -3.699    0.0004
11.1775    -4.05117    0.0004
10.1647    -4.03176    0.0004
8.90448    -3.36027    0.0004
9.00458    -4.69066    0.0004
7.79064    -4.11304    0.0004
7.24743    -5.34277    0.0004
5.96668    -5.14019    0.0004
5.4757    -6.29172    0.0004
4.67021    -5.16275    0.0004
5.3468    -4.3925    0.0004
6.18364    -3.8618    0.0004
5.32264    -3.42156    0.0004
4.29311    -4.06496    0.0004
3.91902    -4.20872    0.0004
3.94277    -4.3306    0.0004
3.96034    -4.45357    0.0004
3.97791    -4.57655    0.0004
3.98675    -4.70046    0.0004
3.99556    -4.82438    0.0004
3.99953    -4.9485    0.0004
3.99915    -5.07271    0.0004
3.994    -5.19679    0.0004
3.98519    -5.3207    0.0004
3.97479    -5.44444    0.0004
3.95723    -5.56742    0.0004
3.93966    -5.6904    0.0004
3.9144    -5.81201    0.0004
3.88835    -5.93347    0.0004
3.85695    -6.05359    0.0004
3.82245    -6.17293    0.0004
3.7849    -6.29126    0.0004
3.74193    -6.40782    0.0004
3.69825    -6.52409    0.0004
3.64725    -6.63736    0.0004
3.59624    -6.75064    0.0004
3.53857    -6.8606    0.0004
3.47938    -6.96982    0.0004
3.41627    -7.07675    0.0004
3.3499    -7.18176    0.0004
3.28159    -7.28545    0.0004
3.20796    -7.3855    0.0004
3.13433    -7.48555    0.0004
3.05366    -7.58002    0.0004
2.97296    -7.67446    0.0004
2.88772    -7.76475    0.0004
2.80077    -7.85347    0.0004
2.71102    -7.93925    0.0004
2.6179    -8.02147    0.0004
2.5238    -8.1025    0.0004
2.4251    -8.17794    0.0004
2.3264    -8.25337    0.0004
2.22308    -8.3223    0.0004
2.11928    -8.39056    0.0004
2.01268    -8.45421    0.0004
1.90446    -8.5152    0.0004
1.79473    -8.57328    0.0004
1.68239    -8.6263    0.0004
1.56974    -8.67861    0.0004
1.45385    -8.72334    0.0004
1.33795    -8.76808    0.0004
1.21986    -8.80648    0.0004
1.10125    -8.84343    0.0004
0.981365    -8.87566    0.0004
0.860386    -8.90388    0.0004
0.738949    -8.92977    0.0004
0.616291    -8.94945    0.0004
0.493634    -8.96913    0.0004
0.369893    -8.98009    0.0004
0.246149    -8.99102    0.0004
0.198312    -9.38358    0.0004
-0.0735334    -9.6708    0.0004
0.443981    -10.802    0.0004
1.51059    -11.575    0.0004
2.33223    -12.6046    0.0004
1.16211    -12.8323    0.0004
0.618842    -14.3996    0.0004
1.3042    -14.3996    0.0004
1.98956    -14.3996    0.0004
2.67491    -14.3996    0.0004
3.36027    -14.3996    0.0004
4.04563    -14.3996    0.0004
4.4401    -14.0888    0.0004
4.52289    -13.4086    0.0004
4.64559    -12.7345    0.0004
4.81562    -12.0707    0.0004
5.02478    -11.4182    0.0004
5.27828    -10.7816    0.0004
5.56975    -10.1615    0.0004
5.90353    -9.56317    0.0004
6.27299    -8.9861    0.0004
6.67998    -8.43492    0.0004
111111111111 111111111111 0.117444
