-4.030948811470606    14.283971123337064    0.2
4.134004298021343    14.2837457681817    0.2
4.357699958554516    13.922199931476651    0.2
4.36493577792131    13.867085456744874    0.2
-4.365590869279065    13.867326421899556    0.2
-4.4163035503386885    13.450673883926067    0.2
4.419637261887359    13.450430009308805    0.2
4.444099994830414    13.264099946559067    0.2
4.445099918188114    13.257699918958448    0.2
4.48941198525582    13.03377414584681    0.2
-4.4887683093334685    13.034021946316457    0.2
-4.5463999976768585    12.717399986847747    0.2
-4.547299919120595    12.712999911684175    0.2
-4.547899988121116    12.710499928245305    0.2
-4.571750589858538    12.617370298993597    0.2
4.571862959133066    12.617117932516496    0.2
4.578099968077941    12.585599947861173    0.2
4.579599991435449    12.57919990645764    0.2
4.68082206505753    12.200460987553784    0.2
-4.67845537293613    12.200719306418922    0.2
-4.717899909265231    12.046699920041295    0.2
-4.719599966586294    12.040999966961216    0.2
-4.801975453115846    11.784068777951495    0.2
4.801118423638925    11.7838037296795    0.2
4.941159045404612    11.367145926857628    0.2
-4.936906378725468    11.367418564426822    0.2
-5.10281998137693    10.950769206033334    0.2
5.104421236171986    10.950487483113486    0.2
5.2395999696219455    10.621899989514734    0.2
5.242199912299245    10.616199917753365    0.2
5.282255806681706    10.53382863716729    0.2
-5.283734023419369    10.53412026165647    0.2
-5.4784999925732185    10.11979991209784    0.2
-5.479664046671513    10.117471731725193    0.2
5.484870965803764    10.11716910726941    0.2
5.541799907869379    10.000099948468941    0.2
5.542799947148338    9.99789992086672    0.2
5.54499993950909    9.993999960144787    0.2
5.713577034794932    9.700508857254595    0.2
-5.711924362068951    9.70082420452088    0.2
-5.815399977082933    9.515299910408235    0.2
-5.818499920603313    9.510099995965625    0.2
-5.963151590889311    9.284177200809067    0.2
5.962230045392409    9.283848056698208    0.2
6.235977961367834    8.8671865635149    0.2
-6.236080494675885    8.867530796069993    0.2
-6.54372686942048    8.450885349543533    0.2
6.547586064678091    8.450524025379066    0.2
6.684099979104897    8.27079991998562    0.2
6.687899946624771    8.26599991510355    0.2
6.887802583606697    8.033860697642378    0.2
-6.88650866967924    8.034240872765357    0.2
-7.043999917611066    7.847199919499807    0.2
-7.04839995285362    7.842299940940235    0.2
-7.264369167858011    7.617597364169771    0.2
7.262998892039621    7.617196404453005    0.2
7.621699934797788    7.254699941558546    0.2
7.62599992163768    7.250599922876058    0.2
7.681733009537018    7.200530909607042    0.2
-7.683707255200317    7.200955000368088    0.2
-8.03289998539776    6.8809999130703305    0.2
-8.037899904079906    6.876699951067949    0.2
-8.153016074448713    6.784314015773597    0.2
8.146653137091038    6.7838641400133435    0.2
8.682299956496431    6.367799968341961    0.2
8.683135683642522    6.367195395275411    0.2
-8.686383170449073    6.367674799206762    0.2
-9.138699996827418    6.050899933166207    0.2
-9.14399999342921    6.04739997944637    0.2
-9.301921527376853    5.951037850591379    0.2
9.295229440299387    5.950524563645396    0.2
9.848299960958258    5.625199986109195    0.2
9.853399983678237    5.622399945345971    0.2
10.026247215373019    5.5338504496767955    0.2
-10.026632322042552    5.534403915168032    0.2
-10.341599904130003    5.3694999333049775    0.2
-10.347399981411394    5.366699993387783    0.2
-10.907415680081824    5.1177742873942575    0.2
10.916769162110931    5.117171933345205    0.2
11.100499987657717    5.039199924789601    0.2
11.10589992970055    5.037099975748782    0.2
11.751199965316868    4.806499965186378    0.2
11.753599943238472    4.805699998945962    0.2
11.757899907359203    4.804399980265168    0.2
12.128256527732605    4.70048455827176    0.2
-12.119473526594232    4.701153802895748    0.2
1111    1111    1111
24.057670819752126    4.266633580471046    0.2
-23.98075674417685    4.267959455483676    0.2
-24.2995999009012    4.116199977814873    0.2
-24.2995999064859    3.8344476332632658    0.2
24.30039997799327    3.8331062586861138    0.2
24.300399969022873    3.399585636299016    0.2
-24.299599915078847    3.4009270108761576    0.2
-24.299599923671792    2.96740638848905    0.2
24.300399960052488    2.9660650139119182    0.2
24.300399951082102    2.5325443915248202    0.2
-24.299599932264744    2.5338857661019416    0.2
-24.299599940857693    2.1003651437148334    0.2
24.30039994211171    2.0990237691377227    0.2
24.30039993314132    1.6655031467506256    0.2
-24.299599949450638    1.6668445213277256    0.2
-24.299599958043586    1.2333238989406177    0.2
24.300399924170936    1.231982524363528    0.2
24.300399915200547    0.7984619019764304    0.2
-24.29959996663654    0.7998032765535097    0.2
1111    1111    1111
-2.598901641977035    0.3720070215157639    0.2
-24.29959997452689    0.37260596730010387    0.2
-24.299599973060108    -0.054589341953559474    0.2
-5.315721421092472    -0.055113302696890396    0.2
-5.881325416666685    -0.4822930011105502    0.2
-24.29959997159333    -0.48178465120722275    0.2
-24.299599970126554    -0.9089799604608861    0.2
-6.443590863036743    -0.9094727916691696    0.2
-6.999880578140395    -1.3366527471597647    0.2
-24.299599968659777    -1.3361752697145493    0.2
-24.299599967192993    -1.7633705789682124    0.2
-7.316125229897962    -1.763839327966123    0.2
-7.141196749378452    -2.1910394652982883    0.2
-24.299599965726216    -2.190565888221876    0.2
-24.299599964259443    -2.617761197475539    0.2
-6.966268268858941    -2.6182396026304526    0.2
-6.939299984607609    -2.684099974261001    0.2
-7.051871116179865    -3.045432549219808    0.2
-24.299599962792662    -3.044956506729202    0.2
-24.29959996132588    -3.4721518159828655    0.2
-7.184960267809569    -3.4726241851729185    0.2
-7.318049419439276    -3.8998158211260283    0.2
-24.29959995985911    -3.8993471252365284    0.2
1111    1111    1111
24.300399906641022    0.36478356847815036    0.2
-2.4017616992023005    0.36552055614930723    0.2
-1.9065864609169785    -0.06816944433434101    0.2
24.300399903710783    -0.06889276502028431    0.2
24.300399900780537    -0.502569098518719    0.2
-1.4123046958067795    -0.5018594201578617    0.2
1111    1111    1111
24.300399898456266    -0.9742016586982943    0.2
0.7724660620952191    -0.9735522806658656    0.2
0.7764999120853798    -0.9741999320015821    0.2
0.7827999789681404    -0.9753999058857752    0.2
0.9038999227648756    -1.0027999482909897    0.2
0.904499920004617    -1.0028999648511316    0.2
1.0254999417239103    -1.0310999044987716    0.2
1.0299999086045963    -1.0322999286996648    0.2
1.1494999757600208    -1.0660999269502418    0.2
1.1520999564388208    -1.0667999987107553    0.2
1.270699935273628    -1.1037999721198435    0.2
1.27289991319531    -1.1045999328401988    0.2
1.3904999175069284    -1.1442999786507189    0.2
1.3945999788677068    -1.1456999918141755    0.2
1.5104999424184424    -1.1904999907050027    0.2
1.510999936900952    -1.1906999045050768    0.2
1.6265999811288319    -1.2361999951183074    0.2
1.6326999066112184    -1.2388999634791091    0.2
1.8572999810649922    -1.3448999625489175    0.2
1.8624999093077517    -1.3474999060694872    0.2
1.971499967131185    -1.4069999145264456    0.2
1.972699947810518    -1.407699947646539    0.2
2.039309544710939    -1.4452178061056862    0.2
24.300399901311316    -1.4458322188780115    0.2
24.30039990416637    -1.917462779057729    0.2
2.700109137841811    -1.91686660455234    0.2
2.7936999142667913    -1.99949990771732    0.2
2.797499914907024    -2.0030999125998488    0.2
2.886199916473409    -2.089999960779601    0.2
2.887699975075148    -2.09149990218224    0.2
2.974599924201649    -2.180299900680728    0.2
2.976599966240257    -2.182399955883288    0.2
3.060799946364276    -2.2736999798627746    0.2
3.0632999690852443    -2.276499948865218    0.2
3.1439999636469067    -2.3708999762452336    0.2
3.1448999332889938    -2.3719999010850845    0.2
3.158626502521375    -2.388509819948802    0.2
24.300399907021422    -2.389093339237447    0.2
24.30039990987647    -2.8607238994171635    0.2
3.495220497032423    -2.8601496702236693    0.2
1111    1111    1111
4.730815618930424    -3.673520373329511    0.2
3.8787195561466223    -3.6734968552225435    0.2
1111    1111    1111
8.823258170341234    -3.6130274259486073    0.2
5.916439318796174    -3.6129471968762386    0.2
1111    1111    1111
12.38488881769468    -3.643092728034403    0.2
24.30039996288263    -3.643421599716747    0.2
24.300399925338887    -4.08751109988486    0.2
12.72224064377824    -4.087191539215159    0.2
1111    1111    1111
5.95282860985616    -4.126574251427223    0.2
7.675238895029313    -4.126621790467829    0.2
7.448376850114457    -4.640239879202963    0.2
5.262372982392681    -4.6401795448403975    0.2
1111    1111    1111
8.861891971400409    -4.126299092448606    0.2
8.05128403242146    -4.1262767194263015    0.2
1111    1111    1111
-8.802971166982818    -4.328627837003654    0.2
-14.295780484931136    -4.328476233818598    0.2
-13.783099959960813    -4.371499983971277    0.2
-13.777099976517759    -4.372099949572847    0.2
-13.098999994889464    -4.470599965373285    0.2
-13.094599916968619    -4.471399986817061    0.2
-13.092199930766922    -4.471899953057592    0.2
-12.42259993807492    -4.617099934273572    0.2
-12.416799976714792    -4.618499994354779    0.2
-11.92178144743312    -4.7573932570675925    0.2
-9.184367062834855    -4.757468810525851    0.2
-9.565762958686893    -5.186309784048049    0.2
-10.751246906913796    -5.186277064335425    0.2
1111    1111    1111
5.865318283494548    -5.123002553162157    0.2
4.838211726787854    -5.122974204713052    0.2
4.797599930358894    -5.169199917166228    0.2
5.109107990913062    -5.605786048381775    0.2
5.6594591191936585    -5.6058012382380245    0.2
5.453604218714278    -6.088589923431572    0.2
5.4535928196639345    -6.088589923116954    0.2
1111    1111    1111
-4.65833232842726    -5.344413962996519    0.2
-4.073196547732861    -5.418381535574751    0.2
-4.089199916072494    -5.2947999853472    0.2
-4.089599956561003    -5.290399975425898    0.2
-4.089899960581383    -5.285399974217122    0.2
-4.094099935028894    -5.161199938607062    0.2
-4.098299961668834    -5.037099986648394    0.2
-4.098399924706744    -5.032199962513652    0.2
-4.096499939462601    -4.907999940609258    0.2
-4.096399970251149    -4.906099977131513    0.2
-4.093304322407481    -4.814630929736568    0.2
-4.31176517658735    -4.787015084628146    0.2
1111    1111    1111
-8.955553842357098    -4.80119808951304    0.2
-6.886268153408401    -5.062778468687201    0.2
-7.258649097197882    -4.466615270632284    0.2
-7.917021246409391    -4.383389818802116    0.2
1111    1111    1111
-7.057939597534177    -7.834558169553463    0.2
-2.2153078749630444    -8.446719868131945    0.2
-2.280799952295726    -8.405099912430689    0.2
-2.2851999058415773    -8.402200005700406    0.2
-2.3863999813889216    -8.330199944576183    0.2
-2.487599918074663    -8.25809991155232    0.2
-2.491199938561034    -8.25540000582291    0.2
-2.4929999597719474    -8.2539999056514    0.2
-2.589099917010503    -8.175299967143497    0.2
-2.589099976569827    -8.175199970161279    0.2
-2.685099996385489    -8.096399975111833    0.2
-2.689099974708987    -8.092999982067496    0.2
-2.780899904807106    -8.009299944800416    0.2
-2.7822999757130153    -8.007899904023    0.2
-2.8723999515273033    -7.922399951957138    0.2
-2.874699900447711    -7.920199938799561    0.2
-2.900025485166023    -7.894584255418056    0.2
-7.571233005394367    -7.304092453890492    0.2
-7.620899976979961    -7.253899970592659    0.2
-7.625199928699657    -7.249799929884536    0.2
-8.134899939843987    -6.791899989142401    0.2
-8.136899982294414    -6.790099946032782    0.2
-8.140399966147427    -6.787299996303118    0.2
-8.172285255554746    -6.762533059202256    0.2
-3.339599413206458    -7.37343748956794    0.2
-3.364499941201623    -7.337699948011608    0.2
-3.364899990882319    -7.337199928789002    0.2
-3.4352999505161557    -7.234799981121661    0.2
-3.4377999753914654    -7.230899953625241    0.2
-3.503299901367916    -7.1254999467957365    0.2
-3.50469991304496    -7.123200008426097    0.2
-3.567499977621846    -7.015999987256888    0.2
-3.5687999327573476    -7.013799986310142    0.2
-3.628699975833552    -6.905099921839697    0.2
-3.630799971101579    -6.900999984855515    0.2
-3.6465271409278324    -6.869058656517426    0.2
-8.920985951739647    -6.202309283514415    0.2
-9.250999909878027    -5.975599975182366    0.2
-9.253099909494304    -5.974199954478364    0.2
-9.25689991860549    -5.971799935310749    0.2
-9.742599940132713    -5.686099984557547    0.2
-9.700040052922894    -5.638248504926927    0.2
-3.8595745627345432    -6.376547322550918    0.2
-3.8793999886155732    -6.318599976381836    0.2
-3.8797999466179296    -6.317399941779688    0.2
-3.9184999715236497    -6.199399906268902    0.2
-3.9196999301726203    -6.19570000390117    0.2
-3.9537999515230613    -6.076299914208785    0.2
-3.95459998681165    -6.073199903752833    0.2
-3.984899962583641    -5.952699904586123    0.2
-3.98529998031055    -5.950899925714538    0.2
-3.998618861836767    -5.893390793965076    0.2
-9.32779771098846    -5.219724208682574    0.2
1111    1111    1111
-4.122906678687669    -14.299589022251325    0.2
-4.122820176468455    -14.299599957079426    0.2
-0.9090335651001277    -14.29959996302328    0.2
-4.364596127286455    -13.862779001034234    0.2
-4.418833948427297    -13.449654839393842    0.2
0.6213686132560223    -14.086791656335501    0.2
0.7562867070756443    -13.697578874463817    0.2
-4.488288872386004    -13.034607069260781    0.2
-4.5707467811457505    -12.617915579407036    0.2
0.8912048008952667    -13.30836609259213    0.2
1.0261228947148897    -12.919153310720441    0.2
-4.680527378216784    -12.19777020244302    0.2
-4.755699929675826    -11.916499930324456    0.2
-4.757499922116827    -11.910399926302954    0.2
-4.80265066392162    -11.77606457442711    0.2
1.786007338223616    -12.60894312167383    0.2
2.1509999175113084    -12.537899925292765    0.2
1.8944437533876382    -12.216382765525235    0.2
-4.9452582251794    -11.35176950958531    0.2
-4.975799909126922    -11.260899953605268    0.2
-4.978099948065607    -11.254799937207707    0.2
-5.114125106849409    -10.924154978984395    0.2
1.5338913159334113    -11.764537080844422    0.2
1.4408999502321553    -11.647999947989726    0.2
0.9369918350369768    -11.282814540797299    0.2
-5.300261016858364    -10.494357454027028    0.2
-5.510762861334429    -10.061479808035198    0.2
0.3332582839118523    -10.80022809940911    0.2
0.13599129242201013    -10.36902348381658    0.2
-5.756152908348998    -9.624191911057984    0.2
-5.885499956740725    -9.398999957317901    0.2
-5.888599921041537    -9.393899915127518    0.2
-6.026685015196107    -9.183725782298016    0.2
-0.06127569906783137    -9.937818868224053    0.2
-0.16440008369261805    -9.712399956045646    0.2
-0.16620000134481772    -9.708299952135246    0.2
-0.16779999713319493    -9.704099931334444    0.2
-0.16920002403971512    -9.699899989835918    0.2
-0.17040001733065968    -9.69559994477782    0.2
-0.17140000208860773    -9.691199994581071    0.2
-0.17219999288211985    -9.686799925265674    0.2
-0.17280001479377538    -9.682399935252556    0.2
-0.1732000156311444    -9.677899940890327    0.2
-0.17350007167872472    -9.673499970620163    0.2
-0.17350001045933783    -9.668999948982854    0.2
-0.17330006702726775    -9.664499894896071    0.2
-0.17289999594355332    -9.660099929635077    0.2
-0.17230000299601667    -9.655599947483676    0.2
-0.17160006525869065    -9.651199989424347    0.2
-0.1706000895566766    -9.646899948879726    0.2
-0.1693999935699133    -9.642499916527282    0.2
-0.16810000498578992    -9.638299991918299    0.2
-0.1665000379963022    -9.634099987841806    0.2
-0.16480001446527281    -9.629999921188208    0.2
-0.16290002205238618    -9.62589993383689    0.2
-0.16080002830816942    -9.621999908000532    0.2
-0.15850006568209496    -9.618099961466454    0.2
-0.15610008616561877    -9.6143999367962    0.2
-0.1535000260155326    -9.61069990475905    0.2
-0.15070007628586857    -9.607199920906039    0.2
-0.14780008255595223    -9.603799973686382    0.2
-0.14610005617150712    -9.602099956659352    0.2
-0.07740122905254387    -9.529512517688753    0.2
-6.326649821683159    -8.739539037881617    0.2
-6.668018527097171    -8.290118387079815    0.2
0.12606016559062416    -9.148964359902093    0.2
1111    1111    1111
-7.1327213973069075    -4.29083132171046    0.2
-1.561553872698914    -0.6440976206401616    0.2
-1.5675999050772345    -0.6308999917109333    0.2
-1.9155501263813264    -0.3261510639302154    0.2
-7.040277852854975    -3.680657498424089    0.2
-6.825115218019746    -2.9901551191054807    0.2
-2.2747098668339825    -0.011584384263439329    0.2
-2.5042999565650867    0.1894999358223488    0.2
-2.994016080203945    0.06724027646242225    0.2
-6.823434632315715    -2.43939224316773    0.2
-7.00092383128794    -2.0059090019037527    0.2
-4.1218161159694855    -0.12132393278000819    0.2
-4.96516107706307    -0.12369163964393914    0.2
-5.786050117071699    -0.6610231260542943    0.2
1111    1111    1111
-4.734431591354267    -5.157908700416711    0.2
-4.734390270035892    -5.157881652613243    0.2
-4.465799974572999    -4.650399965423135    0.2
-4.463599929921406    -4.646499948287148    0.2
-4.461200001461942    -4.642699882756205    0.2
-4.458699984862924    -4.638999954802228    0.2
-4.456000000786924    -4.635399923685786    0.2
-4.453199993606779    -4.63199999011715    0.2
-4.450200018949654    -4.62869995338605    0.2
-4.447100010920481    -4.625499970562804    0.2
-4.44379998064682    -4.6223999682462065    0.2
-4.4403999820365225    -4.619499979808301    0.2
-4.43689993142048    -4.6167999504815835    0.2
-4.433099971990314    -4.614099977824482    0.2
-4.0466000153700525    -4.355199894535243    0.2
-4.032299985772615    -4.274899925215433    0.2
-4.019325318622718    -4.202443314054054    0.2
-5.809340973201492    -5.374138543853329    0.2
-6.326618983231102    -5.225346209602096    0.2
-3.853736948905774    -3.6066653471952552    0.2
-3.8303999789669123    -3.541399950240036    0.2
-3.8286999471409335    -3.5370999582120604    0.2
-3.7814999672622753    -3.42219990418725    0.2
-3.7813000146147764    -3.421599910854989    0.2
-3.733399953264301    -3.3069999470546425    0.2
-3.7307999261122857    -3.3013999471601077    0.2
-3.675900014930691    -3.1900999546917213    0.2
-3.6210999884166197    -3.0785998935771315    0.2
-3.618400003195873    -3.0732999512012427    0.2
-3.5571000050438935    -2.9652999003946925    0.2
-3.5564000338644544    -2.9641999045047203    0.2
-3.518818926166054    -2.9000488263814397    0.2
-6.700499020420843    -4.982689489131905    0.2
-6.9166096784427795    -4.636761253406274    0.2
-2.4281464382572793    -1.6987361282057216    0.2
1111    1111    1111
5.3398722686323365    -3.542674847239491    0.2
5.312366747628133    -3.545920140263002    0.2
4.502666843348061    -4.051951596038175    0.2
5.970024023973482    -3.8788225714850935    0.2
5.2931999205578295    -4.308099909959152    0.2
5.288199980201283    -4.311499995881739    0.2
5.284599943072339    -4.314199926154955    0.2
5.281199907451505    -4.316999910647243    0.2
5.277899918430845    -4.320099939149293    0.2
5.274699916308047    -4.323199951656379    0.2
5.271699931688322    -4.3265000052804    0.2
5.227395036632956    -4.376940533136992    0.2
4.069890126049081    -4.5135110278541495    0.2
4.076899910153385    -4.562499956850574    0.2
4.077399939542628    -4.566999965168333    0.2
4.077599935125196    -4.569399963530197    0.2
4.086499921466111    -4.693299914822607    0.2
4.095299932626583    -4.817199981421118    0.2
4.095599912522826    -4.821299974826217    0.2
4.098720822366643    -4.9206068005821315    0.2
4.825143610297891    -4.8348983784281865    0.2
4.595099971832357    -5.096799970560437    0.2
4.592299961008356    -5.10009999219453    0.2
4.589499898858111    -5.103699986239631    0.2
4.586999924424973    -5.107400006791419    0.2
4.584599925172278    -5.111099912037107    0.2
4.582399955140076    -5.114999957710867    0.2
4.580299988000701    -5.118999974287525    0.2
4.57839999465705    -5.122999958874256    0.2
4.576799906403196    -5.127199980300377    0.2
4.575299904358343    -5.131399974014116    0.2
4.573899905206317    -5.135699938630752    0.2
4.572799977776436    -5.139999942856214    0.2
4.571899940826104    -5.144399913707031    0.2
4.571199988700057    -5.148799940161638    0.2
4.570699911058597    -5.153199946343737    0.2
4.5702999356211    -5.157699911711315    0.2
4.570199932594611    -5.162199928405139    0.2
4.570299986680022    -5.1665999144937516    0.2
4.570499956064539    -5.171099982513821    0.2
4.570999957741399    -5.17549990462258    0.2
4.5716999726437875    -5.179999980261547    0.2
4.572599933629517    -5.184399937701588    0.2
4.573599976546703    -5.18869997984252    0.2
4.574899980157476    -5.192999973998559    0.2
4.576299954671148    -5.197199965261774    0.2
4.577899902980545    -5.201399924535059    0.2
4.579799907017123    -5.205499936519308    0.2
4.5817999812677375    -5.20949993389331    0.2
4.583899927110113    -5.213399940091907    0.2
4.5862999286796695    -5.217199999001468    0.2
4.5887999887458415    -5.220899943989643    0.2
4.623273248152215    -5.269213869533174    0.2
4.084490310081242    -5.332783234746839    0.2
4.074399975767034    -5.452799925640467    0.2
4.0737999599697705    -5.45859998644472    0.2
4.056199942991858    -5.581599954786087    0.2
4.038699924629229    -5.704600006443627    0.2
4.03759992729395    -5.710800007220432    0.2
4.029491910141946    -5.7497697483630965    0.2
4.893430315119657    -5.647836275516366    0.2
5.163587382087098    -6.026458681499557    0.2
3.9266358354652144    -6.172402843911872    0.2
1111    1111    1111
9.020304113727693    -3.5672692037649867    0.2
9.069370175901286    -3.56148004786284    0.2
9.739780965208643    -3.9187195380900217    0.2
9.05285815554573    -3.9997674775763805    0.2
1111    1111    1111
8.309378828346347    -4.470626241638584    0.2
7.710758054350038    -4.541255691678156    0.2
1111    1111    1111
12.706187583947747    -4.396645970362795    0.2
7.503511515392589    -5.010493944603601    0.2
1111    1111    1111
10.227187508064109    -5.429020359498143    0.2
5.725803850686785    -5.960124968540063    0.2
1111    1111    1111
9.290975897654224    -5.957404887997718    0.2
3.769710135034113    -6.6088422942421365    0.2
3.738399901858532    -6.678399962333254    0.2
3.6873998987633576    -6.791599938881936    0.2
3.6847999348481713    -6.796999986466886    0.2
3.6271999102716532    -6.906999971719361    0.2
3.6264999119877337    -6.90829994850858    0.2
3.5672999339334455    -7.017499996564163    0.2
3.5654999704378376    -7.02059996032919    0.2
3.5463213613953224    -7.053121507183993    0.2
8.554098691420641    -6.462269044147838    0.2
8.038699951036115    -6.875899946712936    0.2
8.033699956011967    -6.880199938151126    0.2
7.956795459580401    -6.9506652902629815    0.2
3.2428407544014224    -7.506850512696142    0.2
3.2148999340388102    -7.544799955382654    0.2
3.212099971199702    -7.548399937710334    0.2
3.210399933963455    -7.550500004784351    0.2
3.1297999466761164    -7.6448999293311495    0.2
3.049099900892161    -7.739399967799329    0.2
3.0456999376272478    -7.7431999322988    0.2
2.960399968360089    -7.8334999306280455    0.2
2.959099937660436    -7.83479991579333    0.2
2.872199974549513    -7.923499970714226    0.2
2.869799938272179    -7.925799936643862    0.2
2.8184022493847367    -7.974850973838303    0.2
7.445782473928442    -7.428880411871919    0.2
7.049199968962725    -7.841499970320756    0.2
7.0447999154192384    -7.846399997516032    0.2
7.000192990971538    -7.899376412769146    0.2
2.1841720199826327    -8.467604124429037    0.2
1111    1111    1111
6.623271948337118    -8.347018270517726    0.2
0.33493547537298707    -9.088960024032584    0.2
0.2976000851918513    -9.395699984507196    0.2
0.29690002203724575    -9.400099923368085    0.2
0.2961000830133358    -9.404499965817658    0.2
0.2951000591651428    -9.408899952663438    0.2
0.2938000469109786    -9.413199901285111    0.2
0.292400043481408    -9.41739997831502    0.2
0.2908000545386924    -9.421599988023722    0.2
0.28900006408786805    -9.42569994351335    0.2
0.287000083846355    -9.429699944095047    0.2
0.2849000014008777    -9.433599985491261    0.2
0.2826000167584293    -9.437399960950986    0.2
0.2801000423252922    -9.441099981502775    0.2
0.2774000663840459    -9.44469994783549    0.2
0.27460008754997356    -9.44819994326531    0.2
0.27090001295408905    -9.4522999398781    0.2
0.22042744011657933    -9.505638754220296    0.2
6.294272976766219    -8.789004135920994    0.2
6.192599911286859    -8.926699930481828    0.2
6.188799898535171    -8.932199981716773    0.2
6.000126430331934    -9.226877869358795    0.2
0.14919883590211303    -9.917211075567383    0.2
0.32416739581518417    -10.299735340016031    0.2
5.734258436146282    -9.661415102160468    0.2
5.493552443180494    -10.092983546732176    0.2
0.4991359557282563    -10.682259604464681    0.2
0.5239000258960912    -10.73639994676625    0.2
0.9346179152173464    -11.034046682802735    0.2
5.290758614606897    -10.520078849981115    0.2
5.187799951851429    -10.739100003122482    0.2
5.185399966009511    -10.74459990630423    0.2
5.105559688211284    -10.94509818407176    0.2
1.413050469044225    -11.380766150745815    0.2
1.5692999683836724    -11.493999965719347    0.2
1.5727999478185266    -11.496699957655556    0.2
1.576299959243308    -11.49959992338749    0.2
1.5795999135561911    -11.502599919724636    0.2
1.5827999246785596    -11.505800005163607    0.2
1.5857999545653267    -11.509099910868093    0.2
1.5887999405657243    -11.512600000708002    0.2
1.7715647822290261    -11.741634408296914    0.2
4.937099482722671    -11.368142567236236    0.2
4.931899903033144    -11.381199971363758    0.2
4.930999987314457    -11.383399973252228    0.2
4.92959998816243    -11.387699937868863    0.2
4.8014790350544425    -11.787312286949255    0.2
2.065601064809675    -12.110110233174494    0.2
2.359637347390322    -12.478586058052072    0.2
4.677939725204428    -12.205056589842446    0.2
4.571470675134674    -12.620786824543076    0.2
1.2034991129297101    -13.018163577106169    0.2
1.0577846376264197    -13.438524260533644    0.2
4.489494517030317    -13.033627217185861    0.2
4.424499967690253    -13.390699940949744    0.2
4.423599979481982    -13.396499950427751    0.2
4.417663881185785    -13.445270570419552    0.2
0.9120701623231288    -13.858884943961117    0.2
0.7663556870198384    -14.279245627388592    0.2
4.3678774308146515    -13.85431299704964    0.2
4.345799988622845    -14.035699909765924    0.2
4.010914994566493    -14.299588117497814    0.2
4.010814622854879    -14.29959996005173    0.2
1111    1111    1111
-24.29630846887091    -4.008931496524542    0.4
-24.29608416661881    4.1178733585573    0.4
-23.91259991677802    4.300399996569371    0.4
-23.892563440579917    4.300399996380287    0.4
-23.89280080315968    -4.299599992825806    0.4
-23.489285114910697    -4.299599991106765    0.4
-23.489047752331086    4.30039999257233    0.4
-23.085532064082262    4.300399988764375    0.4
-23.085769426661717    -4.299599989387724    0.4
-22.68225373841274    -4.299599987668684    0.4
-22.682016375833435    4.3003999849564165    0.4
-22.278500687584607    4.30039998114846    0.4
-22.27873805016376    -4.299599985949643    0.4
-21.875222361914783    -4.299599984230602    0.4
-21.874984999335783    4.300399977340503    0.4
-21.471469311086956    4.300399973532547    0.4
-21.471706673665803    -4.299599982511562    0.4
-21.068190985416823    -4.299599980792522    0.4
-21.06795362283813    4.30039996972459    0.4
-20.664437934589305    4.3003999659166325    0.4
-20.664675297167847    -4.299599979073482    0.4
-20.261159608918867    -4.299599977354441    0.4
-20.260922246340478    4.300399962108676    0.4
-19.857406558091647    4.300399958300719    0.4
-19.857643920669886    -4.2995999756354    0.4
-19.454128232420906    -4.299599973916359    0.4
-19.453890869842823    4.300399954492763    0.4
-19.050375181593996    4.300399950684806    0.4
-19.050612544171926    -4.299599972197318    0.4
-18.647096855922953    -4.299599970478278    0.4
-18.646859493345172    4.300399946876849    0.4
-18.243343805096348    4.300399943068893    0.4
-18.243581167673973    -4.299599968759236    0.4
-17.840065479424993    -4.299599967040196    0.4
-17.839828116847517    4.300399939260936    0.4
-17.43631242859869    4.300399935452979    0.4
-17.436549791176013    -4.299599965321156    0.4
-17.033034102927033    -4.299599963602116    0.4
-17.032796740349866    4.300399931645021    0.4
-16.62928105210104    4.3003999278370655    0.4
-16.629518414678056    -4.299599961883075    0.4
-16.226002726429076    -4.299599960164034    0.4
-16.22576536385221    4.300399924029108    0.4
-15.822249675603384    4.300399920221151    0.4
-15.822487038180096    -4.299599958444994    0.4
-15.418971349931114    -4.299599956725952    0.4
-15.418733987354555    4.300399916413195    0.4
-15.025599913395377    4.300399912703209    0.4
-15.022199910633883    4.30049991886215    0.4
-15.015218289874534    4.300734372459329    0.4
-15.015455742826845    -4.302539948837537    0.4
-14.611940285416615    -4.310903579030948    0.4
-14.61170222762244    4.314285064422584    0.4
-14.337299975566209    4.323499915427236    0.4
-14.331499967282808    4.323799955345382    0.4
-14.208185962997018    4.335168043506565    0.4
-14.208425284509962    -4.335807014166994    0.4
-13.804910530880152    -4.369669657855465    0.4
-13.804669248032    4.372367497184209    0.4
-13.649199930964931    4.386699923683649    0.4
-13.646799922682996    4.386999957442815    0.4
-13.642299906121771    4.387599933241236    0.4
-13.401152055822383    4.426858234143574    0.4
-13.40139641597403    -4.42667421244331    0.4
-13.098999994889464    -4.470599965373285    0.4
-13.094599916968619    -4.471399986817061    0.4
-13.092199930766922    -4.471899953057592    0.4
-12.997882540459685    -4.492352287959648    0.4
-12.997634554462907    4.492549931034354    0.4
-12.965999967070209    4.497699967201966    0.4
-12.960099933949335    4.49889990435974    0.4
-12.594116408609326    4.581592609774191    0.4
-12.59436926724196    -4.579852467665536    0.4
-12.42259993807492    -4.617099934273572    0.4
-12.416799976714792    -4.618499994354779    0.4
-12.19085639541642    -4.681895684292058    0.4
-12.190598007409001    4.679886881633619    0.4
-11.787078989013677    4.800543048029181    0.4
-11.787343832027656    -4.79511402493883    0.4
-11.75709998527651    -4.8035999023429525    0.4
-11.752799921155779    -4.804899921026506    0.4
-11.750399943236932    -4.805699987266922    0.4
-11.383832051433583    -4.936694183851705    0.4
-11.383559517450196    4.9376181721046635    0.4
-10.980039741035744    5.085738501065676    0.4
-10.98032056859268    -5.089062383809532    0.4
-10.576809606693269    -5.260305070385763    0.4
-10.576519109060804    5.264857061587554    0.4
-10.347399981411394    5.366699993387783    0.4
-10.341599904130003    5.3694999333049775    0.4
-10.172998096278032    5.457772857393972    0.4
-10.173299355689174    -5.457304553529263    0.4
-9.921499987333906    -5.5862999657516905    0.4
-9.769782519392477    -5.41570907224725    0.4
-9.769476576992211    5.669040013387143    0.4
-9.734599932522176    5.687299980044709    0.4
-9.728899944200625    5.69049992272454    0.4
-9.36595418391955    5.911965768738753    0.4
-9.366254308155588    -4.961982556486228    0.4
-8.962726096918697    -4.508256040725204    0.4
-8.962431253850271    6.17434771177486    0.4
-8.577399946935476    6.44399994126617    0.4
-8.572199939290766    6.447899997745883    0.4
-8.558907721047039    6.458567604309313    0.4
-8.559203774420439    -4.267887301069017    0.4
-8.155686589590196    -4.213663930053665    0.4
-8.155383094530075    6.782414375059558    0.4
-8.037899904079906    6.876699951067949    0.4
-8.03289998539776    6.8809999130703305    0.4
-7.751857577911532    7.138510852575814    0.4
-7.7521694047599565    -4.159440559038313    0.4
1111    1111    1111
-7.3392730250396765    -1.7073091321163152    0.4
-7.339335424648345    -3.968139943831966    0.4
1111    1111    1111
-7.351046885481606    -1.6420443610361664    0.4
-7.3507937983957845    7.527677915781793    0.4
-7.04839995285362    7.842299940940234    0.4
-7.043999917611066    7.847199919499807    0.4
-6.949730151047382    7.959157296393697    0.4
-6.949985660694438    -1.2983379841233862    0.4
-6.548925422026103    -0.9903601620429182    0.4
-6.548665025401284    8.444197605521367    0.4
-6.191799900680195    8.927499998935158    0.4
-6.1879999488772315    8.932999994057441    0.4
-6.147598054305759    8.996101297576171    0.4
-6.147865216982562    -0.6836006163415582    0.4
-5.746805118303496    -0.3806948141547405    0.4
-5.746528577755495    9.638781348455703    0.4
-5.481699963696619    10.113599900415641    0.4
-5.480499902973657    10.115799967294441    0.4
-5.4784999925732185    10.11979991209784    0.4
-5.345455751635352    10.40282130773291    0.4
-5.345745019624432    -0.07778901196792341    0.4
-5.1689999646330405    0.05569996597092116    0.4
-5.16529999287091    0.05829996385158086    0.4
-5.16159992386881    0.06079996172951862    0.4
-5.157799963146837    0.06299995685030067    0.4
-5.15379990518497    0.06509994644830078    0.4
-5.149799949983133    0.067099936049099    0.4
-5.145699903061425    0.06879992288722146    0.4
-5.141499958899784    0.07039990696811206    0.4
-5.137199920255482    0.07179998828628875    0.4
-5.13289998989403    0.07289996960733977    0.4
-5.128499962292646    0.07389994816563888    0.4
-5.124099940211321    0.07469992672401414    0.4
-5.119699923650058    0.07529990528246559    0.4
-5.115199912606132    0.07569998108096317    0.4
-5.108999907085674    0.07589990995902697    0.4
-4.944689026508658    0.07636611400691375    0.4
-4.944377907933223    11.348655739674177    0.4
-4.931099955266283    11.381999904173348    0.4
-4.930199994543206    11.384199979335    0.4
-4.928799975862449    11.388499940695702    0.4
-4.719599966586294    12.040999966961216    0.4
-4.717899909265231    12.046699920041295    0.4
-4.547899988121117    12.710499928245305    0.4
-4.547299919120596    12.712999911684175    0.4
-4.5463999976768585    12.717399986847747    0.4
-4.543287919899884    12.734497389198582    0.4
-4.5436372567137875    0.07750402987611198    0.4
-4.142585486918918    0.07864194574531023    0.4
-4.142195835076397    14.196308870445554    0.4
-4.010099906197733    14.300399985407282    0.4
-3.7411412237423423    14.300399985562118    0.4
-3.741533525240274    0.08673209673917297    0.4
-3.3404790232568313    0.1868612761892459    0.4
-3.340089485354286    14.300399985793    0.4
-2.9390377469662297    14.300399986023882    0.4
-2.939424521273389    0.2869904556393188    0.4
-2.5383700192899474    0.3871196350893915    0.4
-2.537986008578174    14.300399986254765    0.4
-2.1369342701901175    14.300399986485647    0.4
-2.1373252693198275    0.13391883914757174    0.4
-1.7362832254045966    -0.21732635805136757    0.4
-1.7358825318020614    14.30039998671653    0.4
-1.3348307934140047    14.300399986947411    0.4
-1.3352436461818908    -0.6578710384169274    0.4
-1.148299919594573    -1.0658999069837223    0.4
-1.1112999297779154    -1.0553999281905415    0.4
-1.1100999214982825    -1.0550999613110157    0.4
-0.9901999272031498    -1.022699970574487    0.4
-0.986499999601499    -1.0216999726932179    0.4
-0.9342016179451876    -1.0096842920458056    0.4
-0.9337790550259486    14.300399987178295    0.4
-0.5327273166378923    14.300399987409177    0.4
-0.5331478666839334    -0.9367548962140994    0.4
-0.4881999988232309    -0.9310999258882192    0.4
-0.3648999709717033    -0.9155999290000738    0.4
-0.3603999571705072    -0.9150999532016143    0.4
-0.3574999516487918    -0.9148999332425604    0.4
-0.23349997772029088    -0.9085999556766408    0.4
-0.13209520912911354    -0.9034521143674578    0.4
-0.13167557824983606    14.30039998764006    0.4
0.26937616013822024    14.30039998787094    0.4
0.2689563485073405    -0.910001014048544    0.4
0.2729999783127134    -0.9101999352279849    0.4
0.276899970033898    -0.9104999428690407    0.4
0.400599969237353    -0.9213999570302799    0.4
0.40189996647682785    -0.9214999929106319    0.4
0.5254999187625711    -0.9340999043111936    0.4
0.53119999668292    -0.9348999616353589    0.4
0.6537999557641839    -0.9544999454384746    0.4
0.6700067868935133    -0.9571020193515456    0.4
0.6704278985262764    14.300399988101823    0.4
1.0714796369143327    14.300399988332705    0.4
1.0710561292869147    -1.0439124760418583    0.4
1.1494999757600208    -1.0660999269502418    0.4
1.1520999564388208    -1.0667999987107553    0.4
1.270699935273628    -1.1037999721198435    0.4
1.27289991319531    -1.1045999328401988    0.4
1.3904999175069284    -1.1442999786507189    0.4
1.3945999788677068    -1.1456999918141755    0.4
1.472104231445078    -1.1756585036473621    0.4
1.472531375302389    14.300399988563587    0.4
1.873583113690445    14.300399988794469    0.4
1.8731510664862652    -1.353314067592452    0.4
1.971499967131185    -1.4069999145264456    0.4
1.972699947810518    -1.407699947646539    0.4
2.080999964233768    -1.4686999367827163    0.4
2.0841999117947396    -1.4705999251029525    0.4
2.189999920575012    -1.535499945239654    0.4
2.1926999736562336    -1.5371999197625765    0.4
2.274196249523447    -1.5908241984995808    0.4
2.274634852078501    14.300399989025351    0.4
2.675686590466557    14.300399989256233    0.4
2.675239595086592    -1.8949087520313308    0.4
2.7936999142667913    -1.99949990771732    0.4
2.797499914907024    -2.0030999125998488    0.4
2.886199916473409    -2.089999960779601    0.4
2.887699975075148    -2.09149990218224    0.4
2.974599924201649    -2.180299900680728    0.4
2.976599966240257    -2.182399955883288    0.4
3.060799946364276    -2.2736999798627746    0.4
3.0632999690852443    -2.276499948865218    0.4
3.076280382359267    -2.2916839817158694    0.4
3.0767383288546135    14.300399989487115    0.4
3.47779006724267    14.300399989717999    0.4
3.4773172142364124    -2.831769085885133    0.4
3.512599999952991    -2.887699949913657    0.4
3.514699903353901    -2.8911999078729544    0.4
3.576599933584964    -2.998799916373342    0.4
3.577799970103816    -3.001099949495586    0.4
3.6369999534126376    -3.110399983474516    0.4
3.6382999899342123    -3.11269991935679    0.4
3.6944999373610257    -3.2232999705343253    0.4
3.6964999186817344    -3.2275999257360475    0.4
3.7474999915869587    -3.340899933396514    0.4
3.747699977786733    -3.3413999389163838    0.4
3.797999942412133    -3.454999927253766    0.4
3.800399979569449    -3.460899993497759    0.4
3.843399964151241    -3.5773999803546066    0.4
3.843399961391211    -3.577499980354569    0.4
3.8783457487271247    -3.6724808655340224    0.4
3.878841805630726    14.300399989948883    0.4
4.1236999969004655    14.300399990089844    0.4
4.279886576737835    14.047965018598624    0.4
4.279389671698924    -3.9556450430462866    0.4
4.680448328018242    -3.7049980839047993    0.4
4.680887316721757    12.200216837795917    0.4
4.756499922864738    11.917299923714355    0.4
4.758299954504983    11.91119997403062    0.4
4.976599928192582    11.26169994863847    0.4
4.978899959832635    11.255599985154582    0.4
5.08190607274237    11.005216514304198    0.4
5.08150698433756    -3.4543511247633116    0.4
5.269599905327651    -3.336799943809196    0.4
5.273399968809653    -3.334499948691213    0.4
5.277399926771521    -3.332399959090452    0.4
5.281399979213327    -3.3304999694923763    0.4
5.2854999288950655    -3.3286999826515316    0.4
5.289699970296675    -3.327199998573363    0.4
5.293999908940978    -3.325799917252426    0.4
5.298299942062459    -3.324599935934173    0.4
5.302699969663845    -3.3235999573758743    0.4
5.307099991745169    -3.322799978817499    0.4
5.311499908309193    -3.322199900256287    0.4
5.315899919350397    -3.32179992169776    0.4
5.320399924871503    -3.321599945899186    0.4
5.324899924872548    -3.321599970100536    0.4
5.329299919353573    -3.32179999154178    0.4
5.33379990831726    -3.322199915742978    0.4
5.338199991758163    -3.3227999371868293    0.4
5.342599969679007    -3.3235999586278444    0.4
5.346999942079791    -3.324599980068784    0.4
5.351299908960553    -3.3257999987496163    0.4
5.355599970324016    -3.3271999174331333    0.4
5.359699926164733    -3.328799930593754    0.4
5.363899979245384    -3.330499946517127    0.4
5.368099921285915    -3.3325999624375866    0.4
5.482560467930894    -3.3911197365956265    0.4
5.48293341072633    10.121153511946796    0.4
5.541799907869379    10.000099948468941    0.4
5.542799947148338    9.99789992086672    0.4
5.54499993950909    9.993999960144787    0.4
5.883965351720662    9.403864434894949    0.4
5.883606547120758    -3.5961609203840657    0.4
1111    1111    1111
4.892923925054915    -5.060698932963745    0.4
4.8929172432839625    -5.30278945194034    0.4
5.3882190839629125    -5.996967040864591    0.4
5.388260486534843    -4.4968901605404685    0.4
5.412499948041106    -4.4692999883246    0.4
5.883590495428194    -4.170491364602001    0.4
5.883565263715337    -5.084673922448314    0.4
1111    1111    1111
6.303714404715317    -5.092252102708627    0.4
6.3040970369403855    8.771083620876821    0.4
6.684099979104897    8.27079991998562    0.4
6.687899946624771    8.26599991510355    0.4
6.724229282241143    8.223812059714572    0.4
6.723859920207024    -5.15872487010831    0.4
7.144005435698731    -5.225197637507992    0.4
7.144363198654089    7.7370873835664415    0.4
7.5644988302486045    7.312506291697078    0.4
7.56417616686277    -4.378069019184437    0.4
7.699099997950758    -4.072599999020852    0.4
7.700999911114025    -4.068499951457463    0.4
7.703099918757155    -4.0645999094168195    0.4
7.705399926397448    -4.060699972896234    0.4
7.707799928520405    -4.056999939135603    0.4
7.710399930643284    -4.053299910895033    0.4
7.713099927243306    -4.049799985414416    0.4
7.715999921085981    -4.046399965453821    0.4
7.71909991216855    -4.043099951013248    0.4
7.722299997731022    -4.039999939335388    0.4
7.725599980533425    -4.036999930414762    0.4
7.729099957815692    -4.034199927014119    0.4
7.732599932337929    -4.031499923613437    0.4
7.736299901340029    -4.028999925732739    0.4
7.740199964821995    -4.026699933374784    0.4
7.744099925543929    -4.0244999410140325    0.4
7.748099980745766    -4.022499951415994    0.4
7.752199930427504    -4.02069996457515    0.4
7.756299974589181    -4.019099977736989    0.4
7.760599915990754    -4.017599996416091    0.4
7.764899949114996    -4.016399915097837    0.4
7.769199979476449    -4.015299933779546    0.4
7.773599901557772    -4.014499955218412    0.4
7.777999920879067    -4.013799976659999    0.4
7.782499934683024    -4.013299900861538    0.4
7.786899940204167    -4.013099922302935    0.4
7.791399942965243    -4.012999946504323    0.4
7.795899940206259    -4.013099970705635    0.4
7.800299929167223    -4.0134999921468015    0.4
7.80479991537088    -4.013999916347962    0.4
7.809199996051754    -4.014699937791775    0.4
7.813499968452576    -4.015699956472685    0.4
7.81789993809333    -4.016799977913585    0.4
7.8220999022141    -4.01809999383435    0.4
7.826399960817532    -4.01959991251783    0.4
7.830499913898221    -4.021299925678412    0.4
7.83359997525938    -4.02269991124157    0.4
7.9843313458264715    -4.094419795438765    0.4
7.984635579288142    6.928411898159472    0.4
8.135699983655334    6.792699954827029    0.4
8.13769993397679    6.790899999627115    0.4
8.141199956694615    6.788099903024371    0.4
8.404773406160054    6.583368977807377    0.4
8.404473178444348    -4.29432857002487    0.4
1111    1111    1111
8.812354673090498    6.278285182047051    0.4
8.812089699547775    -3.32210114186677    0.4
8.813099975882382    -3.3197999454677065    0.4
8.814999986282858    -3.31579999790704    0.4
8.816999996686059    -3.311799953106403    0.4
8.819299904329112    -3.3078999165830587    0.4
8.821699906449307    -3.304199982822428    0.4
8.824299908572188    -3.300499954581857    0.4
8.82709990517493    -3.2969999318612704    0.4
8.829999999017607    -3.293599911903435    0.4
8.832999987337423    -3.290399994702794    0.4
8.836199975659923    -3.287199983022213    0.4
8.842999935744595    -3.281399970700942    0.4
8.846599907506763    -3.2787999700602524    0.4
8.850299979268895    -3.2761999721823525    0.4
8.854099942750898    -3.2738999770616086    0.4
8.857999903472832    -3.2716999847008568    0.4
8.862099955914601    -3.2697999978628105    0.4
8.866099908359168    -3.2678999082619744    0.4
8.870299952520808    -3.2662999241838437    0.4
8.874499991162388    -3.2648999401056367    0.4
8.8787999270439    -3.263599958784662    0.4
8.883199954645285    -3.2625999802263634    0.4
8.887599979489396    -3.2616999016680257    0.4
8.891999996050663    -3.2610999231095743    0.4
8.896399909851896    -3.260599944548325    0.4
8.900899915373003    -3.260399968749751    0.4
8.905399918134076    -3.260299992951139    0.4
8.909899915377853    -3.260399917152451    0.4
8.914299904338819    -3.260799938593619    0.4
8.918799990539714    -3.2612999627975388    0.4
8.923199968460558    -3.2620999842385534    0.4
8.927499943624172    -3.262999902919501    0.4
8.931899913264925    -3.264099924360402    0.4
8.936099977385695    -3.2653999402839267    0.4
8.940299935986406    -3.2668999562046155    0.4
8.944499989067054    -3.2685999721279884    0.4
8.948499936627723    -3.2704999825284644    0.4
8.951499995228888    -3.271999965331553    0.4
9.219674825418837    -3.4149067878210615    0.4
9.219934632486185    5.998290434008731    0.4
9.251799953955416    5.976399949822103    0.4
9.253899915316957    5.974999991862007    0.4
9.257699949077548    5.972599986979021    0.4
9.627515606829066    5.755068735302546    0.4
9.627256518109254    -3.632101684769546    0.4
10.034838210799673    -3.84929658171803    0.4
10.03509706333934    5.5293166797894635    0.4
10.44267898762415    5.320512792764979    0.4
10.442423474310653    -3.937115328358344    0.4
10.850010946532008    -3.9449092066440317    0.4
10.850261841694628    5.145396426111064    0.4
11.100499987657717    5.039199924789601    0.4
11.10589992970055    5.037099975748782    0.4
11.25784504137191    4.982801909078358    0.4
11.257599283886933    -3.921358006426205    0.4
11.665190495486462    -3.7936686409473164    0.4
11.665428708686687    4.837150595270382    0.4
11.751199965316868    4.806499965186378    0.4
11.753599943238472    4.805699998945962    0.4
11.757899907359203    4.804399980265168    0.4
12.073013051811504    4.715984886325667    0.4
12.07278170708599    -3.6659792754684273    0.4
12.271899944235654    -3.603599909492557    0.4
12.276199980117164    -3.6022999281743417    0.4
12.280499907718589    -3.6012999468532523    0.4
12.284899932559942    -3.6003999682949153    0.4
12.289399949121167    -3.5997999924964943    0.4
12.293799962925162    -3.599299913938004    0.4
12.298299968446267    -3.599099938139431    0.4
12.302699971207383    -3.598999959580789    0.4
12.3071999684484    -3.5990999837821005    0.4
12.311699957412085    -3.5994999079832986    0.4
12.316099943613017    -3.599999929424428    0.4
12.320499921533862    -3.6007999508654436    0.4
12.324899996694677    -3.6016999723091803    0.4
12.32919996633547    -3.6027999909900514    0.4
12.333499927698933    -3.6041999096708084    0.4
12.33769998629964    -3.6056999255942572    0.4
12.34179993938033    -3.6073999387548397    0.4
12.345899989700989    -3.609199951918144    0.4
12.349899931741595    -3.611299962318544    0.4
12.353699971022246    -3.6134999672016064    0.4
12.35749990202281    -3.615999972081794    0.4
12.36119993302341    -3.618499974204712    0.4
12.364699955743996    -3.621299970807456    0.4
12.368099975704592    -3.6241999646501313    0.4
12.371399992905197    -3.627199955732739    0.4
12.374499904585814    -3.6303999412924495    0.4
12.377499913506442    -3.6336999240948527    0.4
12.381399981026277    -3.6384999317397146    0.4
12.480366557030992    -3.768782133738045    0.4
12.480597689642506    4.605496821784058    0.4
12.888182937575218    4.517113651249942    0.4
12.887939435710404    -4.305321784322926    0.4
13.026099956897387    -4.487199925975717    0.4
13.295523313187623    -4.44335859968223    0.4
13.295768577522905    4.442933767454465    0.4
13.70335463076896    4.383728299451135    0.4
13.703112721539643    -4.381003578654632    0.4
14.110701445951362    -4.343428734017532    0.4
14.110941245186481    4.344854909914071    0.4
14.466699900802372    4.314999916386311    0.4
14.472999989765372    4.314599942501813    0.4
14.518528071429829    4.313656285867442    0.4
14.518289872418002    -4.316648883494458    0.4
14.92587793753008    -4.302961447392392    0.4
14.926115525596398    4.3052082557473526    0.4
15.158099998101813    4.300399933530648    0.4
15.333703080220017    4.300399934278799    0.4
15.333465717643586    -4.299599934226293    0.4
15.741053404978338    -4.299599933486341    0.4
15.741290767554796    4.300399936015315    0.4
16.14887845488958    4.30039993775183    0.4
16.148641092313095    -4.299599932746388    0.4
16.556228779647846    -4.299599932006436    0.4
16.55646614222436    4.300399939488343    0.4
16.96405382955914    4.300399941224859    0.4
16.9638164669826    -4.299599931266485    0.4
17.37140415431735    -4.299599930526533    0.4
17.37164151689392    4.3003999429613735    0.4
17.779229204228695    4.300399944697888    0.4
17.7789918416521    -4.299599929786581    0.4
18.18657952898685    -4.299599929046629    0.4
18.186816891563474    4.300399946434403    0.4
18.594404578898256    4.300399948170918    0.4
18.594167216321605    -4.299599928306677    0.4
19.00175490365636    -4.299599927566724    0.4
19.001992266233035    4.300399949907432    0.4
19.409579953567814    4.300399951643948    0.4
19.40934259099111    -4.299599926826772    0.4
19.816930278325863    -4.29959992608682    0.4
19.817167640902596    4.300399953380462    0.4
20.224755328237375    4.300399955116978    0.4
20.224517965660613    -4.299599925346868    0.4
20.632105652995364    -4.299599924606917    0.4
20.632343015572154    4.300399956853492    0.4
21.039930702906933    4.300399958590006    0.4
21.039693340330118    -4.299599923866964    0.4
21.44728102766487    -4.299599923127012    0.4
21.447518390241715    4.300399960326522    0.4
21.855106077576494    4.300399962063037    0.4
21.854868714999622    -4.299599922387061    0.4
22.26245640233438    -4.299599921647109    0.4
22.262693764911276    4.300399963799552    0.4
22.670281452246055    4.300399965536067    0.4
22.67004408966913    -4.299599920907156    0.4
23.07763177700388    -4.299599920167204    0.4
23.077869139580834    4.300399967272582    0.4
23.485456826915613    4.300399969009096    0.4
23.48521946433863    -4.299599919427251    0.4
23.892807151673384    -4.2995999186873    0.4
23.89304451425039    4.300399970745611    0.4
24.02619990148061    4.300399971312916    0.4
24.300399981574913    4.006199903196388    0.4
24.300399925595762    -3.752990365680063    0.4
24.30038992284976    -4.115404759645964    0.4
1111    1111    1111
-1.16256790865991    -14.299599944087456    0.4
-0.5010475671153926    -9.066506468085105    0.4
-0.5099000829887846    -9.06539989945724    0.4
-0.6332000832021167    -9.049899911547818    0.4
-0.6395000121060863    -9.04889992396543    0.4
-0.7615000739372033    -9.02569997105333    0.4
-0.7621000652246772    -9.025599934585202    0.4
-0.8839999987440967    -9.001599922293307    0.4
-0.888300078939857    -9.000699931032221    0.4
-0.9116804454016002    -8.995024337781686    0.4
-1.5822369115037747    -14.299599945929229    0.4
-2.001905914347639    -14.299599947771004    0.4
-1.3167867772409656    -8.879823318822067    0.4
-1.374599893969517    -8.859499938405847    0.4
-1.3750999603753862    -8.85929994460664    0.4
-1.4920999151470111    -8.817399925737341    0.4
-1.497899904461112    -8.815199962781671    0.4
-1.611999935612913    -8.766199974875878    0.4
-1.7164346748105457    -8.721442226669678    0.4
-2.4215749171915038    -14.29959994961278    0.4
-2.841243920035369    -14.299599951454557    0.4
-2.109629668980524    -8.51201410759913    0.4
-2.17429990785024    -8.47269991794518    0.4
-2.1759999173451456    -8.471699919481567    0.4
-2.280799952295727    -8.405099912430689    0.4
-2.2851999058415786    -8.402200005700404    0.4
-2.386399981388923    -8.330199944576183    0.4
-2.487599918074664    -8.25809991155232    0.4
-2.491199938561035    -8.25540000582291    0.4
-2.4929999597719483    -8.2539999056514    0.4
-2.4963373537471876    -8.251266785802283    0.4
-3.2609129228792337    -14.299599953296328    0.4
-3.6805819257230983    -14.299599955138104    0.4
-2.874214565994466    -7.9206641848415025    0.4
-2.8746999004477125    -7.92019993879956    0.4
-2.9619999064589226    -7.831899931591053    0.4
-2.9645999801784217    -7.829099941879792    0.4
-3.0484999856131703    -7.737499984268615    0.4
-3.049499967187245    -7.736499978272878    0.4
-3.132099948569752    -7.643799975179192    0.4
-3.135799936277054    -7.639399908882439    0.4
-3.2128999601366064    -7.541999963617227    0.4
-3.212999904926395    -7.541899939525159    0.4
-3.2414497724810563    -7.505875796354057    0.4
-4.100250928566963    -14.29959995697988    0.4
-4.122899913087531    -14.299599957079277    0.4
-4.356899966092672    -13.921399905675209    0.4
-4.415595616908269    -13.474320892818792    0.4
-3.593295741748658    -6.9693476640768575    0.4
-3.6286999758335527    -6.905099921839697    0.4
-3.63079997110158    -6.900999984855515    0.4
-3.6856999887125745    -6.789499981507656    0.4
-3.685999902549449    -6.788899930826087    0.4
-3.7400999872661913    -6.67709998119188    0.4
-3.7425999479034697    -6.671599928971941    0.4
-3.7898999561828024    -6.556699920505165    0.4
-3.8370999800212067    -6.4417999516895295    0.4
-3.8391999110512023    -6.4360999899818285    0.4
-3.879399988615574    -6.318599976381835    0.4
-3.8797999466179305    -6.317399941779688    0.4
-3.9164319928714355    -6.205705368732853    0.4
-4.676024453371609    -12.214618624798653    0.4
-4.755699929675828    -11.916499930324456    0.4
-4.757499922116828    -11.910399926302953    0.4
-4.975315251118925    -11.262341938862683    0.4
-4.14057428450436    -4.658950883126548    0.4
-4.300799951971155    -4.766299911317217    0.4
-4.577799944841218    -5.289599985896025    0.4
-4.579999923026364    -5.293499972081241    0.4
-4.582399942193979    -5.297299981192426    0.4
-4.584899906151385    -5.30099996621154    0.4
-4.58759991109126    -5.304599974156622    0.4
-4.590399920380247    -5.307999961027417    0.4
-4.5933999706517055    -5.311299970824179    0.4
-4.596499965712953    -5.3144999565288735    0.4
-4.599799902546207    -5.317599977700822    0.4
-4.603199942939036    -5.320499965257198    0.4
-4.6066999876809795    -5.323199931739284    0.4
-4.610399974194928    -5.325799933688629    0.4
-4.614199965057991    -5.328199914563686    0.4
-4.617999975829238    -5.330399914015597    0.4
-4.621999928372491    -5.332499948934764    0.4
-4.626099984475321    -5.334399950238357    0.4
-4.630199961275871    -5.336099982660091    0.4
-4.634399942425534    -5.337599994007539    0.4
-4.639499960029025    -5.339199918025761    0.4
-4.646478456739231    -5.341132027408175    0.4
-5.298389188378075    -10.498206696812833    0.4
-5.540999967243538    -9.999299986000299    0.4
-5.541999956514965    -9.997100004796508    0.4
-5.544199916315737    -9.993200009584333    0.4
-5.634374228970304    -9.836207407925938    0.4
-5.081368124504184    -5.461538247013399    0.4
-5.516257792269136    -5.581944466618621    0.4
-5.9804569367109455    -9.254087803394352    0.4
-6.264799944778789    -8.82129999590012    0.4
-6.266099979216571    -8.819299963835231    0.4
-6.268799906047519    -8.81569993465236    0.4
-6.333878343583775    -8.730022496121913    0.4
-5.931516817599763    -5.5470584292798595    0.4
-6.336463332556496    -5.430593145817193    0.4
-6.693804479499484    -8.257414193237244    0.4
-7.059753565068742    -7.832451679240481    0.4
-6.739188646151658    -5.296556589599729    0.4
-6.740799982713431    -5.294599968382089    0.4
-6.743499909544379    -5.290999939199217    0.4
-6.746899951461019    -5.285899963935053    0.4
-7.088398816382802    -4.73917742391434    0.4
-7.430598071554909    -7.446215404867354    0.4
-7.6208999769799615    -7.253899970592658    0.4
-7.625199928699658    -7.249799929884535    0.4
-7.80501723512231    -7.088257194638199    0.4
-7.4552466019800345    -4.321324262356064    0.4
-7.882169218645416    -4.378705476509745    0.4
-8.182507425408174    -6.754592976408588    0.4
-8.56465355260464    -6.457760510041167    0.4
-8.309091835310795    -4.436086690663426    0.4
-8.6744999519429    -4.485199950480239    0.4
-8.744987554208292    -4.564451485821978    0.4
-8.94955019212071    -6.182686540233034    0.4
-9.25099990987803    -5.975599975182365    0.4
-9.253099909494306    -5.9741999544783635    0.4
-9.256899918605491    -5.971799935310747    0.4
-9.336632104727531    -5.924899625162755    0.4
-9.234185248822273    -5.1144725836857745    0.4
-9.723382943436258    -5.664493681549574    0.4
-9.72725521724176    -5.695126104343339    0.4
1111    1111    1111
2.150989583665157    -12.537901936702044    0.4
2.1509912163550826    -12.537889020970718    0.4
1.7698315862217222    -12.06021832411915    0.4
1.6983089427535536    -12.62601298743341    0.4
1.2456179679958004    -12.714126049574059    0.4
1.3854663076490905    -11.607826835613844    0.4
0.9809700254985023    -11.314685814362834    0.4
0.6358128952916027    -14.045122677519924    0.4
0.5475999890276555    -14.299599965717302    0.4
0.16209165883373755    -14.299599974272807    0.4
0.5764737433479137    -11.021544793111822    0.4
0.3852999668954149    -10.882999944769224    0.4
0.381799943391262    -10.880299979480489    0.4
0.378299912520214    -10.877399933558145    0.4
0.37499998939262613    -10.87439999503844    0.4
0.37179995666989796    -10.871199903784511    0.4
0.3687999324801663    -10.867899907391934    0.4
0.36589993238250296    -10.864499966209568    0.4
0.3631999659004148    -10.860999921467624    0.4
0.3606999483919995    -10.857299974604814    0.4
0.35829996751694204    -10.85349998374175    0.4
0.3560999085057066    -10.849599975988289    0.4
0.35399994568715254    -10.84569992121679    0.4
0.3531000004159781    -10.843599976646354    0.4
0.19978071703522327    -10.508460366345536    0.4
-0.27946086086933586    -14.29959998407209    0.4
-0.721013380572409    -14.29959999387137    0.4
-0.14617657961759156    -9.752234593407294    0.4
1111    1111    1111
-6.597850173792152    -5.146999546898417    0.4
-6.597585275825455    -5.1474042353320595    0.4
-5.98419688495778    -5.323842208766971    0.4
-7.046567779141996    -3.7008429140746375    0.4
-6.88598629868188    -3.185502998941718    0.4
-5.462889417537437    -5.35958857208788    0.4
-5.041370003858761    -5.24288729049678    0.4
-6.736728893737554    -2.652863130773768    0.4
-6.737500000000001    -2.6501    0.4
-6.739000000000001    -2.645900000000001    0.4
-6.740600000000001    -2.6417000000000006    0.4
-7.1306    -1.6892    0.4
-6.956911822819881    -1.555823950803712    0.4
-4.67390709976135    -5.043603101745662    0.4
-4.4658    -4.6504    0.4
-4.4636000000000005    -4.6465    0.4
-4.4612    -4.6427    0.4
-4.4587    -4.639    0.4
-4.456    -4.6354    0.4
-4.4532    -4.632    0.4
-4.4502    -4.6287    0.4
-4.448637914097374    -4.627087524229548    0.4
-6.625557896336423    -1.3013755576110655    0.4
-6.294203969852964    -1.0469271644184186    0.4
-4.103673930217002    -4.393431411470069    0.4
-4.0466    -4.3552    0.4
-4.0323    -4.2749    0.4
-4.0104    -4.1526    0.4
-4.0091    -4.1463    0.4
-3.9796000000000014    -4.0257000000000005    0.4
-3.9794999999999994    -4.0251    0.4
-3.9492    -3.9046    0.4
-3.948    -3.9003    0.4
-3.941897233460761    -3.8799174454630476    0.4
-5.961942018264116    -0.7938659742390302    0.4
-5.628751791727831    -0.5422229230478428    0.4
-3.766760328013186    -3.3868140624282077    0.4
-3.7334    -3.307    0.4
-3.7308000000000003    -3.3014000000000006    0.4
-3.6759000000000004    -3.1901000000000006    0.4
-3.6211000000000007    -3.0786    0.4
-3.6184    -3.0733    0.4
-3.5571000000000006    -2.9653000000000005    0.4
-3.5563999999999996    -2.9642000000000004    0.4
-3.55124407074749    -2.9553987959256522    0.4
-5.295561565191545    -0.290579871856655    0.4
-5.075000000000001    -0.12400000000000011    0.4
-4.9070000461089185    -0.12352834067122176    0.4
-3.302789164418325    -2.5743043773405105    0.4
-3.2793000000000005    -2.5414    0.4
-3.2763    -2.5374    0.4
-3.1993    -2.4401    0.4
-3.1223    -2.3426    0.4
-3.1194    -2.3392    0.4
-3.1175    -2.3371000000000004    0.4
-3.0336    -2.2455    0.4
-3.0257341027392606    -2.236902827427774    0.4
-4.410004503174065    -0.12213302728715703    0.4
-3.913008960239212    -0.12073771390309229    0.4
-2.723516589552173    -1.937942316585119    0.4
-2.6711000000000005    -1.8914000000000002    0.4
-2.6681    -1.8889    0.4
-2.5721    -1.8101    0.4
-2.5711999999999997    -1.8093    0.4
-2.4742    -1.7317    0.4
-2.4697    -1.7283    0.4
-2.396788839520941    -1.6764264470899977    0.4
-3.4617154476103433    -0.04952275150691987    0.4
-3.0337442456818455    0.05732204038148714    0.4
-2.0475128826931974    -1.4493577974195668    0.4
-2.0456    -1.4482    0.4
-1.9366999999999999    -1.3885    0.4
-1.9345    -1.3873    0.4
-1.8241    -1.3302999999999998    0.4
-1.8217    -1.3292    0.4
-1.7100000000000002    -1.2752    0.4
-1.7058999999999997    -1.2733    0.4
-1.673848546828703    -1.2595476251716853    0.4
-2.6057730437533477    0.16416683226989415    0.4
-2.5043000000000006    0.1895    0.4
-1.614085243230808    -0.5901863312196491    0.4
-1.5213467133585112    -0.7318643171259932    0.4
1111    1111    1111
12.793987048671484    -4.5122394919938476    0.4
12.796701443105029    -4.535245375457888    0.4
12.391782936036154    -4.626698817613889    0.4
12.301827541551239    -3.8642807633669363    0.4
12.264699932995974    -3.8153999479231953    0.4
11.894050442496063    -3.9315061739239097    0.4
11.989382197349023    -4.7394916367093645    0.4
11.62949990726511    -4.847099995697018    0.4
11.623599984938517    -4.848999902115815    0.4
11.588130109871718    -4.862019863285612    0.4
11.493158392654951    -4.057085903921548    0.4
11.207399985721235    -4.146599935445781    0.4
11.203099991565196    -4.147899939056555    0.4
11.198799949424263    -4.1488999819737415    0.4
11.194399991984223    -4.14979994295947    0.4
11.189899900350293    -4.1503999709639965    0.4
11.185499978241534    -4.150899972640857    0.4
11.180999910221464    -4.151099942025375    0.4
11.175599932408248    -4.151199969155567    0.4
11.08835663280026    -4.149528838529728    0.4
11.189678082339164    -5.008280032421554    0.4
10.98039995720455    -5.085099955181618    0.4
10.974299970147163    -5.087599937723495    0.4
10.792844400506896    -5.168256510479028    0.4
10.671706172855808    -4.1415479695459565    0.4
10.255055712911359    -4.133567100562185    0.4
10.397850980925899    -5.343830153919962    0.4
10.348199979544924    -5.365899906935583    0.4
10.342399913572299    -5.368699913214714    0.4
10.005865253614589    -5.544895530248745    0.4
9.818976826559158    -3.960920364192759    0.4
9.375378390560224    -3.7245415921482934    0.4
9.615465702692598    -5.759404564107571    0.4
9.22767560812885    -5.99603007748035    0.4
9.081237679167906    -4.754893606392148    0.4
9.079099933365258    -4.7573999629301555    0.4
9.07609992103315    -4.760599930345177    0.4
9.072899934905317    -4.763799929750125    0.4
9.066099907370996    -4.769599971841565    0.4
9.062499965275645    -4.772200002810636    0.4
9.058799925253876    -4.7747999621809525    0.4
9.05499994966049    -4.777099965135227    0.4
9.051099971174278    -4.779299997186602    0.4
9.046999959190028    -4.781200001223181    0.4
9.04299993410364    -4.7830999892647945    0.4
9.038799974830356    -4.784699937574192    0.4
9.034599983567142    -4.786099912087863    0.4
9.030299989411102    -4.787399915698636    0.4
9.025899960372309    -4.788399974610786    0.4
9.02149990362113    -4.7892999473139355    0.4
9.017099898196198    -4.789899947606078    0.4
9.01269997608744    -4.790399949282937    0.4
9.008199908067372    -4.790599918667456    0.4
9.003699935080894    -4.790699988747829    0.4
8.99919991838707    -4.79059998572134    0.4
8.994799939917355    -4.790199994288881    0.4
8.990299946837395    -4.7896999326423835    0.4
8.985899904387823    -4.7888999936184735    0.4
8.981599920434869    -4.787999940673179    0.4
8.977199917594122    -4.786899929927124    0.4
8.972999967587732    -4.785600000989134    0.4
8.968799973873997    -4.78409999894428    0.4
8.964599936452911    -4.782399923792565    0.4
8.961599935971885    -4.781000002922    0.4
8.651180020280508    -4.633279857584831    0.4
8.842858090060258    -6.257849699561281    0.4
8.578199987965363    -6.443199954228777    0.4
8.572999943448217    -6.447099930754307    0.4
8.460162861762466    -6.537656814742162    0.4
8.21074206365397    -4.423687767399603    0.4
7.84049995466422    -4.24749991544399    0.4
7.788213275840196    -4.365885058135787    0.4
8.0804125591435    -6.8424236837967145    0.4
8.038699951036115    -6.875899946712935    0.4
8.033699956011969    -6.880199938151125    0.4
7.704725610292828    -7.181629557776744    0.4
7.460144896365671    -5.108682703545096    0.4
7.338899970663241    -5.383200002267525    0.4
7.3369999933145555    -5.3872999737521186    0.4
7.334899899151658    -5.391199915837198    0.4
7.332599942221593    -5.395099977505921    0.4
7.330199954686319    -5.398799982062746    0.4
7.327599981637898    -5.4024999192983625    0.4
7.324899902107971    -5.406000009761774    0.4
7.321999908663651    -5.4093999349775554    0.4
7.318899937146065    -5.41270000459654    0.4
7.315699923305846    -5.415799917792487    0.4
7.312399918290222    -5.418799959396675    0.4
7.308899895771526    -5.4215999598839275    0.4
7.305399956569001    -5.424299961755898    0.4
7.301699900552268    -5.426799934228352    0.4
7.2977999380610195    -5.42909995317759    0.4
7.293899959574807    -5.431299985228966    0.4
7.289899950483385    -5.433299960168442    0.4
7.285799922504171    -5.435099977307158    0.4
7.281699950128748    -5.436699909621591    0.4
7.277399900368917    -5.438199998056647    0.4
7.273099977811632    -5.439399903741    0.4
7.268799951665664    -5.440499933556048    0.4
7.264399978230661    -5.4412999076439155    0.4
7.259999901206975    -5.442000005862478    0.4
7.255499980482934    -5.4424999242231635    0.4
7.251099911078147    -5.442699976923857    0.4
7.246599926374251    -5.442799947693092    0.4
7.2420999096804275    -5.442699944666603    0.4
7.237699931210711    -5.442299953234142    0.4
7.23179996682477    -5.44159995481656    0.4
7.080899712197029    -5.417730710248645    0.4
7.332139738293863    -7.547118646820058    0.4
7.049199968962726    -7.841499970320755    0.4
7.04479991541924    -7.8463999975160315    0.4
6.963179273937057    -7.943334923001105    0.4
6.6572849449711455    -5.350723769097758    0.4
6.233670177745262    -5.28371682794687    0.4
6.59861730751191    -8.376830722593347    0.4
6.24018265415715    -8.862258639604859    0.4
5.860499149114101    -5.644246414744618    0.4
5.567699930070231    -6.330899998431195    0.4
5.5657999527215445    -6.334999969915788    0.4
5.563799972480031    -6.3389999704974835    0.4
5.561599891419271    -6.342899928577525    0.4
5.55919991987896    -6.346699920032212    0.4
5.556699929450859    -6.3502999536861395    0.4
5.553999953509613    -6.353899920018856    0.4
5.5510999717827145    -6.357299944545774    0.4
5.548099903846815    -6.360699996785078    0.4
5.544999987933018    -6.363799981579779    0.4
5.541699971199973    -6.366799923872829    0.4
5.538299963291523    -6.369699994574119    0.4
5.534699926162579    -6.372399924847334    0.4
5.531008973118647    -6.3749936062236205    0.4
5.888132109594649    -9.40179514934019    0.4
5.819299981581533    -9.50929996322828    0.4
5.816199928441129    -9.514499930087469    0.4
5.5434244765572265    -10.003566596174227    0.4
5.056463895934289    -5.8763261955358566    0.4
1111    1111    1111
5.8715541428867075    -3.941277333748233    0.4
5.855639051077189    -3.8063887770357203    0.4
5.327599965371037    -3.536399962095961    0.4
5.303835798304095    -3.551251655750141    0.4
5.386176280479038    -4.249129426894851    0.4
5.29319992055783    -4.308099909959151    0.4
5.288199980201284    -4.311499995881738    0.4
5.28459994307234    -4.314199926154954    0.4
5.281199907451506    -4.316999910647242    0.4
5.277899918430846    -4.3200999391492925    0.4
5.274699916308048    -4.323199951656379    0.4
5.271699931688323    -4.3265000052803995    0.4
4.920746920072272    -4.726055294524459    0.4
4.817962408820562    -3.854903903060175    0.4
1111    1111    1111
5.204293954140398    -10.704012768283357    0.4
4.425153085275858    -4.100394734863549    0.4
1111    1111    1111
4.0993715204951116    -5.001872803679689    0.4
4.873471444990743    -11.562766250994164    0.4
4.720399950420909    -12.040199911383224    0.4
4.718699940006217    -12.045899974329364    0.4
4.567835846571752    -12.634979757893863    0.4
3.836830685390506    -6.439336507996915    0.4
3.835699957435484    -6.442399991283738    0.4
3.835499980298405    -6.4429999563782605    0.4
3.7917999026920675    -6.559299924671679    0.4
3.7893999882698814    -6.565099987169289    0.4
3.738399901858533    -6.678399962333254    0.4
3.6873998987633585    -6.791599938881936    0.4
3.684799934848172    -6.7969999864668855    0.4
3.6271999102716546    -6.90699997171936    0.4
3.6264999119877346    -6.90829994850858    0.4
3.5672999339334464    -7.017499996564163    0.4
3.5654999704378385    -7.02059996032919    0.4
3.5023999349923702    -7.127599939041434    0.4
3.500799964628805    -7.1301999246098005    0.4
3.488496311243294    -7.149656015144359    0.4
4.304774067216479    -14.068028192796287    0.4
4.010899965879038    -14.299599960051133    0.4
3.8999536989079235    -14.299599960496963    0.4
3.11660840503896    -7.660347271151789    0.4
3.049099900892162    -7.739399967799329    0.4
3.045699937627249    -7.743199932298799    0.4
2.96039996836009    -7.8334999306280455    0.4
2.9590999376604374    -7.8347999157933295    0.4
2.872199974549514    -7.923499970714226    0.4
2.8697999382721804    -7.925799936643862    0.4
2.7799999684398236    -8.011499931247759    0.4
2.777199933244794    -8.014099933568255    0.4
2.731020325444394    -8.054922538798149    0.4
3.467810880084409    -14.299599962233495    0.4
3.0356680612608953    -14.299599963970026    0.4
2.3357440602769213    -8.367385470258627    0.4
1111    1111    1111
1.9556004478560503    -8.60117217676086    0.4
2.4230322119190926    -12.562895852042228    0.4
2.4221999610693223    -12.561099940879796    0.4
2.4201999861298455    -12.557099931788372    0.4
2.4179999540784705    -12.55319995330216    0.4
2.4155999802212977    -12.549499980601599    0.4
2.413099908437705    -12.545799936302286    0.4
2.410399989881909    -12.542199998484481    0.4
1.9438878690949242    -11.957583579674928    0.4
1.5696601190940958    -8.785811673892326    0.4
1.4898999124222345    -8.816600004404613    0.4
1.3740999119879662    -8.861399987028198    0.4
1.3688999053862883    -8.863199993206662    0.4
1.2507999475321134    -8.90159998437192    0.4
1.249599946680504    -8.901999948715503    0.4
1.1782600636869645    -8.924177190576358    0.4
1.4732531796210633    -11.424394979120828    0.4
1.027405595787277    -11.101289797807237    0.4
0.78217202585698    -9.022809654477495    0.4
0.7597000948083545    -9.027599983309152    0.4
0.7547000056414441    -9.02849996438837    0.4
0.6321000712369218    -9.048099930418106    0.4
0.5094000666183635    -9.06779991105809    0.4
0.5050000771883955    -9.068499898248094    0.4
0.5024999926175306    -9.068699921543047    0.4
0.3811344620144045    -9.079492349678574    0.4
0.581558011953491    -10.778184616493645    0.4
0.5239000258960927    -10.73639994676625    0.4
0.045513585475738694    -9.690529641067217    0.4
0.045508968880988654    -9.690490513061533    0.4
1111    1111    1111
2.3777821531464176    -12.693608800336852    0.4
2.5672681853306787    -14.299600000665869    0.4
2.098870318397251    -14.299599996034923    0.4
1.9203628506935866    -12.78665775422195    0.4
1.4624778299409054    -12.875759506918813    0.4
1.6304724514638236    -14.299599991403978    0.4
1.1620745845303957    -14.299599986773034    0.4
1.0597947015947926    -13.432725578819158    0.4
1111    1111    1111
11    1111    0.6