-11.599601    -4.751289777131781    0.2
-11.599601    4.752089677131784    0.2
-11.7355    4.705999900000001    0.2
-11.7376    4.705299900000001    0.2
-11.748    4.701899900000001    0.2
-11.7505    4.701099900000001    0.2
-11.7646    4.6966999000000005    0.2
-11.7681    4.695599900000001    0.2
-12.005850968750002    4.626180246910782    0.2
-12.005850968750002    -4.625380346910781    0.2
-12.1873    -4.572399999999999    0.2
-12.1908999    -4.571399999999999    0.2
-12.2056    -4.567399999999999    0.2
-12.2087    -4.566599999999999    0.2
-12.2193    -4.563899999999999    0.2
-12.2211    -4.5634999999999994    0.2
-12.412100937500002    -4.516650713443396    0.2
-12.412100937500002    4.517450613443397    0.2
-12.6451    4.460299900000001    0.2
-12.6468    4.459799900000001    0.2
-12.6574    4.457299900000001    0.2
-12.6617    4.456399900000001    0.2
-12.6771999    4.453099900000001    0.2
-12.6799    4.452499900000001    0.2
-12.818350906250004    4.425017135838016    0.2
-12.818350906250004    -4.424217235838014    0.2
-13.1071    -4.366899999999999    0.2
-13.1099    -4.366399999999999    0.2
-13.1245999    -4.363699999999999    0.2
-13.1278    -4.363099999999999    0.2
-13.1386    -4.361299999999999    0.2
-13.1411    -4.360899999999999    0.2
-13.224600875000004    -4.348041794758811    0.2
-13.224600875000004    4.3488416947588115    0.2
-13.5723    4.295299900000001    0.2
-13.5734    4.295199900000001    0.2
-13.5842    4.293599900000001    0.2
-13.5895    4.292799900000001    0.2
-13.6052    4.290899900000001    0.2
-13.6076    4.290699900000001    0.2
-13.630850843750006    4.2881735652279005    0.2
-13.630850843750006    -4.287373665227899    0.2
-14.037100812500006    -4.2432323242403305    0.2
-14.037100812500006    4.244032224240331    0.2
-14.042    4.243499900000001    0.2
-14.0435    4.243299900000001    0.2
-14.0544    4.242199900000001    0.2
-14.0592    4.241799900000001    0.2
-14.0735    4.240699900000001    0.2
-14.0756    4.2404999000000005    0.2
-14.443350781250007    4.216163451240809    0.2
-14.443350781250007    -4.215363551240808    0.2
-14.5108    -4.210899999999999    0.2
-14.5136    -4.210799999999999    0.2
-14.529    -4.209999999999999    0.2
-14.5321    -4.2097999999999995    0.2
-14.5431    -4.209399999999999    0.2
-14.546    -4.209299999999999    0.2
-14.849600750000008    -4.2026152128440355    0.2
-14.849600750000008    4.203415112844037    0.2
-14.982    4.2004999000000005    0.2
-14.9849    4.2004999000000005    0.2
-14.9981    4.200399900000001    0.2
-15.25585071875001    4.200399900000001    0.2
-15.25585071875001    -4.199599999999999    0.2
-15.662100687500011    -4.199599999999999    0.2
-15.662100687500011    4.200399900000001    0.2
-16.06835065625001    4.200399900000001    0.2
-16.06835065625001    -4.199599999999999    0.2
-16.47460062500001    -4.199599999999999    0.2
-16.47460062500001    4.200399900000001    0.2
-16.88085059375001    4.200399900000001    0.2
-16.88085059375001    -4.199599999999999    0.2
-17.28710056250001    -4.199599999999999    0.2
-17.28710056250001    4.200399900000001    0.2
-17.69335053125001    4.200399900000001    0.2
-17.69335053125001    -4.199599999999999    0.2
-18.099600500000008    -4.199599999999999    0.2
-18.099600500000008    4.200399900000001    0.2
-18.50585046875001    4.200399900000001    0.2
-18.50585046875001    -4.199599999999999    0.2
-18.91210043750001    -4.199599999999999    0.2
-18.91210043750001    4.200399900000001    0.2
-19.31835040625001    4.200399900000001    0.2
-19.31835040625001    -4.199599999999999    0.2
-19.72460037500001    -4.199599999999999    0.2
-19.72460037500001    4.200399900000001    0.2
-20.130850343750005    4.200399900000001    0.2
-20.130850343750005    -4.199599999999999    0.2
-20.537100312500005    -4.199599999999999    0.2
-20.537100312500005    4.200399900000001    0.2
-20.943350281250005    4.200399900000001    0.2
-20.943350281250005    -4.199599999999999    0.2
-21.349600250000005    -4.199599999999999    0.2
-21.349600250000005    4.200399900000001    0.2
-21.755850218750005    4.200399900000001    0.2
-21.755850218750005    -4.199599999999999    0.2
-22.162100187500002    -4.1995999999999984    0.2
-22.162100187500002    4.200399900000002    0.2
-22.568350156250002    4.200399900000002    0.2
-22.568350156250002    -4.1995999999999984    0.2
-22.974600125000002    -4.1995999999999984    0.2
-22.974600125000002    4.200399900000002    0.2
-23.380850093750002    4.200399900000002    0.2
-23.380850093750002    -4.1995999999999984    0.2
-23.7871000625    -4.1995999999999984    0.2
-23.7871000625    4.200399900000002    0.2
-24.19335003125    4.200399900000002    0.2
-24.19335003125    -4.1995999999999984    0.2
1111    1111    1111
-5.199601000000001    -10.461495210502282    0.2
-5.199601    -1.597539375    0.2
-5.2351    -1.6640999999999997    0.2
-5.2371    -1.6676999999999997    0.2
-5.2403    -1.6730999999999998    0.2
-5.2436    -1.6784999999999999    0.2
-5.3764    -1.8840999999999999    0.2
-5.3815    -1.8916999999999997    0.2
-5.3853    -1.8966999999999998    0.2
-5.5333    -2.0910999999999995    0.2
-5.5358    -2.0943999999999994    0.2
-5.5397999    -2.0992999999999995    0.2
-5.5439999    -2.1039999999999996    0.2
-5.626267533333333    -2.195096299412825    0.2
-5.626267533333334    -9.636595708238275    0.2
-5.638699900000001    -9.614    0.2
-5.640199900000001    -9.6113    0.2
-5.647499900000001    -9.5985    0.2
-5.649399900000001    -9.5952    0.2
-5.654999900000001    -9.5858    0.2
-5.6558999000000005    -9.5844    0.2
-5.8822999000000005    -9.2116    0.2
-5.882899900000001    -9.2105    0.2
-5.890599900000001    -9.198    0.2
-5.893399900000001    -9.1936    0.2
-5.899399900000001    -9.1844    0.2
-5.900499900000001    -9.1827    0.2
-6.052934066666668    -8.954300291529151    0.2
-6.052934066666667    -2.58959109902371    0.2
-6.1015    -2.6281999999999996    0.2
-6.104    -2.6300999999999997    0.2
-6.1091    -2.6338999999999997    0.2
-6.1143    -2.6374999999999997    0.2
-6.3175    -2.7742999999999998    0.2
-6.3209    -2.7764999999999995    0.2
-6.3263    -2.7798999999999996    0.2
-6.3317    -2.7829999999999995    0.2
-6.4796006    -2.86553628988764    0.2
-6.479600600000001    -8.364036974656532    0.2
-6.714800000000001    -8.0709    0.2
-6.716599900000001    -8.0687    0.2
-6.726600000000001    -8.0566    0.2
-6.728799900000001    -8.054    0.2
-6.735899900000001    -8.0457    0.2
-6.737599900000001    -8.0437    0.2
-6.906267133333334    -7.8516067620370364    0.2
-6.906267133333333    -3.056468926364692    0.2
-7.0275    -3.1003999999999996    0.2
-7.0307    -3.1015999999999995    0.2
-7.0367    -3.1034999999999995    0.2
-7.0428    -3.1052999999999997    0.2
-7.2796    -3.1700999999999997    0.2
-7.284    -3.1711999999999994    0.2
-7.2901    -3.1726999999999994    0.2
-7.2963    -3.1738999999999997    0.2
-7.332933666666667    -3.180616172222222    0.2
-7.332933666666668    -7.39355383536693    0.2
-7.350399900000001    -7.375299999999999    0.2
-7.351600000000001    -7.374099999999999    0.2
-7.362399900000001    -7.3629999999999995    0.2
-7.366999900000001    -7.358399999999999    0.2
-7.374900000000001    -7.350799999999999    0.2
-7.375300000000001    -7.350399999999999    0.2
-7.6905    -7.048799999999999    0.2
-7.6922    -7.047199999999999    0.2
-7.703    -7.037099999999999    0.2
-7.7057    -7.034599999999999    0.2
-7.7138    -7.027299999999999    0.2
-7.7157    -7.025599999999999    0.2
-7.7596002    -6.987053482926829    0.2
-7.7596002    -3.241933463606557    0.2
-7.7955    -3.2456999999999994    0.2
-7.7998    -3.2460999999999998    0.2
-7.8061    -3.2464999999999997    0.2
-7.8125    -3.2467999999999995    0.2
-8.0565    -3.2515999999999994    0.2
-8.0602    -3.2515999999999994    0.2
-8.0665    -3.2514999999999996    0.2
-8.0728    -3.2511999999999994    0.2
-8.186266733333333    -3.2441546799564267    0.2
-8.186266733333333    -6.622235162196078    0.2
-8.4109    -6.441999999999999    0.2
-8.4137    -6.439899999999999    0.2
-8.4261    -6.430299999999999    0.2
-8.4285    -6.428399999999999    0.2
-8.4373    -6.421799999999999    0.2
-8.4392    -6.420399999999999    0.2
-8.612933266666666    -6.293258836666666    0.2
-8.612933266666666    -3.1922461002237137    0.2
-8.8305    -3.1425999999999994    0.2
-8.8345    -3.1415999999999995    0.2
-8.8406    -3.1399999999999997    0.2
-8.8467    -3.1381999999999994    0.2
-9.0395998    -3.0767627349315068    0.2
-9.0395998    -5.996005199559471    0.2
-9.1827    -5.900499999999999    0.2
-9.1847    -5.8991999999999996    0.2
-9.1969999    -5.8911999999999995    0.2
-9.2023    -5.887899999999999    0.2
-9.2117    -5.882199999999999    0.2
-9.466266333333333    -5.727629672032913    0.2
-9.466266333333333    -2.8934303284493272    0.2
-9.5551    -2.8481999999999994    0.2
-9.5582    -2.8465999999999996    0.2
-9.5638    -2.8435999999999995    0.2
-9.5692    -2.8402999999999996    0.2
-9.7772    -2.7122999999999995    0.2
-9.785    -2.7072999999999996    0.2
-9.7902    -2.7035999999999993    0.2
-9.892932866666666    -2.6287339433198387    0.2
-9.892932866666666    -5.485228569177126    0.2
-9.9964    -5.428299999999999    0.2
-9.9984    -5.427199999999999    0.2
-10.0126    -5.419599999999999    0.2
-10.0176    -5.416999999999999    0.2
-10.0284    -5.411599999999999    0.2
-10.3195994    -5.268084549284253    0.2
-10.3195994    -2.2529183682242993    0.2
-10.3687    -2.2028999999999996    0.2
-10.3715    -2.1999999999999997    0.2
-10.3757    -2.1953999999999994    0.2
-10.3798999    -2.1905999999999994    0.2
-10.5367    -2.0017999999999994    0.2
-10.5387    -1.9991999999999994    0.2
-10.5426    -1.9941999999999993    0.2
-10.5463    -1.9890999999999994    0.2
-10.6870999    -1.7890999999999992    0.2
-10.6896    -1.7854999999999994    0.2
-10.6931    -1.7801999999999993    0.2
-10.6964    -1.7747999999999993    0.2
-10.746265933333333    -1.6893155428571422    0.2
-10.746265933333333    -5.074621564328656    0.2
-10.8509    -5.028699999999999    0.2
-10.853    -5.027799999999999    0.2
-10.8664    -5.022099999999999    0.2
-10.8701    -5.020499999999999    0.2
-10.8803    -5.016399999999999    0.2
-10.8824    -5.015599999999999    0.2
-11.172932466666666    -4.90258343010064    0.2
-11.172932466666666    -0.4457398569960893    0.2
1111    1111    1111
-5.199601    1.4927392750000008    0.2
-5.1996009999999995    10.462295435902396    0.2
-5.203899999999999    10.4525    0.2
-5.204599999999999    10.4507999    0.2
-5.209099999999999    10.4408    0.2
-5.210899999999999    10.4370999    0.2
-5.217599999999999    10.423    0.2
-5.218799999999999    10.4204    0.2
-5.411599999999999    10.0292    0.2
-5.416999999999999    10.0184    0.2
-5.419599999999999    10.0134    0.2
-5.427199999999999    9.9992    0.2
-5.428299999999999    9.9972    0.2
-5.6262675333333325    9.637395889987326    0.2
-5.626267533333333    2.091096199412826    0.2
-5.708    2.1815999000000006    0.2
-5.7123    2.1862999000000003    0.2
-5.7167    2.1907999000000005    0.2
-5.7196    2.1934999000000004    0.2
-5.898    2.3606999000000006    0.2
-5.9027    2.3649999000000004    0.2
-5.9099    2.3709999000000006    0.2
-6.052934066666667    2.485307459553697    0.2
-6.0529340666666664    8.955100441364134    0.2
-6.142899999999999    8.8203    0.2
-6.144599999999999    8.8178    0.2
-6.150799999999999    8.8088    0.2
-6.152699999999999    8.8062    0.2
-6.1613999999999995    8.794    0.2
-6.162799999999999    8.792    0.2
-6.420399999999999    8.44    0.2
-6.421799999999999    8.4381    0.2
-6.428399999999999    8.4293    0.2
-6.430299999999999    8.4269    0.2
-6.439899999999999    8.4145    0.2
-6.441999999999999    8.4117    0.2
-6.4796005999999995    8.364837082111436    0.2
-6.4796006    2.761536189887641    0.2
-6.5453    2.7981999000000006    0.2
-6.5509    2.8011999000000003    0.2
-6.5566    2.8040999000000006    0.2
-6.5599    2.8055999000000003    0.2
-6.7831    2.9071999000000006    0.2
-6.7889    2.9097999000000003    0.2
-6.7948    2.9120999000000003    0.2
-6.7979    2.9131999000000004    0.2
-6.906267133333333    2.9524688263646928    0.2
-6.9062671333333325    7.852406875925926    0.2
-7.025599999999999    7.7165    0.2
-7.027299999999999    7.7146    0.2
-7.034599999999999    7.7065    0.2
-7.037099999999999    7.7038    0.2
-7.047199999999999    7.693    0.2
-7.048799999999999    7.6913    0.2
-7.3329336666666665    7.39435384566744    0.2
-7.332933666666667    3.075950184444445    0.2
-7.5357    3.1137999000000005    0.2
-7.5419    3.1148999000000006    0.2
-7.5482    3.1156999000000005    0.2
-7.5522    3.1161999000000002    0.2
-7.7596002    3.13727992032787    0.2
-7.7596002    6.987853396311038    0.2
-8.0437    6.738400000000001    0.2
-8.0457    6.7366999000000005    0.2
-8.054    6.729599900000001    0.2
-8.0566    6.727400000000001    0.2
-8.0687    6.717399900000001    0.2
-8.0709    6.715600000000001    0.2
-8.186266733333333    6.6230351282646875    0.2
-8.186266733333333    3.140154579956427    0.2
-8.3176    3.1319999000000003    0.2
-8.3239    3.1314999000000006    0.2
-8.3302    3.1307999000000004    0.2
-8.3339    3.1302999000000002    0.2
-8.5763    3.0950999000000006    0.2
-8.5826    3.0940999000000002    0.2
-8.5888    3.0928999000000004    0.2
-8.5921    3.0921999000000002    0.2
-8.612933266666666    3.087446000223714    0.2
-8.612933266666666    6.29405873666667    0.2
-8.7912    6.163599900000001    0.2
-8.7925    6.162599900000001    0.2
-8.8013999    6.156199900000001    0.2
-8.8045    6.154099900000001    0.2
-8.8168    6.145599900000001    0.2
-8.8195    6.1436999000000005    0.2
-9.0395998    5.996805099559472    0.2
-9.0395998    2.972634209589042    0.2
-9.0797    2.9599999000000006    0.2
-9.0856999    2.9579999000000003    0.2
-9.0916    2.9557999000000006    0.2
-9.0955    2.9542999000000005    0.2
-9.3219    2.8614999000000005    0.2
-9.3277    2.8589999000000006    0.2
-9.3362    2.8548999000000004    0.2
-9.466266333333333    2.7891520831501837    0.2
-9.466266333333333    5.728442019456367    0.2
-9.5844    5.6566999000000004    0.2
-9.5858    5.655799900000001    0.2
-9.5952    5.6501999000000005    0.2
-9.5985    5.6482999000000005    0.2
-9.6113    5.640999900000001    0.2
-9.614    5.639499900000001    0.2
-9.892932866666666    5.486028469177128    0.2
-9.892932866666666    2.5243110381916343    0.2
-9.9882    2.4544999000000005    0.2
-9.9933    2.4506999000000005    0.2
-9.9982    2.4466999000000005    0.2
-10.0009    2.4443999000000005    0.2
-10.1857    2.2843999000000004    0.2
-10.1904    2.2801999000000004    0.2
-10.195    2.2757999000000004    0.2
-10.1978    2.2729999000000003    0.2
-10.3195994    2.148354719626169    0.2
-10.3195994    5.268884449284256    0.2
-10.4196    5.219599900000001    0.2
-10.4215    5.218699900000001    0.2
-10.4313    5.213999900000001    0.2
-10.435    5.212199900000001    0.2
-10.4492999    5.205699900000001    0.2
-10.4517    5.2046999000000005    0.2
-10.746265933333333    5.075421464328658    0.2
-10.746265933333333    1.5853154428571437    0.2
-10.8196    1.4595999000000006    0.2
-10.8227    1.4540999000000006    0.2
-10.827    1.4455999000000006    0.2
-10.9334    1.2247999000000007    0.2
-10.936    1.2190999000000007    0.2
-10.9385    1.2132999000000007    0.2
-10.9398    1.2099999000000006    0.2
-11.0277999    0.9819999000000007    0.2
-11.03    0.9760999000000007    0.2
-11.032    0.9700999000000007    0.2
-11.0332    0.9661999000000007    0.2
-11.102    0.7309999000000007    0.2
-11.1036    0.7248999000000007    0.2
-11.1051    0.7186999000000006    0.2
-11.1058    0.7153999000000006    0.2
-11.1554    0.4761999000000007    0.2
-11.1565999    0.4699999000000007    0.2
-11.1576    0.46369990000000066    0.2
-11.1580999    0.46039990000000064    0.2
-11.172932466666666    0.3417397569960907    0.2
-11.172932466666666    4.903383330100643    0.2
1111    1111    1111
24.2003899    -4.199599900000002    0.2
24.2003899    4.200399999999998    0.2
23.797660161643837    4.200399999999998    0.2
23.797660161643837    -4.199599900000002    0.2
23.394920423287676    -4.199599900000002    0.2
23.394920423287676    4.200399999999998    0.2
22.992180684931512    4.200399999999998    0.2
22.992180684931512    -4.199599900000002    0.2
22.589440946575348    -4.199599900000002    0.2
22.589440946575348    4.200399999999998    0.2
22.186701208219183    4.200399999999998    0.2
22.186701208219183    -4.199599900000002    0.2
21.783961469863023    -4.199599900000002    0.2
21.783961469863023    4.200399999999998    0.2
21.38122173150686    4.200399999999999    0.2
21.38122173150686    -4.199599900000001    0.2
20.978481993150695    -4.199599900000001    0.2
20.978481993150695    4.200399999999999    0.2
20.57574225479453    4.200399999999999    0.2
20.57574225479453    -4.199599900000001    0.2
20.17300251643837    -4.199599900000001    0.2
20.17300251643837    4.200399999999999    0.2
19.770262778082206    4.200399999999999    0.2
19.770262778082206    -4.199599900000001    0.2
19.36752303972604    -4.199599900000001    0.2
19.36752303972604    4.200399999999999    0.2
18.964783301369877    4.200399999999999    0.2
18.964783301369877    -4.199599900000001    0.2
18.562043563013717    -4.199599900000001    0.2
18.562043563013717    4.200399999999999    0.2
18.159303824657552    4.200399999999999    0.2
18.159303824657552    -4.199599900000001    0.2
17.75656408630139    -4.199599900000001    0.2
17.75656408630139    4.200399999999999    0.2
17.353824347945228    4.200399999999999    0.2
17.353824347945228    -4.199599900000001    0.2
16.951084609589063    -4.199599900000001    0.2
16.951084609589063    4.200399999999999    0.2
16.5483448712329    4.200399999999999    0.2
16.5483448712329    -4.199599900000001    0.2
16.145605132876735    -4.199599900000001    0.2
16.145605132876735    4.200399999999999    0.2
15.742865394520571    4.200399999999999    0.2
15.742865394520571    -4.199599900000001    0.2
15.340125656164407    -4.199599900000001    0.2
15.340125656164407    4.200399999999999    0.2
14.9989    4.200399999999999    0.2
14.9857    4.200499999999999    0.2
14.9828    4.200499999999999    0.2
14.93738591780824    4.201499943094129    0.2
14.93738591780824    -4.200699843094132    0.2
14.5468    -4.209299900000001    0.2
14.5435    -4.209399900000001    0.2
14.534646179452077    -4.209742628537339    0.2
14.534646179452077    4.210536502565378    0.2
14.5329    4.2105999999999995    0.2
14.5298    4.210799999999999    0.2
14.5144    4.211599999999999    0.2
14.5116    4.2116999999999996    0.2
14.13190644109591    4.236826779633358    0.2
14.13190644109591    -4.236026679633359    0.2
14.0764    -4.239699900000001    0.2
14.0743    -4.239899900000001    0.2
14.06    -4.240999900000001    0.2
14.0552    -4.241399900000001    0.2
14.0443    -4.242499900000001    0.2
14.0428    -4.242699900000001    0.2
13.729166702739747    -4.276777919407653    0.2
13.729166702739747    4.277578019407651    0.2
13.6084    4.290699999999999    0.2
13.6063    4.290899999999999    0.2
13.5954    4.292199999999999    0.2
13.5912    4.292799999999999    0.2
13.5756    4.294999999999999    0.2
13.5731    4.295299999999999    0.2
13.32642696438358    4.333284901588427    0.2
13.32642696438358    -4.332484801588429    0.2
13.1419    -4.360899900000001    0.2
13.1403    -4.361199900000001    0.2
13.1255    -4.3635999000000005    0.2
13.119    -4.364699900000001    0.2
13.1083    -4.366799900000001    0.2
13.1079    -4.366899900000001    0.2
12.923687226027416    -4.4034664806013    0.2
12.923687226027416    4.404266580601299    0.2
12.6807    4.452499999999999    0.2
12.6793    4.452799999999999    0.2
12.6686    4.454999999999999    0.2
12.6634    4.456199999999999    0.2
12.648    4.4597999999999995    0.2
12.6458999    4.460299999999999    0.2
12.52094748767125    4.490948712139294    0.2
12.52094748767125    -4.490148612139296    0.2
12.2219    -4.563499900000001    0.2
12.2194    -4.564099900000001    0.2
12.2047    -4.5678999000000005    0.2
12.202    -4.568599900000001    0.2
12.1914    -4.571499900000001    0.2
12.1881    -4.572399900000001    0.2
12.118207749315086    -4.592807370142733    0.2
12.118207749315086    4.593607470142731    0.2
11.7689    4.695599999999999    0.2
11.7667    4.696299999999999    0.2
11.7562    4.699499999999999    0.2
11.7521    4.700799999999999    0.2
11.7381    4.705399999999999    0.2
11.7363    4.7059999999999995    0.2
11.715468010958922    4.713065110850872    0.2
11.715468010958922    -4.712265010850873    0.2
11.3234999    -4.845199900000001    0.2
11.3217    -4.845799900000001    0.2
11.312728272602756    -4.848933859570272    0.2
11.312728272602756    4.84973574938156    0.2
11.3114    4.850199999999999    0.2
11.3076    4.8515999999999995    0.2
11.2931    4.856999999999999    0.2
11.2904    4.857999999999999    0.2
10.909988534246592    5.005979312807809    0.2
10.909988534246592    -5.00517921280781    0.2
10.8832    -5.015599900000001    0.2
10.8806999    -5.016599900000001    0.2
10.8671    -5.022099900000001    0.2
10.8631    -5.023799900000001    0.2
10.8531    -5.028099900000001    0.2
10.8516999    -5.028699900000001    0.2
10.507248795890426    -5.179871865323633    0.2
10.507248795890426    5.180671965323632    0.2
10.4525    5.204699999999999    0.2
10.4507999    5.205399999999999    0.2
10.4408    5.209899999999999    0.2
10.4370999    5.2116999999999996    0.2
10.423    5.218399999999999    0.2
10.4204    5.219599999999999    0.2
10.104509057534262    5.37528449311706    0.2
10.104509057534262    -5.3744843931170605    0.2
10.0292    -5.411599900000001    0.2
10.0272    -5.412599900000001    0.2
10.0128    -5.419899900000001    0.2
10.0079    -5.422399900000001    0.2
9.9983    -5.427599900000001    0.2
9.9972    -5.428299900000001    0.2
9.701769319178096    -5.590848580033811    0.2
9.701769319178096    5.591648680033809    0.2
9.6148    5.639499999999999    0.2
9.6131    5.640399999999999    0.2
9.6035    5.6457999999999995    0.2
9.5993    5.648199999999999    0.2
9.5867    5.6556999999999995    0.2
9.5852    5.656699999999999    0.2
9.299029580821932    5.830460037188078    0.2
9.299029580821932    -5.82969009018754    0.2
9.2124    -5.8822999000000005    0.2
9.2113    -5.882899900000001    0.2
9.1988    -5.890599900000001    0.2
9.1944    -5.893399900000001    0.2
9.1852    -5.899399900000001    0.2
9.1835    -5.900499900000001    0.2
8.896289842465766    -6.092184212186945    0.2
8.896289842465766    6.092984312186943    0.2
8.8203    6.143699999999999    0.2
8.8178    6.1453999999999995    0.2
8.8088    6.151599999999999    0.2
8.8062    6.153499999999999    0.2
8.794    6.1621999999999995    0.2
8.792    6.163599999999999    0.2
8.493550104109602    6.382011060174335    0.2
8.493550104109602    -6.381210960174338    0.2
8.44    -6.4203999000000005    0.2
8.4385    -6.421499900000001    0.2
8.4259    -6.430899900000001    0.2
8.4215    -6.434299900000001    0.2
8.4129    -6.441099900000001    0.2
8.4117    -6.441999900000001    0.2
8.090810365753436    -6.699466736210079    0.2
8.090810365753436    6.700266741830772    0.2
8.0717    6.715599999999999    0.2
8.0709    6.7162999999999995    0.2
8.0624    6.723199999999999    0.2
8.0582    6.7265999999999995    0.2
8.0463    6.736799999999999    0.2
8.0445    6.7383999999999995    0.2
7.7165    7.026399999999999    0.2
7.7146    7.028099999999999    0.2
7.7065    7.035399999999999    0.2
7.7038    7.037899999999999    0.2
7.693    7.047999999999999    0.2
7.6913    7.049599999999999    0.2
7.688070627397272    7.052690033210594    0.2
7.688070627397272    -7.051889934190936    0.2
7.376099999999999    -7.350399900000001    0.2
7.374899999999999    -7.351600000000001    0.2
7.3637999999999995    -7.362399900000001    0.2
7.3591999999999995    -7.366999900000001    0.2
7.3515999999999995    -7.374900000000001    0.2
7.3511999999999995    -7.375300000000001    0.2
7.285330889041106    -7.444139336121498    0.2
7.2853308890411075    7.44493931329679    0.2
7.0495999000000005    7.6913    0.2
7.048199900000001    7.6928    0.2
7.040700000000001    7.7008    0.2
7.038599900000001    7.7031    0.2
7.028699900000001    7.714    0.2
7.026399900000001    7.7165    0.2
6.882591150684942    7.880282243588762    0.2
6.882591150684941    -7.879482300608816    0.2
6.7383999999999995    -8.0437    0.2
6.736799999999999    -8.0455    0.2
6.7265999999999995    -8.0574    0.2
6.723199999999999    -8.0616    0.2
6.7162999999999995    -8.0701    0.2
6.715599999999999    -8.0709    0.2
6.479851412328776    -8.36472155354918    0.2
6.479851412328777    8.36552144584337    0.2
6.442799900000001    8.4117    0.2
6.441899900000001    8.4129    0.2
6.435099900000001    8.4215    0.2
6.431699900000001    8.4259    0.2
6.4222999000000005    8.4385    0.2
6.421199900000001    8.44    0.2
6.163599900000001    8.792    0.2
6.162599900000001    8.7933    0.2
6.156199900000001    8.8021999    0.2
6.154099900000001    8.8053    0.2
6.145599900000001    8.8176    0.2
6.1436999000000005    8.8203    0.2
6.077111673972612    8.920072457479982    0.2
6.0771116739726105    -8.919272607314966    0.2
5.901299999999999    -9.1827    0.2
5.8999999999999995    -9.1847    0.2
5.8919999999999995    -9.1969999    0.2
5.888699999999999    -9.2023    0.2
5.882999999999999    -9.2117    0.2
5.6743719356164455    -9.55529557930071    0.2
5.674371935616447    9.556100464320622    0.2
5.6566999000000004    9.5852    0.2
5.655799900000001    9.5866    0.2
5.6501999000000005    9.596    0.2
5.6482999000000005    9.5993    0.2
5.640999900000001    9.6121    0.2
5.639499900000001    9.6148    0.2
5.429099900000001    9.9972    0.2
5.4283999000000005    9.9983    0.2
5.423199900000001    10.0079    0.2
5.420699900000001    10.0128    0.2
5.413399900000001    10.0272    0.2
5.4123999000000005    10.0292    0.2
5.271632197260282    10.314824093940757    0.2
5.27163219726028    -10.314024296845322    0.2
5.219599999999999    -10.4196    0.2
5.218399999999999    -10.4222    0.2
5.2116999999999996    -10.4362999    0.2
5.209899999999999    -10.44    0.2
5.205399999999999    -10.45    0.2
5.204699999999999    -10.4517    0.2
5.029499999999999    -10.8509    0.2
5.028599999999999    -10.853    0.2
5.022899999999999    -10.8664    0.2
5.021299999999999    -10.8701    0.2
5.017199999999999    -10.8803    0.2
5.016399999999999    -10.8824    0.2
4.868892458904115    -11.261598678877801    0.2
4.868892458904117    11.262398421807097    0.2
4.857999900000001    11.2904    0.2
4.857599900000001    11.2914999    0.2
4.8536999000000005    11.3017    0.2
4.851699900000001    11.3071    0.2
4.846599900000001    11.3217    0.2
4.845999900000001    11.3234999    0.2
4.705999900000001    11.7363    0.2
4.705299900000001    11.7384    0.2
4.701899900000001    11.7487999    0.2
4.701099900000001    11.7513    0.2
4.6966999000000005    11.7654    0.2
4.695599900000001    11.7689    0.2
4.5731999000000005    12.1881    0.2
4.572299900000001    12.1914    0.2
4.5693999000000005    12.202    0.2
4.568699900000001    12.2047    0.2
4.564899900000001    12.2194    0.2
4.564299900000001    12.2219    0.2
4.466152720547952    12.62203840647068    0.2
4.46615272054795    -12.621238908535275    0.2
4.460299999999999    -12.6451    0.2
4.4597999999999995    -12.6472    0.2
4.456199999999999    -12.6626    0.2
4.454999999999999    -12.6678    0.2
4.452799999999999    -12.6785    0.2
4.452499999999999    -12.6799    0.2
4.367699999999999    -13.1071    0.2
4.3671999999999995    -13.1099    0.2
4.364499999999999    -13.1245999    0.2
4.363899999999999    -13.1278    0.2
4.362099999999999    -13.1386    0.2
4.361699999999999    -13.1411    0.2
4.295299999999999    -13.5723    0.2
4.294999999999999    -13.5748    0.2
4.292799999999999    -13.5904    0.2
4.292199999999999    -13.5946    0.2
4.290899999999999    -13.6055    0.2
4.290699999999999    -13.6076    0.2
4.243499999999999    -14.042    0.2
4.243299999999999    -14.0441    0.2
4.241899999999999    -14.0584    0.2
4.241399999999999    -14.0633    0.2
4.240599999999999    -14.0742    0.2
4.240499999999999    -14.0756    0.2
4.2322999999999995    -14.1996    0.2
4.063412982191785    -14.1996    0.2
4.063412982191787    14.2004    0.2
3.660673243835623    14.2004    0.2
3.660673243835621    -14.1996    0.2
3.2579335054794565    -14.1996    0.2
3.2579335054794583    14.2004    0.2
2.8551937671232936    14.2004    0.2
2.855193767123292    -14.1996    0.2
2.4524540287671273    -14.1996    0.2
2.452454028767129    14.2004    0.2
2.0497142904109644    14.2004    0.2
2.0497142904109626    -14.1996    0.2
1.6469745520547983    -14.1996    0.2
1.6469745520548    14.2004    0.2
1.2442348136986356    14.2004    0.2
1.2442348136986339    -14.1996    0.2
0.8414950753424693    -14.1996    0.2
0.841495075342471    14.2004    0.2
0.4387553369863063    14.2004    0.2
0.43875533698630453    -14.1996    0.2
0.036015598630139915    -14.1996    0.2
0.03601559863014165    14.2004    0.2
-0.366724139726023    14.2004    0.2
-0.3667241397260248    -14.1996    0.2
-0.7694638780821894    -14.1996    0.2
-0.7694638780821876    14.2004    0.2
-1.1722036164383522    14.2004    0.2
-1.172203616438354    -14.1996    0.2
-1.5749433547945189    -14.1996    0.2
-1.574943354794517    14.2004    0.2
-1.9776830931506817    14.2004    0.2
-1.9776830931506835    -14.1996    0.2
-2.380422831506848    -14.1996    0.2
-2.3804228315068463    14.2004    0.2
-2.783162569863011    14.2004    0.2
-2.7831625698630127    -14.1996    0.2
-3.1859023082191773    -14.1996    0.2
-3.1859023082191755    14.2004    0.2
-3.58864204657534    14.2004    0.2
-3.588642046575342    -14.1996    0.2
-3.991381784931506    -14.1996    0.2
-3.9913817849315043    14.2004    0.2
-4.231499999999999    14.2004    0.2
-4.239699999999999    14.0764    0.2
-4.239799999999999    14.075    0.2
-4.240599999999999    14.0641    0.2
-4.241099999999999    14.0592    0.2
-4.242499999999999    14.0449    0.2
-4.242699999999999    14.0428    0.2
-4.289899999999999    13.6084    0.2
-4.290099999999999    13.6063    0.2
-4.291399999999999    13.5954    0.2
-4.291999999999999    13.5912    0.2
-4.294199999999999    13.5756    0.2
-4.294499999999999    13.5731    0.2
-4.360899999999999    13.1419    0.2
-4.361299999999999    13.1394    0.2
-4.363099999999999    13.1286    0.2
-4.363699999999999    13.1254    0.2
-4.366399999999999    13.1107    0.2
-4.366899999999999    13.1079    0.2
-4.394121523287669    12.970765156267777    0.2
-4.394121523287671    -12.96996465249419    0.2
-4.451699900000001    -12.6799    0.2
-4.452299900000001    -12.6771999    0.2
-4.455599900000001    -12.6617    0.2
-4.456499900000001    -12.6574    0.2
-4.458999900000001    -12.6468    0.2
-4.459499900000001    -12.6451    0.2
-4.563499900000001    -12.2211    0.2
-4.564099900000001    -12.2186    0.2
-4.5678999000000005    -12.2039    0.2
-4.568599900000001    -12.2012    0.2
-4.571499900000001    -12.1906    0.2
-4.572399900000001    -12.1873    0.2
-4.6947999000000005    -11.7681    0.2
-4.695899900000001    -11.7646    0.2
-4.700299900000001    -11.7505    0.2
-4.701099900000001    -11.748    0.2
-4.704499900000001    -11.7376    0.2
-4.705199900000001    -11.7355    0.2
-4.796861261643836    -11.465229984548001    0.2
-4.796861261643834    11.466030279405082    0.2
1111    1111    1111
-11.599601    -4.751289777131781    0.4
-11.599601    4.752089677131784    0.4
-11.7355    4.705999900000001    0.4
-11.7376    4.705299900000001    0.4
-11.748    4.701899900000001    0.4
-11.7505    4.701099900000001    0.4
-11.7646    4.6966999000000005    0.4
-11.7681    4.695599900000001    0.4
-12.005850968750002    4.626180246910782    0.4
-12.005850968750002    -4.625380346910781    0.4
-12.1873    -4.572399999999999    0.4
-12.1908999    -4.571399999999999    0.4
-12.2056    -4.567399999999999    0.4
-12.2087    -4.566599999999999    0.4
-12.2193    -4.563899999999999    0.4
-12.2211    -4.5634999999999994    0.4
-12.412100937500002    -4.516650713443396    0.4
-12.412100937500002    4.517450613443397    0.4
-12.6451    4.460299900000001    0.4
-12.6468    4.459799900000001    0.4
-12.6574    4.457299900000001    0.4
-12.6617    4.456399900000001    0.4
-12.6771999    4.453099900000001    0.4
-12.6799    4.452499900000001    0.4
-12.818350906250004    4.425017135838016    0.4
-12.818350906250004    -4.424217235838014    0.4
-13.1071    -4.366899999999999    0.4
-13.1099    -4.366399999999999    0.4
-13.1245999    -4.363699999999999    0.4
-13.1278    -4.363099999999999    0.4
-13.1386    -4.361299999999999    0.4
-13.1411    -4.360899999999999    0.4
-13.224600875000004    -4.348041794758811    0.4
-13.224600875000004    4.3488416947588115    0.4
-13.5723    4.295299900000001    0.4
-13.5734    4.295199900000001    0.4
-13.5842    4.293599900000001    0.4
-13.5895    4.292799900000001    0.4
-13.6052    4.290899900000001    0.4
-13.6076    4.290699900000001    0.4
-13.630850843750006    4.2881735652279005    0.4
-13.630850843750006    -4.287373665227899    0.4
-14.037100812500006    -4.2432323242403305    0.4
-14.037100812500006    4.244032224240331    0.4
-14.042    4.243499900000001    0.4
-14.0435    4.243299900000001    0.4
-14.0544    4.242199900000001    0.4
-14.0592    4.241799900000001    0.4
-14.0735    4.240699900000001    0.4
-14.0756    4.2404999000000005    0.4
-14.443350781250007    4.216163451240809    0.4
-14.443350781250007    -4.215363551240808    0.4
-14.5108    -4.210899999999999    0.4
-14.5136    -4.210799999999999    0.4
-14.529    -4.209999999999999    0.4
-14.5321    -4.2097999999999995    0.4
-14.5431    -4.209399999999999    0.4
-14.546    -4.209299999999999    0.4
-14.849600750000008    -4.2026152128440355    0.4
-14.849600750000008    4.203415112844037    0.4
-14.982    4.2004999000000005    0.4
-14.9849    4.2004999000000005    0.4
-14.9981    4.200399900000001    0.4
-15.25585071875001    4.200399900000001    0.4
-15.25585071875001    -4.199599999999999    0.4
-15.662100687500011    -4.199599999999999    0.4
-15.662100687500011    4.200399900000001    0.4
-16.06835065625001    4.200399900000001    0.4
-16.06835065625001    -4.199599999999999    0.4
-16.47460062500001    -4.199599999999999    0.4
-16.47460062500001    4.200399900000001    0.4
-16.88085059375001    4.200399900000001    0.4
-16.88085059375001    -4.199599999999999    0.4
-17.28710056250001    -4.199599999999999    0.4
-17.28710056250001    4.200399900000001    0.4
-17.69335053125001    4.200399900000001    0.4
-17.69335053125001    -4.199599999999999    0.4
-18.099600500000008    -4.199599999999999    0.4
-18.099600500000008    4.200399900000001    0.4
-18.50585046875001    4.200399900000001    0.4
-18.50585046875001    -4.199599999999999    0.4
-18.91210043750001    -4.199599999999999    0.4
-18.91210043750001    4.200399900000001    0.4
-19.31835040625001    4.200399900000001    0.4
-19.31835040625001    -4.199599999999999    0.4
-19.72460037500001    -4.199599999999999    0.4
-19.72460037500001    4.200399900000001    0.4
-20.130850343750005    4.200399900000001    0.4
-20.130850343750005    -4.199599999999999    0.4
-20.537100312500005    -4.199599999999999    0.4
-20.537100312500005    4.200399900000001    0.4
-20.943350281250005    4.200399900000001    0.4
-20.943350281250005    -4.199599999999999    0.4
-21.349600250000005    -4.199599999999999    0.4
-21.349600250000005    4.200399900000001    0.4
-21.755850218750005    4.200399900000001    0.4
-21.755850218750005    -4.199599999999999    0.4
-22.162100187500002    -4.1995999999999984    0.4
-22.162100187500002    4.200399900000002    0.4
-22.568350156250002    4.200399900000002    0.4
-22.568350156250002    -4.1995999999999984    0.4
-22.974600125000002    -4.1995999999999984    0.4
-22.974600125000002    4.200399900000002    0.4
-23.380850093750002    4.200399900000002    0.4
-23.380850093750002    -4.1995999999999984    0.4
-23.7871000625    -4.1995999999999984    0.4
-23.7871000625    4.200399900000002    0.4
-24.19335003125    4.200399900000002    0.4
-24.19335003125    -4.1995999999999984    0.4
1111    1111    1111
-5.199601000000001    -10.461495210502282    0.4
-5.199601    -1.597539375    0.4
-5.2351    -1.6640999999999997    0.4
-5.2371    -1.6676999999999997    0.4
-5.2403    -1.6730999999999998    0.4
-5.2436    -1.6784999999999999    0.4
-5.3764    -1.8840999999999999    0.4
-5.3815    -1.8916999999999997    0.4
-5.3853    -1.8966999999999998    0.4
-5.5333    -2.0910999999999995    0.4
-5.5358    -2.0943999999999994    0.4
-5.5397999    -2.0992999999999995    0.4
-5.5439999    -2.1039999999999996    0.4
-5.626267533333333    -2.195096299412825    0.4
-5.626267533333334    -9.636595708238275    0.4
-5.638699900000001    -9.614    0.4
-5.640199900000001    -9.6113    0.4
-5.647499900000001    -9.5985    0.4
-5.649399900000001    -9.5952    0.4
-5.654999900000001    -9.5858    0.4
-5.6558999000000005    -9.5844    0.4
-5.8822999000000005    -9.2116    0.4
-5.882899900000001    -9.2105    0.4
-5.890599900000001    -9.198    0.4
-5.893399900000001    -9.1936    0.4
-5.899399900000001    -9.1844    0.4
-5.900499900000001    -9.1827    0.4
-6.052934066666668    -8.954300291529151    0.4
-6.052934066666667    -2.58959109902371    0.4
-6.1015    -2.6281999999999996    0.4
-6.104    -2.6300999999999997    0.4
-6.1091    -2.6338999999999997    0.4
-6.1143    -2.6374999999999997    0.4
-6.3175    -2.7742999999999998    0.4
-6.3209    -2.7764999999999995    0.4
-6.3263    -2.7798999999999996    0.4
-6.3317    -2.7829999999999995    0.4
-6.4796006    -2.86553628988764    0.4
-6.479600600000001    -8.364036974656532    0.4
-6.714800000000001    -8.0709    0.4
-6.716599900000001    -8.0687    0.4
-6.726600000000001    -8.0566    0.4
-6.728799900000001    -8.054    0.4
-6.735899900000001    -8.0457    0.4
-6.737599900000001    -8.0437    0.4
-6.906267133333334    -7.8516067620370364    0.4
-6.906267133333333    -3.056468926364692    0.4
-7.0275    -3.1003999999999996    0.4
-7.0307    -3.1015999999999995    0.4
-7.0367    -3.1034999999999995    0.4
-7.0428    -3.1052999999999997    0.4
-7.2796    -3.1700999999999997    0.4
-7.284    -3.1711999999999994    0.4
-7.2901    -3.1726999999999994    0.4
-7.2963    -3.1738999999999997    0.4
-7.332933666666667    -3.180616172222222    0.4
-7.332933666666668    -7.39355383536693    0.4
-7.350399900000001    -7.375299999999999    0.4
-7.351600000000001    -7.374099999999999    0.4
-7.362399900000001    -7.3629999999999995    0.4
-7.366999900000001    -7.358399999999999    0.4
-7.374900000000001    -7.350799999999999    0.4
-7.375300000000001    -7.350399999999999    0.4
-7.6905    -7.048799999999999    0.4
-7.6922    -7.047199999999999    0.4
-7.703    -7.037099999999999    0.4
-7.7057    -7.034599999999999    0.4
-7.7138    -7.027299999999999    0.4
-7.7157    -7.025599999999999    0.4
-7.7596002    -6.987053482926829    0.4
-7.7596002    -3.241933463606557    0.4
-7.7955    -3.2456999999999994    0.4
-7.7998    -3.2460999999999998    0.4
-7.8061    -3.2464999999999997    0.4
-7.8125    -3.2467999999999995    0.4
-8.0565    -3.2515999999999994    0.4
-8.0602    -3.2515999999999994    0.4
-8.0665    -3.2514999999999996    0.4
-8.0728    -3.2511999999999994    0.4
-8.186266733333333    -3.2441546799564267    0.4
-8.186266733333333    -6.622235162196078    0.4
-8.4109    -6.441999999999999    0.4
-8.4137    -6.439899999999999    0.4
-8.4261    -6.430299999999999    0.4
-8.4285    -6.428399999999999    0.4
-8.4373    -6.421799999999999    0.4
-8.4392    -6.420399999999999    0.4
-8.612933266666666    -6.293258836666666    0.4
-8.612933266666666    -3.1922461002237137    0.4
-8.8305    -3.1425999999999994    0.4
-8.8345    -3.1415999999999995    0.4
-8.8406    -3.1399999999999997    0.4
-8.8467    -3.1381999999999994    0.4
-9.0395998    -3.0767627349315068    0.4
-9.0395998    -5.996005199559471    0.4
-9.1827    -5.900499999999999    0.4
-9.1847    -5.8991999999999996    0.4
-9.1969999    -5.8911999999999995    0.4
-9.2023    -5.887899999999999    0.4
-9.2117    -5.882199999999999    0.4
-9.466266333333333    -5.727629672032913    0.4
-9.466266333333333    -2.8934303284493272    0.4
-9.5551    -2.8481999999999994    0.4
-9.5582    -2.8465999999999996    0.4
-9.5638    -2.8435999999999995    0.4
-9.5692    -2.8402999999999996    0.4
-9.7772    -2.7122999999999995    0.4
-9.785    -2.7072999999999996    0.4
-9.7902    -2.7035999999999993    0.4
-9.892932866666666    -2.6287339433198387    0.4
-9.892932866666666    -5.485228569177126    0.4
-9.9964    -5.428299999999999    0.4
-9.9984    -5.427199999999999    0.4
-10.0126    -5.419599999999999    0.4
-10.0176    -5.416999999999999    0.4
-10.0284    -5.411599999999999    0.4
-10.3195994    -5.268084549284253    0.4
-10.3195994    -2.2529183682242993    0.4
-10.3687    -2.2028999999999996    0.4
-10.3715    -2.1999999999999997    0.4
-10.3757    -2.1953999999999994    0.4
-10.3798999    -2.1905999999999994    0.4
-10.5367    -2.0017999999999994    0.4
-10.5387    -1.9991999999999994    0.4
-10.5426    -1.9941999999999993    0.4
-10.5463    -1.9890999999999994    0.4
-10.6870999    -1.7890999999999992    0.4
-10.6896    -1.7854999999999994    0.4
-10.6931    -1.7801999999999993    0.4
-10.6964    -1.7747999999999993    0.4
-10.746265933333333    -1.6893155428571422    0.4
-10.746265933333333    -5.074621564328656    0.4
-10.8509    -5.028699999999999    0.4
-10.853    -5.027799999999999    0.4
-10.8664    -5.022099999999999    0.4
-10.8701    -5.020499999999999    0.4
-10.8803    -5.016399999999999    0.4
-10.8824    -5.015599999999999    0.4
-11.172932466666666    -4.90258343010064    0.4
-11.172932466666666    -0.4457398569960893    0.4
1111    1111    1111
-5.199601    1.4927392750000008    0.4
-5.1996009999999995    10.462295435902396    0.4
-5.203899999999999    10.4525    0.4
-5.204599999999999    10.4507999    0.4
-5.209099999999999    10.4408    0.4
-5.210899999999999    10.4370999    0.4
-5.217599999999999    10.423    0.4
-5.218799999999999    10.4204    0.4
-5.411599999999999    10.0292    0.4
-5.416999999999999    10.0184    0.4
-5.419599999999999    10.0134    0.4
-5.427199999999999    9.9992    0.4
-5.428299999999999    9.9972    0.4
-5.6262675333333325    9.637395889987326    0.4
-5.626267533333333    2.091096199412826    0.4
-5.708    2.1815999000000006    0.4
-5.7123    2.1862999000000003    0.4
-5.7167    2.1907999000000005    0.4
-5.7196    2.1934999000000004    0.4
-5.898    2.3606999000000006    0.4
-5.9027    2.3649999000000004    0.4
-5.9099    2.3709999000000006    0.4
-6.052934066666667    2.485307459553697    0.4
-6.0529340666666664    8.955100441364134    0.4
-6.142899999999999    8.8203    0.4
-6.144599999999999    8.8178    0.4
-6.150799999999999    8.8088    0.4
-6.152699999999999    8.8062    0.4
-6.1613999999999995    8.794    0.4
-6.162799999999999    8.792    0.4
-6.420399999999999    8.44    0.4
-6.421799999999999    8.4381    0.4
-6.428399999999999    8.4293    0.4
-6.430299999999999    8.4269    0.4
-6.439899999999999    8.4145    0.4
-6.441999999999999    8.4117    0.4
-6.4796005999999995    8.364837082111436    0.4
-6.4796006    2.761536189887641    0.4
-6.5453    2.7981999000000006    0.4
-6.5509    2.8011999000000003    0.4
-6.5566    2.8040999000000006    0.4
-6.5599    2.8055999000000003    0.4
-6.7831    2.9071999000000006    0.4
-6.7889    2.9097999000000003    0.4
-6.7948    2.9120999000000003    0.4
-6.7979    2.9131999000000004    0.4
-6.906267133333333    2.9524688263646928    0.4
-6.9062671333333325    7.852406875925926    0.4
-7.025599999999999    7.7165    0.4
-7.027299999999999    7.7146    0.4
-7.034599999999999    7.7065    0.4
-7.037099999999999    7.7038    0.4
-7.047199999999999    7.693    0.4
-7.048799999999999    7.6913    0.4
-7.3329336666666665    7.39435384566744    0.4
-7.332933666666667    3.075950184444445    0.4
-7.5357    3.1137999000000005    0.4
-7.5419    3.1148999000000006    0.4
-7.5482    3.1156999000000005    0.4
-7.5522    3.1161999000000002    0.4
-7.7596002    3.13727992032787    0.4
-7.7596002    6.987853396311038    0.4
-8.0437    6.738400000000001    0.4
-8.0457    6.7366999000000005    0.4
-8.054    6.729599900000001    0.4
-8.0566    6.727400000000001    0.4
-8.0687    6.717399900000001    0.4
-8.0709    6.715600000000001    0.4
-8.186266733333333    6.6230351282646875    0.4
-8.186266733333333    3.140154579956427    0.4
-8.3176    3.1319999000000003    0.4
-8.3239    3.1314999000000006    0.4
-8.3302    3.1307999000000004    0.4
-8.3339    3.1302999000000002    0.4
-8.5763    3.0950999000000006    0.4
-8.5826    3.0940999000000002    0.4
-8.5888    3.0928999000000004    0.4
-8.5921    3.0921999000000002    0.4
-8.612933266666666    3.087446000223714    0.4
-8.612933266666666    6.29405873666667    0.4
-8.7912    6.163599900000001    0.4
-8.7925    6.162599900000001    0.4
-8.8013999    6.156199900000001    0.4
-8.8045    6.154099900000001    0.4
-8.8168    6.145599900000001    0.4
-8.8195    6.1436999000000005    0.4
-9.0395998    5.996805099559472    0.4
-9.0395998    2.972634209589042    0.4
-9.0797    2.9599999000000006    0.4
-9.0856999    2.9579999000000003    0.4
-9.0916    2.9557999000000006    0.4
-9.0955    2.9542999000000005    0.4
-9.3219    2.8614999000000005    0.4
-9.3277    2.8589999000000006    0.4
-9.3362    2.8548999000000004    0.4
-9.466266333333333    2.7891520831501837    0.4
-9.466266333333333    5.728442019456367    0.4
-9.5844    5.6566999000000004    0.4
-9.5858    5.655799900000001    0.4
-9.5952    5.6501999000000005    0.4
-9.5985    5.6482999000000005    0.4
-9.6113    5.640999900000001    0.4
-9.614    5.639499900000001    0.4
-9.892932866666666    5.486028469177128    0.4
-9.892932866666666    2.5243110381916343    0.4
-9.9882    2.4544999000000005    0.4
-9.9933    2.4506999000000005    0.4
-9.9982    2.4466999000000005    0.4
-10.0009    2.4443999000000005    0.4
-10.1857    2.2843999000000004    0.4
-10.1904    2.2801999000000004    0.4
-10.195    2.2757999000000004    0.4
-10.1978    2.2729999000000003    0.4
-10.3195994    2.148354719626169    0.4
-10.3195994    5.268884449284256    0.4
-10.4196    5.219599900000001    0.4
-10.4215    5.218699900000001    0.4
-10.4313    5.213999900000001    0.4
-10.435    5.212199900000001    0.4
-10.4492999    5.205699900000001    0.4
-10.4517    5.2046999000000005    0.4
-10.746265933333333    5.075421464328658    0.4
-10.746265933333333    1.5853154428571437    0.4
-10.8196    1.4595999000000006    0.4
-10.8227    1.4540999000000006    0.4
-10.827    1.4455999000000006    0.4
-10.9334    1.2247999000000007    0.4
-10.936    1.2190999000000007    0.4
-10.9385    1.2132999000000007    0.4
-10.9398    1.2099999000000006    0.4
-11.0277999    0.9819999000000007    0.4
-11.03    0.9760999000000007    0.4
-11.032    0.9700999000000007    0.4
-11.0332    0.9661999000000007    0.4
-11.102    0.7309999000000007    0.4
-11.1036    0.7248999000000007    0.4
-11.1051    0.7186999000000006    0.4
-11.1058    0.7153999000000006    0.4
-11.1554    0.4761999000000007    0.4
-11.1565999    0.4699999000000007    0.4
-11.1576    0.46369990000000066    0.4
-11.1580999    0.46039990000000064    0.4
-11.172932466666666    0.3417397569960907    0.4
-11.172932466666666    4.903383330100643    0.4
1111    1111    1111
24.2003899    -4.199599900000002    0.4
24.2003899    4.200399999999998    0.4
23.797660161643837    4.200399999999998    0.4
23.797660161643837    -4.199599900000002    0.4
23.394920423287676    -4.199599900000002    0.4
23.394920423287676    4.200399999999998    0.4
22.992180684931512    4.200399999999998    0.4
22.992180684931512    -4.199599900000002    0.4
22.589440946575348    -4.199599900000002    0.4
22.589440946575348    4.200399999999998    0.4
22.186701208219183    4.200399999999998    0.4
22.186701208219183    -4.199599900000002    0.4
21.783961469863023    -4.199599900000002    0.4
21.783961469863023    4.200399999999998    0.4
21.38122173150686    4.200399999999999    0.4
21.38122173150686    -4.199599900000001    0.4
20.978481993150695    -4.199599900000001    0.4
20.978481993150695    4.200399999999999    0.4
20.57574225479453    4.200399999999999    0.4
20.57574225479453    -4.199599900000001    0.4
20.17300251643837    -4.199599900000001    0.4
20.17300251643837    4.200399999999999    0.4
19.770262778082206    4.200399999999999    0.4
19.770262778082206    -4.199599900000001    0.4
19.36752303972604    -4.199599900000001    0.4
19.36752303972604    4.200399999999999    0.4
18.964783301369877    4.200399999999999    0.4
18.964783301369877    -4.199599900000001    0.4
18.562043563013717    -4.199599900000001    0.4
18.562043563013717    4.200399999999999    0.4
18.159303824657552    4.200399999999999    0.4
18.159303824657552    -4.199599900000001    0.4
17.75656408630139    -4.199599900000001    0.4
17.75656408630139    4.200399999999999    0.4
17.353824347945228    4.200399999999999    0.4
17.353824347945228    -4.199599900000001    0.4
16.951084609589063    -4.199599900000001    0.4
16.951084609589063    4.200399999999999    0.4
16.5483448712329    4.200399999999999    0.4
16.5483448712329    -4.199599900000001    0.4
16.145605132876735    -4.199599900000001    0.4
16.145605132876735    4.200399999999999    0.4
15.742865394520571    4.200399999999999    0.4
15.742865394520571    -4.199599900000001    0.4
15.340125656164407    -4.199599900000001    0.4
15.340125656164407    4.200399999999999    0.4
14.9989    4.200399999999999    0.4
14.9857    4.200499999999999    0.4
14.9828    4.200499999999999    0.4
14.93738591780824    4.201499943094129    0.4
14.93738591780824    -4.200699843094132    0.4
14.5468    -4.209299900000001    0.4
14.5435    -4.209399900000001    0.4
14.534646179452077    -4.209742628537339    0.4
14.534646179452077    4.210536502565378    0.4
14.5329    4.2105999999999995    0.4
14.5298    4.210799999999999    0.4
14.5144    4.211599999999999    0.4
14.5116    4.2116999999999996    0.4
14.13190644109591    4.236826779633358    0.4
14.13190644109591    -4.236026679633359    0.4
14.0764    -4.239699900000001    0.4
14.0743    -4.239899900000001    0.4
14.06    -4.240999900000001    0.4
14.0552    -4.241399900000001    0.4
14.0443    -4.242499900000001    0.4
14.0428    -4.242699900000001    0.4
13.729166702739747    -4.276777919407653    0.4
13.729166702739747    4.277578019407651    0.4
13.6084    4.290699999999999    0.4
13.6063    4.290899999999999    0.4
13.5954    4.292199999999999    0.4
13.5912    4.292799999999999    0.4
13.5756    4.294999999999999    0.4
13.5731    4.295299999999999    0.4
13.32642696438358    4.333284901588427    0.4
13.32642696438358    -4.332484801588429    0.4
13.1419    -4.360899900000001    0.4
13.1403    -4.361199900000001    0.4
13.1255    -4.3635999000000005    0.4
13.119    -4.364699900000001    0.4
13.1083    -4.366799900000001    0.4
13.1079    -4.366899900000001    0.4
12.923687226027416    -4.4034664806013    0.4
12.923687226027416    4.404266580601299    0.4
12.6807    4.452499999999999    0.4
12.6793    4.452799999999999    0.4
12.6686    4.454999999999999    0.4
12.6634    4.456199999999999    0.4
12.648    4.4597999999999995    0.4
12.6458999    4.460299999999999    0.4
12.52094748767125    4.490948712139294    0.4
12.52094748767125    -4.490148612139296    0.4
12.2219    -4.563499900000001    0.4
12.2194    -4.564099900000001    0.4
12.2047    -4.5678999000000005    0.4
12.202    -4.568599900000001    0.4
12.1914    -4.571499900000001    0.4
12.1881    -4.572399900000001    0.4
12.118207749315086    -4.592807370142733    0.4
12.118207749315086    4.593607470142731    0.4
11.7689    4.695599999999999    0.4
11.7667    4.696299999999999    0.4
11.7562    4.699499999999999    0.4
11.7521    4.700799999999999    0.4
11.7381    4.705399999999999    0.4
11.7363    4.7059999999999995    0.4
11.715468010958922    4.713065110850872    0.4
11.715468010958922    -4.712265010850873    0.4
11.3234999    -4.845199900000001    0.4
11.3217    -4.845799900000001    0.4
11.312728272602756    -4.848933859570272    0.4
11.312728272602756    4.84973574938156    0.4
11.3114    4.850199999999999    0.4
11.3076    4.8515999999999995    0.4
11.2931    4.856999999999999    0.4
11.2904    4.857999999999999    0.4
10.909988534246592    5.005979312807809    0.4
10.909988534246592    -5.00517921280781    0.4
10.8832    -5.015599900000001    0.4
10.8806999    -5.016599900000001    0.4
10.8671    -5.022099900000001    0.4
10.8631    -5.023799900000001    0.4
10.8531    -5.028099900000001    0.4
10.8516999    -5.028699900000001    0.4
10.507248795890426    -5.179871865323633    0.4
10.507248795890426    5.180671965323632    0.4
10.4525    5.204699999999999    0.4
10.4507999    5.205399999999999    0.4
10.4408    5.209899999999999    0.4
10.4370999    5.2116999999999996    0.4
10.423    5.218399999999999    0.4
10.4204    5.219599999999999    0.4
10.104509057534262    5.37528449311706    0.4
10.104509057534262    -5.3744843931170605    0.4
10.0292    -5.411599900000001    0.4
10.0272    -5.412599900000001    0.4
10.0128    -5.419899900000001    0.4
10.0079    -5.422399900000001    0.4
9.9983    -5.427599900000001    0.4
9.9972    -5.428299900000001    0.4
9.701769319178096    -5.590848580033811    0.4
9.701769319178096    5.591648680033809    0.4
9.6148    5.639499999999999    0.4
9.6131    5.640399999999999    0.4
9.6035    5.6457999999999995    0.4
9.5993    5.648199999999999    0.4
9.5867    5.6556999999999995    0.4
9.5852    5.656699999999999    0.4
9.299029580821932    5.830460037188078    0.4
9.299029580821932    -5.82969009018754    0.4
9.2124    -5.8822999000000005    0.4
9.2113    -5.882899900000001    0.4
9.1988    -5.890599900000001    0.4
9.1944    -5.893399900000001    0.4
9.1852    -5.899399900000001    0.4
9.1835    -5.900499900000001    0.4
8.896289842465766    -6.092184212186945    0.4
8.896289842465766    6.092984312186943    0.4
8.8203    6.143699999999999    0.4
8.8178    6.1453999999999995    0.4
8.8088    6.151599999999999    0.4
8.8062    6.153499999999999    0.4
8.794    6.1621999999999995    0.4
8.792    6.163599999999999    0.4
8.493550104109602    6.382011060174335    0.4
8.493550104109602    -6.381210960174338    0.4
8.44    -6.4203999000000005    0.4
8.4385    -6.421499900000001    0.4
8.4259    -6.430899900000001    0.4
8.4215    -6.434299900000001    0.4
8.4129    -6.441099900000001    0.4
8.4117    -6.441999900000001    0.4
8.090810365753436    -6.699466736210079    0.4
8.090810365753436    6.700266741830772    0.4
8.0717    6.715599999999999    0.4
8.0709    6.7162999999999995    0.4
8.0624    6.723199999999999    0.4
8.0582    6.7265999999999995    0.4
8.0463    6.736799999999999    0.4
8.0445    6.7383999999999995    0.4
7.7165    7.026399999999999    0.4
7.7146    7.028099999999999    0.4
7.7065    7.035399999999999    0.4
7.7038    7.037899999999999    0.4
7.693    7.047999999999999    0.4
7.6913    7.049599999999999    0.4
7.688070627397272    7.052690033210594    0.4
7.688070627397272    -7.051889934190936    0.4
7.376099999999999    -7.350399900000001    0.4
7.374899999999999    -7.351600000000001    0.4
7.3637999999999995    -7.362399900000001    0.4
7.3591999999999995    -7.366999900000001    0.4
7.3515999999999995    -7.374900000000001    0.4
7.3511999999999995    -7.375300000000001    0.4
7.285330889041106    -7.444139336121498    0.4
7.2853308890411075    7.44493931329679    0.4
7.0495999000000005    7.6913    0.4
7.048199900000001    7.6928    0.4
7.040700000000001    7.7008    0.4
7.038599900000001    7.7031    0.4
7.028699900000001    7.714    0.4
7.026399900000001    7.7165    0.4
6.882591150684942    7.880282243588762    0.4
6.882591150684941    -7.879482300608816    0.4
6.7383999999999995    -8.0437    0.4
6.736799999999999    -8.0455    0.4
6.7265999999999995    -8.0574    0.4
6.723199999999999    -8.0616    0.4
6.7162999999999995    -8.0701    0.4
6.715599999999999    -8.0709    0.4
6.479851412328776    -8.36472155354918    0.4
6.479851412328777    8.36552144584337    0.4
6.442799900000001    8.4117    0.4
6.441899900000001    8.4129    0.4
6.435099900000001    8.4215    0.4
6.431699900000001    8.4259    0.4
6.4222999000000005    8.4385    0.4
6.421199900000001    8.44    0.4
6.163599900000001    8.792    0.4
6.162599900000001    8.7933    0.4
6.156199900000001    8.8021999    0.4
6.154099900000001    8.8053    0.4
6.145599900000001    8.8176    0.4
6.1436999000000005    8.8203    0.4
6.077111673972612    8.920072457479982    0.4
6.0771116739726105    -8.919272607314966    0.4
5.901299999999999    -9.1827    0.4
5.8999999999999995    -9.1847    0.4
5.8919999999999995    -9.1969999    0.4
5.888699999999999    -9.2023    0.4
5.882999999999999    -9.2117    0.4
5.6743719356164455    -9.55529557930071    0.4
5.674371935616447    9.556100464320622    0.4
5.6566999000000004    9.5852    0.4
5.655799900000001    9.5866    0.4
5.6501999000000005    9.596    0.4
5.6482999000000005    9.5993    0.4
5.640999900000001    9.6121    0.4
5.639499900000001    9.6148    0.4
5.429099900000001    9.9972    0.4
5.4283999000000005    9.9983    0.4
5.423199900000001    10.0079    0.4
5.420699900000001    10.0128    0.4
5.413399900000001    10.0272    0.4
5.4123999000000005    10.0292    0.4
5.271632197260282    10.314824093940757    0.4
5.27163219726028    -10.314024296845322    0.4
5.219599999999999    -10.4196    0.4
5.218399999999999    -10.4222    0.4
5.2116999999999996    -10.4362999    0.4
5.209899999999999    -10.44    0.4
5.205399999999999    -10.45    0.4
5.204699999999999    -10.4517    0.4
5.029499999999999    -10.8509    0.4
5.028599999999999    -10.853    0.4
5.022899999999999    -10.8664    0.4
5.021299999999999    -10.8701    0.4
5.017199999999999    -10.8803    0.4
5.016399999999999    -10.8824    0.4
4.868892458904115    -11.261598678877801    0.4
4.868892458904117    11.262398421807097    0.4
4.857999900000001    11.2904    0.4
4.857599900000001    11.2914999    0.4
4.8536999000000005    11.3017    0.4
4.851699900000001    11.3071    0.4
4.846599900000001    11.3217    0.4
4.845999900000001    11.3234999    0.4
4.705999900000001    11.7363    0.4
4.705299900000001    11.7384    0.4
4.701899900000001    11.7487999    0.4
4.701099900000001    11.7513    0.4
4.6966999000000005    11.7654    0.4
4.695599900000001    11.7689    0.4
4.5731999000000005    12.1881    0.4
4.572299900000001    12.1914    0.4
4.5693999000000005    12.202    0.4
4.568699900000001    12.2047    0.4
4.564899900000001    12.2194    0.4
4.564299900000001    12.2219    0.4
4.466152720547952    12.62203840647068    0.4
4.46615272054795    -12.621238908535275    0.4
4.460299999999999    -12.6451    0.4
4.4597999999999995    -12.6472    0.4
4.456199999999999    -12.6626    0.4
4.454999999999999    -12.6678    0.4
4.452799999999999    -12.6785    0.4
4.452499999999999    -12.6799    0.4
4.367699999999999    -13.1071    0.4
4.3671999999999995    -13.1099    0.4
4.364499999999999    -13.1245999    0.4
4.363899999999999    -13.1278    0.4
4.362099999999999    -13.1386    0.4
4.361699999999999    -13.1411    0.4
4.295299999999999    -13.5723    0.4
4.294999999999999    -13.5748    0.4
4.292799999999999    -13.5904    0.4
4.292199999999999    -13.5946    0.4
4.290899999999999    -13.6055    0.4
4.290699999999999    -13.6076    0.4
4.243499999999999    -14.042    0.4
4.243299999999999    -14.0441    0.4
4.241899999999999    -14.0584    0.4
4.241399999999999    -14.0633    0.4
4.240599999999999    -14.0742    0.4
4.240499999999999    -14.0756    0.4
4.2322999999999995    -14.1996    0.4
4.063412982191785    -14.1996    0.4
4.063412982191787    14.2004    0.4
3.660673243835623    14.2004    0.4
3.660673243835621    -14.1996    0.4
3.2579335054794565    -14.1996    0.4
3.2579335054794583    14.2004    0.4
2.8551937671232936    14.2004    0.4
2.855193767123292    -14.1996    0.4
2.4524540287671273    -14.1996    0.4
2.452454028767129    14.2004    0.4
2.0497142904109644    14.2004    0.4
2.0497142904109626    -14.1996    0.4
1.6469745520547983    -14.1996    0.4
1.6469745520548    14.2004    0.4
1.2442348136986356    14.2004    0.4
1.2442348136986339    -14.1996    0.4
0.8414950753424693    -14.1996    0.4
0.841495075342471    14.2004    0.4
0.4387553369863063    14.2004    0.4
0.43875533698630453    -14.1996    0.4
0.036015598630139915    -14.1996    0.4
0.03601559863014165    14.2004    0.4
-0.366724139726023    14.2004    0.4
-0.3667241397260248    -14.1996    0.4
-0.7694638780821894    -14.1996    0.4
-0.7694638780821876    14.2004    0.4
-1.1722036164383522    14.2004    0.4
-1.172203616438354    -14.1996    0.4
-1.5749433547945189    -14.1996    0.4
-1.574943354794517    14.2004    0.4
-1.9776830931506817    14.2004    0.4
-1.9776830931506835    -14.1996    0.4
-2.380422831506848    -14.1996    0.4
-2.3804228315068463    14.2004    0.4
-2.783162569863011    14.2004    0.4
-2.7831625698630127    -14.1996    0.4
-3.1859023082191773    -14.1996    0.4
-3.1859023082191755    14.2004    0.4
-3.58864204657534    14.2004    0.4
-3.588642046575342    -14.1996    0.4
-3.991381784931506    -14.1996    0.4
-3.9913817849315043    14.2004    0.4
-4.231499999999999    14.2004    0.4
-4.239699999999999    14.0764    0.4
-4.239799999999999    14.075    0.4
-4.240599999999999    14.0641    0.4
-4.241099999999999    14.0592    0.4
-4.242499999999999    14.0449    0.4
-4.242699999999999    14.0428    0.4
-4.289899999999999    13.6084    0.4
-4.290099999999999    13.6063    0.4
-4.291399999999999    13.5954    0.4
-4.291999999999999    13.5912    0.4
-4.294199999999999    13.5756    0.4
-4.294499999999999    13.5731    0.4
-4.360899999999999    13.1419    0.4
-4.361299999999999    13.1394    0.4
-4.363099999999999    13.1286    0.4
-4.363699999999999    13.1254    0.4
-4.366399999999999    13.1107    0.4
-4.366899999999999    13.1079    0.4
-4.394121523287669    12.970765156267777    0.4
-4.394121523287671    -12.96996465249419    0.4
-4.451699900000001    -12.6799    0.4
-4.452299900000001    -12.6771999    0.4
-4.455599900000001    -12.6617    0.4
-4.456499900000001    -12.6574    0.4
-4.458999900000001    -12.6468    0.4
-4.459499900000001    -12.6451    0.4
-4.563499900000001    -12.2211    0.4
-4.564099900000001    -12.2186    0.4
-4.5678999000000005    -12.2039    0.4
-4.568599900000001    -12.2012    0.4
-4.571499900000001    -12.1906    0.4
-4.572399900000001    -12.1873    0.4
-4.6947999000000005    -11.7681    0.4
-4.695899900000001    -11.7646    0.4
-4.700299900000001    -11.7505    0.4
-4.701099900000001    -11.748    0.4
-4.704499900000001    -11.7376    0.4
-4.705199900000001    -11.7355    0.4
-4.796861261643836    -11.465229984548001    0.4
-4.796861261643834    11.466030279405082    0.4
1111    1111    1111
11    1111    0.6